step,start,end,latency,execution
1,0,79461,79461,120272
2,40908,120830,79922,82279
3,81836,161449,79613,81483
4,122721,202366,79645,81825
5,163654,243163,79509,81962
6,204838,284263,79425,81991
7,245761,326150,80389,83483
8,287410,367684,80274,83563
9,329486,409062,79576,83816
10,371954,451522,79568,83209
11,412778,494337,81559,85232
12,455267,536764,81497,84953
13,497867,578646,80779,85539
14,541592,621112,79520,85043
15,584243,662967,78724,84311
16,626785,705432,78647,85057
17,669451,747513,78062,84579
18,712018,789884,77866,84814
19,754531,832810,78279,85379
20,797053,875176,78123,84730
21,839489,918224,78735,85558
22,882070,961135,79065,85383
23,924613,1003463,78850,84759
24,967116,1045506,78390,84543
25,1009688,1087674,77986,84655
26,1052246,1129840,77594,84616
27,1094767,1171810,77043,84394
28,1137262,1214807,77545,85468
29,1179803,1256331,76528,84017
30,1222332,1299192,76860,83851
31,1263365,1340635,77270,82096
32,1304054,1383515,79461,83969
33,1345214,1424786,79572,83810
34,1387785,1467082,79297,83160
35,1428720,1509767,81047,85128
36,1471234,1551267,80033,83993
37,1513756,1593465,79709,83073
38,1554702,1635691,80989,84696
39,1597244,1677760,80516,84487
40,1639733,1719606,79873,84265
41,1682221,1761277,79056,84270
42,1724857,1803382,78525,83027
43,1765864,1845490,79626,84566
44,1808418,1888417,79999,85414
45,1850976,1929774,78798,83873
46,1893538,1971917,78379,83083
47,1934566,2013997,79431,84534
48,1977088,2056492,79404,84959
49,2019623,2099313,79690,85284
50,2062156,2141838,79682,84994
51,2104694,2184876,80182,85536
52,2147261,2227714,80453,85295
53,2189790,2270119,80329,84894
54,2232350,2313093,80743,85473
55,2274920,2355125,80205,84464
56,2317422,2396522,79100,83859
57,2359917,2438905,78988,83389
58,2400994,2481842,80848,85437
59,2443562,2523943,80381,84502
60,2486034,2566150,80116,84870
61,2528767,2608557,79790,84830
62,2571260,2651600,80340,85534
63,2613822,2694445,80623,85304
64,2656352,2736786,80434,84787
65,2698867,2779721,80854,85436
66,2741440,2821866,80426,84624
67,2783989,2863071,79082,83716
68,2826532,2905163,78631,82961
69,2867472,2946440,78968,83789
70,2910016,2988805,78789,83279
71,2951002,3030871,79869,84553
72,2993563,3072917,79354,84515
73,3036102,3115143,79041,84691
74,3078638,3158151,79513,85465
75,3121165,3199181,78016,83619
76,3163787,3240726,76939,82354
77,3204652,3283779,79127,85347
78,3247017,3326464,79447,85154
79,3289556,3367721,78165,83802
80,3332136,3410116,77980,83296
81,3373092,3452991,79899,85364
82,3415627,3494426,78799,82104
83,3456329,3536751,80422,83170
84,3497269,3579778,82509,85563
85,3539879,3621847,81968,84552
86,3582434,3664754,82320,85405
87,3624984,3706363,81379,83408
88,3666832,3749010,82178,84203
89,3708461,3790587,82126,84040
90,3750956,3833415,82459,83719
91,3791920,3874945,83025,83919
92,3834342,3917209,82867,83174
93,3875315,3959907,84592,84817
94,3917506,4002305,84799,84939
95,3960118,4044280,84162,84422
96,4002636,4086798,84162,85007
97,4045197,4128856,83659,84531
98,4087742,4171763,84021,85351
99,4130257,4213170,82913,83847
100,4172731,4255574,82843,83277
101,4213676,4298099,84423,85014
102,4256237,4339655,83418,84002
103,4298715,4381842,83127,83198
104,4339798,4424842,85044,85493
105,4382363,4466049,83686,83694
106,4424880,4508893,84013,83945
107,4466056,4550085,84029,83951
108,4508845,4592413,83568,83428
109,4550013,4633778,83765,83738
110,4592418,4676409,83991,83926
111,4633789,4717869,84080,84056
112,4676414,4759898,83484,83199
113,4717658,4802306,84648,84952
114,4760274,4845142,84868,85295
115,4802805,4886582,83777,83902
116,4845297,4929361,84064,83999
117,4886591,4970746,84155,84131
118,4929367,5013615,84248,84184
119,4970755,5055319,84564,84485
120,5013571,5097540,83969,83628
121,5055053,5139895,84842,84871
122,5097643,5182469,84826,85065
123,5140205,5223720,83515,83683
124,5182665,5266116,83451,83352
125,5223713,5308509,84796,84921
126,5266312,5351192,84880,85221
127,5308922,5392470,83548,83684
128,5351354,5434425,83071,83005
129,5392480,5475976,83496,84073
130,5435031,5518967,83936,83978
131,5476091,5561718,85627,85449
132,5518864,5603189,84325,84301
133,5561723,5645461,83738,83508
134,5603033,5688379,85346,85422
135,5645610,5729700,84090,84064
136,5688385,5772550,84165,84101
137,5729711,5813857,84146,84122
138,5772556,5856124,83568,83470
139,5813835,5897451,83616,83818
140,5856354,5940230,83876,83794
141,5897461,5981424,83963,83934
142,5940228,6023815,83587,83525
143,5981433,6065008,83575,83552
144,6023820,6107506,83686,83621
145,6065017,6151304,86287,86282
146,6107576,6193919,86343,85181
147,6150218,6235635,85417,84419
148,6192957,6277592,84635,83084
149,6234159,6319943,85784,85028
150,6276910,6363886,86976,86616
151,6319657,6406258,86601,84882
152,6362241,6448933,86692,85284
153,6404926,6490445,85519,84238
154,6447683,6533248,85565,83999
155,6488963,6574670,85707,84167
156,6531738,6616560,84822,83033
157,6572955,6658211,85256,84310
158,6615649,6700884,85235,83840
159,6656892,6742416,85524,84162
160,6699553,6784554,85001,83254
161,6740745,6827590,86845,85722
162,6783506,6872478,88972,87449
163,6826239,6913928,87689,83893
164,6868755,6955895,87140,83003
165,6909863,6997219,87356,84175
166,6952743,7040217,87474,83979
167,6993803,7081479,87676,83961
168,7036529,7123901,87372,83492
169,7077669,7167840,90171,86639
170,7120440,7209891,89451,84737
171,7163198,7251251,88053,84058
172,7205925,7293275,87350,83060
173,7247034,7335610,88576,84999
174,7289770,7381538,91768,88661
175,7332576,7423932,91356,84983
176,7375236,7464852,89616,83674
177,7418063,7507235,89172,84942
178,7460679,7552218,91539,87541
179,7503318,7594269,90951,84642
180,7545983,7637646,91663,85913
181,7588591,7682679,94088,87638
182,7631271,7723543,92272,83482
183,7673946,7764878,90932,84084
184,7716727,7807237,90510,83505
185,7757945,7849225,91280,84695
186,7800723,7895207,94484,88583
187,7843399,7937878,94479,85182
188,7885981,7979481,93500,84229
189,7928666,8021170,92504,84441
190,7971457,8062659,91202,82404
191,8012431,8104245,91814,84184
192,8055070,8146260,91190,83137
193,8096264,8191353,95089,87731
194,8138952,8232631,93679,83917
195,8181633,8274696,93063,83115
196,8222754,8323743,100989,91564
197,8265321,8364749,99428,83425
198,8307793,8407495,99702,83723
199,8348847,8450269,101422,84815
200,8390973,8491484,100511,83891
201,8433707,8533575,99868,84702
202,8476366,8575530,99164,83081
203,8517575,8617916,100341,84959
204,8560233,8659769,99536,84367
205,8602819,8702254,99435,85154
206,8645559,8745196,99637,85492
207,8688195,8786374,98179,83842
208,8730917,8828411,97494,84651
209,8773579,8870840,97261,83712
210,8814933,8914748,99815,86559
211,8857656,8956113,98457,83878
212,8900226,8999255,99029,85766
213,8942917,9041696,98779,83421
214,8983981,9084713,100732,85629
215,9026669,9126770,100101,84578
216,9069248,9169879,100631,85897
217,9112076,9214991,102915,86019
218,9153068,9258404,105336,85969
219,9195708,9302226,106518,86409
220,9238379,9346126,107747,86551
221,9281115,9390604,109489,86972
222,9323695,9434494,110799,86462
223,9366350,9479448,113098,87448
224,9408927,9522868,113941,85945
225,9451511,9568863,117352,88612
226,9494177,9614814,120637,86930
227,9535251,9659268,124017,86953
228,9577797,9705244,127447,88408
229,9620283,9751070,130787,86936
230,9661468,9796242,134774,87677
231,9704027,9843119,139092,89582
232,9746779,9889678,142899,87517
233,9787810,9936603,148793,89537
234,9830506,9982444,151938,88441
235,9873191,10028632,155441,88728
236,9915791,10077787,161996,91621
237,9958339,10124803,166464,89782
238,10001165,10170572,169407,86724
239,10042167,10219813,177646,91696
240,10084681,10266741,182060,89665
241,10127449,10315988,188539,90235
242,10168493,10364892,196399,91131
243,10210803,10413127,202324,90911
244,10253538,10461984,208446,89877
245,10294644,10510538,215894,91247
246,10337421,10559506,222085,91501
247,10379995,10609147,229152,92134
248,10422549,10659335,236786,92879
249,10465306,10709357,244051,92531
250,10507874,10759623,251749,91494
251,10549186,10809011,259825,91955
252,10591790,10860726,268936,92732
253,10632880,10911032,278152,92736
254,10675528,10963062,287534,94477
255,10718046,11014145,296099,93791
256,10760810,11063834,303024,90767
257,10801968,11115125,313157,93812
258,10845373,11166968,321595,96091
259,11172057,11313715,141658,184199
260,11214673,11356424,141751,83749
261,11255758,11406973,151215,91489
262,11296751,11449167,152416,84762
263,11339404,11491584,152180,85063
264,11382105,11533703,151598,82987
265,11423053,11576376,153323,85351
266,11465809,11618914,153105,85034
267,11508386,11663679,155293,87487
268,11551184,11706190,155006,85176
269,11593931,11752208,158277,88741
270,11636731,11795096,158365,85509
271,11679454,11836365,156911,83803
272,11722042,11878759,156717,85133
273,11764861,11921648,156787,85358
274,11807386,11962798,155412,82138
275,11848433,12005260,156827,84941
276,11890978,12048147,157169,85628
277,11933775,12089166,155391,81922
278,11974728,12130705,155977,84181
279,12017443,12172853,155410,84648
280,12060000,12215155,155155,83248
281,12101024,12259845,158821,87245
282,12143657,12302127,158470,84834
283,12186292,12345117,158825,85721
284,12229100,12386454,157354,83860
285,12271684,12429462,157778,85749
286,12314518,12470771,156253,83909
287,12357154,12512851,155697,83269
288,12398409,12555490,157081,85159
289,12440984,12598117,157133,83687
290,12482122,12639581,157459,84009
291,12524728,12682473,157745,85586
292,12567474,12725006,157532,83209
293,12608210,12767679,159469,84072
294,12649687,12809713,160026,84717
295,12692450,12851244,158794,84150
296,12735123,12893359,158236,84841
297,12777927,12936311,158384,85675
298,12820707,12977677,156970,82419
299,12861820,13019869,158049,84779
300,12904482,13062694,158212,85445
301,12947158,13104189,157031,82565
302,12988280,13146393,158113,84890
303,13031043,13188476,157433,84581
304,13073597,13230598,157001,83254
305,13114809,13273845,159036,85751
306,13157381,13315882,158501,84619
307,13200045,13358237,158192,84794
308,13242552,13400388,157836,84556
309,13285024,13443310,158286,85506
310,13327687,13485291,157604,84654
311,13370439,13527344,156905,84684
312,13413147,13568836,155689,84022
313,13455737,13610990,155253,84825
314,13498477,13653022,154545,84593
315,13541093,13694206,153113,82393
316,13582355,13736385,154030,84647
317,13624895,13777649,152754,83858
318,13667521,13819678,152157,83053
319,13708616,13860884,152268,83798
320,13751244,13903451,152207,83617
321,13792370,13946163,153793,83474
322,13833280,13988553,155273,83592
323,13874560,14031450,156890,85613
324,13917353,14073963,156610,84990
325,13959910,14116882,156972,85439
326,14002507,14158952,156445,84717
327,14045235,14201138,155903,84690
328,14087815,14243385,155570,84818
329,14130467,14289594,159127,88671
330,14173032,14332449,159417,85435
331,14215692,14373692,158000,83706
332,14258208,14416105,157897,85115
333,14300984,14459082,158098,85601
334,14343666,14500214,156548,82319
335,14384911,14542616,157705,85037
336,14427614,14585279,157665,85189
337,14470196,14626636,156440,82476
338,14511369,14668759,157390,84759
339,14554084,14711687,157603,85421
340,14596635,14754410,157775,83945
341,14637938,14797147,159209,85479
342,14680757,14839396,158639,84751
343,14723340,14880494,157154,83736
344,14766031,14923044,157013,85026
345,14808575,14965667,157092,85349
346,14851357,15007120,155763,82491
347,14892454,15048753,156299,84327
348,14935234,15090458,155224,84328
349,14977892,15132400,154508,82861
350,15018880,15173677,154797,83967
351,15061606,15214761,153155,82239
352,15102821,15257210,154389,85066
353,15145493,15300153,154660,83933
354,15186551,15342994,156443,84549
355,15228340,15384370,156030,84086
356,15271116,15426769,155653,85145
357,15313936,15468702,154766,84457
358,15356516,15511076,154560,83498
359,15397734,15553119,155385,84594
360,15440361,15596064,155703,85645
361,15483141,15637418,154277,83848
362,15525686,15679651,153965,84850
363,15568374,15721900,153526,84859
364,15611054,15764529,153475,83623
365,15652128,15808828,156700,86942
366,15694825,15850639,155814,84458
367,15737545,15892120,154575,84007
368,15780103,15934305,154202,83314
369,15821306,15975528,154222,83907
370,15864022,16017608,153586,83025
371,15905044,16059752,154708,84716
372,15947660,16102198,154538,83456
373,15988750,16145046,156296,85510
374,16031489,16186429,154940,83866
375,16074031,16228410,154379,84551
376,16116678,16270581,153903,84719
377,16159282,16315795,156513,86581
378,16200702,16358227,157525,85002
379,16243351,16401190,157839,85575
380,16286019,16443346,157327,83165
381,16327110,16485483,158373,84742
382,16369791,16527766,157975,84998
383,16412585,16569778,157193,84601
384,16455252,16612105,156853,85075
385,16498082,16654149,156067,84643
386,16540760,16696258,155498,84804
387,16583536,16738669,155133,84881
388,16626083,16781338,155255,85300
389,16668795,16826661,157866,87979
390,16711505,16868675,157170,84641
391,16754212,16909936,155724,83799
392,16796782,16952148,155366,83243
393,16837886,16995030,157144,85543
394,16880603,17037439,156836,83555
395,16921831,17079413,157582,84784
396,16964718,17121648,156930,84714
397,17007298,17162765,155467,83873
398,17050108,17205172,155064,84918
399,17092691,17247897,155206,85442
400,17135464,17290371,154907,83372
401,17176441,17333554,157113,85780
402,17219092,17375655,156563,84736
403,17261825,17417810,155985,84889
404,17304616,17459778,155162,83143
405,17345873,17502156,156283,84897
406,17388469,17544288,155819,84899
407,17431316,17586360,155044,84640
408,17473959,17629413,155454,85731
409,17516719,17670576,153857,83667
410,17559274,17712864,153590,84930
411,17601989,17755200,153211,84816
412,17644525,17797407,152882,83262
413,17685661,17843949,158288,89154
414,17728350,17885486,157136,84256
415,17771128,17928192,157064,85430
416,17813925,17969838,155913,83991
417,17856309,18012718,156409,84173
418,17897655,18054180,156525,82145
419,17938378,18096049,157671,83393
420,17979972,18137492,157520,83919
421,18022481,18179063,156582,82696
422,18063670,18220705,157035,84182
423,18106240,18262711,156471,83081
424,18147376,18305283,157907,84899
425,18189758,18347269,157511,83009
426,18230856,18389199,158343,84357
427,18273366,18431382,158016,84659
428,18315924,18473908,157984,84912
429,18358403,18516657,158254,85355
430,18401086,18559144,158058,84995
431,18443673,18602063,158390,85369
432,18486191,18644269,158078,85132
433,18529199,18686301,157102,84462
434,18571706,18728491,156785,84880
435,18614477,18770739,156262,84752
436,18657061,18813626,156565,85430
437,18699684,18855732,156048,84618
438,18742248,18897862,155614,84880
439,18785070,18939199,154129,83888
440,18827653,18981666,154013,83295
441,18868571,19024670,156099,85613
442,18911237,19065762,154525,82004
443,18952210,19108009,155799,84877
444,18994916,19151027,156111,85698
445,19037656,19192216,154560,82431
446,19078951,19234589,155638,85113
447,19121768,19277236,155468,85288
448,19164466,19318722,154256,82500
449,19205539,19360759,155220,84822
450,19248393,19402995,154602,84730
451,19290943,19445100,154157,83289
452,19332203,19487544,155341,84912
453,19374751,19530343,155592,85531
454,19417561,19572853,155292,85093
455,19460225,19615679,155454,85445
456,19502921,19656893,153972,83934
457,19545700,19699092,153392,84948
458,19588512,19742084,153572,85643
459,19631219,19783069,151850,81921
460,19672204,19824860,152656,84126
461,19714602,19867778,153176,85372
462,19757112,19910682,153570,83903
463,19798191,19951916,153725,83747
464,19840757,19993361,152604,84147
465,19883525,20035394,151869,84606
466,19926153,20077562,151409,83168
467,19967255,20120403,153148,85424
468,20009905,20161673,151768,83941
469,20052634,20202917,150283,83861
470,20095314,20244976,149662,84795
471,20138103,20288151,150048,84183
472,20179163,20329632,150469,84178
473,20221935,20371884,149949,85197
474,20264936,20414734,149798,83741
475,20305913,20457904,151991,86076
476,20348871,20500290,151419,84853
477,20391448,20543119,151671,85422
478,20434096,20585368,151272,83168
479,20475171,20628289,153118,85590
480,20517991,20669463,151472,83837
481,20560711,20710993,150282,84015
482,20603246,20753754,150508,85883
483,20646419,20795049,148630,82091
484,20687248,20837659,150411,83617
485,20728347,20880193,151846,85221
486,20771090,20921681,150591,82492
487,20812153,20963687,151534,84644
488,20854853,21006135,151282,85119
489,20897579,21049029,151450,83895
490,20938650,21091323,152673,84879
491,20981301,21133454,152153,84627
492,21023862,21175699,151837,84856
493,21066553,21221934,155381,88754
494,21109148,21264981,155833,85765
495,21151947,21307258,155311,84854
496,21194601,21350010,155409,85501
497,21237430,21391200,153770,83708
498,21279995,21433325,153330,84661
499,21322613,21474569,151956,83920
500,21365320,21516763,151443,83097
501,21406297,21558701,152404,84552
502,21448967,21601126,152159,83335
503,21489959,21650003,160044,91588
504,21532748,21692746,159998,85245
505,21575317,21734378,159061,84345
506,21618081,21776399,158318,84616
507,21660756,21818667,157911,84821
508,21703367,21861434,158067,83932
509,21744613,21902927,158314,84103
510,21787277,21944974,157697,84638
511,21829962,21986241,156279,83742
512,21872470,22028626,156156,83652
513,21913817,22070753,156936,84614
514,21956360,22113000,156640,83333
515,21997527,22155119,157592,84608
516,22040091,22197286,157195,84808
517,22082812,22239700,156888,84916
518,22125391,22282630,157239,85592
519,22168134,22324724,156590,84714
520,22210831,22367413,156582,85321
521,22253544,22408697,155153,83922
522,22296242,22450242,154000,84019
523,22338790,22492846,154056,85262
524,22381503,22534424,152921,82518
525,22422503,22576844,154341,85213
526,22465366,22619618,154252,85281
527,22507929,22667683,159754,89122
528,22549062,22710230,161168,85084
529,22591681,22751040,159359,83661
530,22634587,22793261,158674,84793
531,22677230,22835355,158125,84498
532,22719693,22878257,158564,84082
533,22760953,22919598,158645,83971
534,22803637,22961955,158318,84945
535,22846306,23004144,157838,84895
536,22889069,23046292,157223,83398
537,22930400,23088443,158043,84675
538,22973002,23130691,157689,84937
539,23015772,23172734,156962,84512
540,23058317,23214597,156280,84559
541,23101091,23255673,154582,83681
542,23143743,23297694,153951,84584
543,23186378,23340574,154196,85625
544,23229193,23383305,154112,83835
545,23270379,23425457,155078,85043
546,23313323,23467784,154461,84804
547,23355879,23510692,154813,85798
548,23398826,23553251,154425,83538
549,23439886,23596162,156276,85625
550,23482677,23638471,155794,84797
551,23525244,23681404,156160,85703
552,23568091,23723634,155543,84834
553,23610775,23765803,155028,84848
554,23653520,23807980,154460,84730
555,23696154,23850116,153962,84677
556,23738767,23892952,154185,85844
557,23781856,23935296,153440,84865
558,23824428,23976578,152150,83979
559,23867194,24018796,151602,84831
560,23909864,24060842,150978,83095
561,23950993,24104712,153719,86501
562,23993701,24145980,152279,83874
563,24036378,24187525,151147,84170
564,24079068,24229691,150623,84833
565,24121791,24275577,153786,87008
566,24162990,24317912,154922,84837
567,24205581,24360665,155084,85657
568,24248562,24402959,154397,84766
569,24291112,24445177,154065,84994
570,24333941,24487497,153556,84913
571,24376613,24530376,153763,85481
572,24419273,24572822,153549,83555
573,24460463,24615696,155233,85533
574,24503199,24656889,153690,83955
575,24546021,24699081,153060,84769
576,24588681,24741531,152850,85369
577,24631657,24785509,153852,84923
578,24672686,24827651,154965,84909
579,24715536,24869692,154156,84490
580,24758060,24912671,154611,85631
581,24800793,24954813,154020,84642
582,24843347,24997341,153994,85163
583,24886060,25039488,153428,84773
584,24928744,25081396,152652,83031
585,24969947,25123691,153744,85054
586,25012771,25164578,151807,83552
587,25055502,25206115,150613,84467
588,25098494,25248200,149706,84612
589,25141067,25294843,153776,87625
590,25182126,25337401,155275,85062
591,25224709,25380307,155598,85567
592,25267469,25422870,155401,85067
593,25310048,25465690,155642,85485
594,25352788,25508161,155373,85104
595,25395504,25551097,155593,85519
596,25438170,25593238,155068,85147
597,25481257,25635327,154070,84592
598,25523837,25676297,152460,83714
599,25566640,25718529,151889,84725
600,25609197,25759901,150704,83957
601,25651815,25801007,149192,82185
602,25692955,25842338,149383,83762
603,25735410,25883408,147998,82078
604,25776490,25925669,149179,84696
605,25819007,25971672,152665,86955
606,25860028,26013962,153934,84172
607,25901992,26056226,154234,84882
608,25944688,26098124,153436,84373
609,25987241,26140391,153150,85152
610,26030203,26181392,151189,83507
611,26072775,26223875,151100,85323
612,26115685,26266889,151204,85530
613,26158258,26311713,153455,85913
614,26199446,26354161,154715,84969
615,26242046,26397026,154980,85502
616,26284761,26439238,154477,84828
617,26327479,26482422,154943,85896
618,26370245,26524602,154357,84800
619,26412944,26566790,153846,84604
620,26455430,26608951,153521,83282
621,26496632,26651699,155067,85203
622,26539161,26693228,154067,84703
623,26582394,26735322,152928,84590
624,26624966,26777605,152639,84872
625,26667613,26821791,154178,85249
626,26708752,26864708,155956,85606
627,26751520,26907111,155591,85032
628,26794226,26949276,155050,84764
629,26836904,26994229,157325,87660
630,26879688,27036385,156697,84609
631,26922223,27079469,157246,86098
632,26965314,27121831,156517,84849
633,27007881,27164634,156753,85496
634,27050651,27207209,156558,85203
635,27093361,27249883,156522,85255
636,27136019,27291342,155323,84080
637,27178784,27333440,154656,84754
638,27221619,27376187,154568,85438
639,27264369,27417724,153355,82513
640,27305403,27459692,154289,84811
641,27348318,27502060,153742,84862
642,27390868,27544144,153276,83265
643,27432130,27586503,154373,84821
644,27474669,27628616,153947,84709
645,27517347,27670808,153461,84840
646,27560073,27713513,153440,85351
647,27602800,27756037,153237,85212
648,27645552,27798322,152770,84908
649,27688256,27841514,153258,86165
650,27731306,27884227,152921,85235
651,27773916,27927343,153427,85694
652,27816572,27969352,152780,84541
653,27859182,28015652,156470,88969
654,27901903,28058227,156324,85186
655,27944588,28101094,156506,85480
656,27987257,28143229,155972,83232
657,28028435,28186103,157668,85560
658,28071197,28227552,156355,84448
659,28114255,28269709,155454,84628
660,28156813,28311749,154936,84669
661,28199500,28354074,154574,83307
662,28240567,28396294,155727,84928
663,28283356,28438438,155082,84627
664,28325915,28481249,155334,85464
665,28368649,28525535,156886,86936
666,28411353,28567741,156388,84943
667,28454169,28610766,156597,85921
668,28497122,28653218,156096,83575
669,28538333,28695687,157354,85598
670,28581541,28737336,155795,84150
671,28624100,28779460,155360,84757
672,28666797,28821698,154901,84838
673,28709455,28863674,154219,83139
674,28750682,28906145,155463,85106
675,28793398,28949003,155605,85524
676,28836142,28991402,155260,85052
677,28878877,29036242,157365,87579
678,28921678,29078501,156823,85173
679,28964671,29120793,156122,84756
680,29007191,29163689,156498,84020
681,29048396,29205807,157411,84604
682,29090958,29247046,156088,83895
683,29133674,29289201,155527,84751
684,29176339,29331070,154731,84567
685,29219083,29373535,154452,83400
686,29260083,29415670,155587,84702
687,29302728,29458088,155360,84917
688,29345305,29500750,155445,85104
689,29387828,29545166,157338,87354
690,29430819,29587312,156493,85060
691,29473812,29629407,155595,84844
692,29516621,29671844,155223,83456
693,29557720,29714554,156834,85216
694,29600304,29755826,155522,83848
695,29642940,29798032,155092,84773
696,29685575,29840198,154623,84692
697,29728157,29883299,155142,84089
698,29769211,29925653,156442,84862
699,29811798,29967689,155891,84601
700,29854439,30009788,155349,84761
701,29897182,30051799,154617,84484
702,29939732,30094235,154503,84997
703,29982375,30136467,154092,84732
704,30024951,30178349,153398,84489
705,30067638,30220476,152838,84673
706,30110252,30261669,151417,83855
707,30152971,30304136,151165,85109
708,30195685,30346876,151191,85252
709,30238257,30391245,152988,85569
710,30279511,30433605,154094,85064
711,30322288,30476483,154195,85553
712,30365033,30518733,153700,83538
713,30406402,30561643,155241,85642
714,30449212,30603919,154707,84837
715,30491853,30646193,154340,84875
716,30534519,30687316,152797,83782
717,30577242,30730254,153012,85406
718,30619776,30772746,152970,85101
719,30662446,30815607,153161,84012
720,30703673,30856862,153189,83915
721,30746391,30898828,152437,84433
722,30788927,30940239,151312,84099
723,30831648,30982209,150561,82870
724,30872617,31023476,150859,83884
725,30915268,31065379,150111,82849
726,30956285,31106770,150485,84007
727,30998934,31148771,149837,82930
728,31039927,31191482,151555,85358
729,31082618,31239217,156599,88546
730,31123507,31280366,156859,83780
731,31166195,31322803,156608,84813
732,31208645,31365822,157177,85655
733,31251337,31408029,156692,83302
734,31292509,31450975,158466,85547
735,31335193,31493157,157964,84802
736,31377888,31535388,157500,84755
737,31420493,31578144,157651,85378
738,31463216,31619489,156273,83887
739,31505817,31661651,155834,84950
740,31548682,31704011,155329,84613
741,31590991,31750866,159875,87957
742,31632170,31792113,159943,83761
743,31674743,31834268,159525,84811
744,31717474,31875356,157882,83609
745,31760030,31918204,158174,83988
746,31801252,31960025,158773,84294
747,31843759,32002852,159093,84648
748,31885647,32044216,158569,83923
749,31928243,32086300,158057,83172
750,31969403,32128495,159092,84732
751,32011997,32170719,158722,83251
752,32053101,32212911,159810,84686
753,32095676,32255662,159986,85381
754,32138384,32297149,158765,84271
755,32181228,32339317,158089,84714
756,32223851,32381293,157442,84576
757,32266510,32423679,157169,83351
758,32307535,32465725,158190,84619
759,32350190,32507876,157686,84644
760,32392751,32550700,157949,85294
761,32435302,32592176,156874,84070
762,32477950,32634638,156688,85002
763,32520570,32677228,156658,85220
764,32563258,32719647,156389,83436
765,32604356,32763320,158964,86371
766,32647132,32804938,157806,84161
767,32689732,32846933,157201,84751
768,32732555,32889303,156748,84851
769,32775091,32933143,158052,84779
770,32816106,32974505,158399,83902
771,32858696,33016577,157881,84725
772,32901423,33058717,157294,84669
773,32944008,33101022,157014,83441
774,32985221,33143666,158445,85150
775,33027808,33185375,157567,84296
776,33070450,33227601,157151,84878
777,33113181,33269667,156486,84534
778,33155706,33311716,156010,83240
779,33196979,33353779,156800,84543
780,33239537,33394784,155247,83733
781,33282323,33437213,154890,84925
782,33324887,33478202,153315,83730
783,33367663,33519700,152037,82436
784,33408665,33560785,152120,83723
785,33451336,33601926,150590,82145
786,33492412,33644019,151607,84741
787,33535114,33686281,151167,83118
788,33576027,33728603,152576,84690
789,33618476,33778219,159743,92245
790,33661181,33819677,158496,84119
791,33703903,33861699,157796,84761
792,33746717,33903775,157058,84374
793,33789074,33945929,156855,83397
794,33830368,33987454,157086,84078
795,33873078,34030360,157282,85442
796,33915765,34072707,156942,83260
797,33956759,34115734,158975,85602
798,33999411,34158114,158703,84916
799,34042017,34201030,159013,85649
800,34084828,34243081,158253,84683
801,34127540,34287338,159798,86832
802,34170193,34329543,159350,84991
803,34213060,34371750,158690,84758
804,34255686,34414598,158912,85522
805,34298441,34458944,160503,86850
806,34340989,34501127,160138,84791
807,34383696,34543170,159474,84623
808,34426333,34586115,159782,84035
809,34467504,34627387,159883,83846
810,34510131,34669653,159522,84926
811,34552863,34712641,159778,85616
812,34595547,34755193,159646,83693
813,34636769,34799158,162389,86632
814,34679513,34841605,162092,84941
815,34722088,34884123,162035,85219
816,34764866,34926435,161569,84779
817,34807402,34969194,161792,85387
818,34850107,35010954,160847,84415
819,34892822,35053802,160980,85322
820,34935373,35096829,161456,85706
821,34978109,35138128,160019,82380
822,35019244,35180339,161095,84698
823,35061807,35222586,160779,84927
824,35104542,35265607,161065,83925
825,35145514,35307942,162428,84791
826,35188036,35350061,162025,84627
827,35230611,35391983,161372,84442
828,35273202,35434588,161386,85123
829,35315788,35476989,161201,84917
830,35358380,35518678,160298,84354
831,35401103,35560707,159604,84588
832,35443730,35602803,159073,84693
833,35486384,35644068,157684,82476
834,35527648,35686306,158658,84893
835,35570380,35729038,158658,85396
836,35613102,35770361,157259,82419
837,35654258,35812559,158301,84873
838,35697012,35853884,156872,83854
839,35739574,35896032,156458,83193
840,35780704,35938449,157745,84704
841,35823046,35980856,157810,83557
842,35864272,36022526,158254,84195
843,35906858,36064515,157657,84682
844,35949625,36106750,157125,84752
845,35992194,36147840,155646,82309
846,36033466,36189319,155853,84016
847,36076066,36232205,156139,85346
848,36118582,36274761,156179,83456
849,36159562,36318550,158988,86301
850,36202153,36359874,157721,83857
851,36244746,36401994,157248,84842
852,36287544,36444128,156584,84768
853,36330236,36486187,155951,83189
854,36371465,36528480,157015,85068
855,36414320,36570524,156204,84499
856,36456851,36612833,155982,85069
857,36499691,36655024,155333,84637
858,36542213,36697063,154850,84648
859,36584902,36740032,155130,85529
860,36627541,36781227,153686,83809
861,36670214,36823743,153529,85109
862,36712875,36866701,153826,85527
863,36755502,36909448,153946,83845
864,36796677,36950932,154255,83942
865,36839192,36993447,154255,85260
866,36882006,37034350,152344,83474
867,36924610,37077023,152413,83678
868,36965690,37118192,152502,83761
869,37008316,37159794,151478,82855
870,37049639,37201860,152221,84587
871,37092216,37243233,151017,82400
872,37133296,37285264,151968,84664
873,37176009,37327248,151239,84446
874,37218556,37369639,151083,83496
875,37259741,37414623,154882,87453
876,37302289,37456916,154627,84907
877,37344984,37499684,154700,85393
878,37387676,37541064,153388,84076
879,37430431,37582220,151789,83700
880,37473036,37624720,151684,85066
881,37515657,37666333,150676,82517
882,37556618,37707859,151241,83919
883,37599080,37750818,151738,85447
884,37641623,37791964,150341,82148
885,37682697,37833331,150634,83958
886,37725349,37874296,148947,83496
887,37767914,37915635,147721,82261
888,37808895,37958078,149183,85000
889,37851508,38004663,153155,87592
890,37892591,38045886,153295,83805
891,37935239,38087381,152142,84200
892,37978009,38130113,152104,85360
893,38020693,38171449,150756,82356
894,38061765,38213890,152125,85037
895,38104435,38255825,151390,84700
896,38147257,38296885,149628,81996
897,38188255,38338395,150140,84267
898,38231075,38379177,148102,83343
899,38273667,38420721,147054,82521
900,38314704,38463655,148951,85447
901,38357273,38510530,153257,87885
902,38398359,38551689,153330,83636
903,38440895,38592759,151864,83693
904,38483582,38635181,151599,84992
905,38526208,38677412,151204,83409
906,38567498,38719609,152111,84826
907,38610196,38762503,152307,85501
908,38652860,38804745,151885,83301
909,38693999,38847029,153030,84973
910,38736742,38889410,152668,85055
911,38779493,38932122,152629,85111
912,38821947,38974611,152664,83613
913,38863151,39017521,154370,85401
914,38905710,39058618,152908,83780
915,38948451,39100927,152476,84777
916,38991002,39143164,152162,84860
917,39033682,39186340,152658,84090
918,39074664,39228335,153671,84714
919,39117464,39271453,153989,85725
920,39160149,39312580,152431,83802
921,39202883,39355002,152119,85043
922,39245573,39397150,151577,84751
923,39288237,39441346,153109,85442
924,39329561,39484010,154449,85140
925,39372125,39526168,154043,85093
926,39415127,39567305,152178,83620
927,39457667,39608885,151218,84302
928,39500452,39651691,151239,85387
929,39543090,39693854,150764,83221
930,39584200,39735297,151097,84130
931,39626957,39777970,151013,85128
932,39669466,39819314,149848,82368
933,39710548,39860451,149903,83872
934,39753343,39902908,149565,85151
935,39796092,39948752,152660,86819
936,39837143,39991080,153937,84878
937,39879775,40034157,154382,85481
938,39922244,40075316,153072,83849
939,39964992,40117530,152538,84692
940,40007535,40159598,152063,84709
941,40050232,40202966,152734,84304
942,40091243,40245069,153826,84751
943,40133972,40288312,154340,85861
944,40176660,40330365,153705,84612
945,40219301,40373338,154037,85629
946,40262026,40414647,152621,84061
947,40304850,40456948,152098,85021
948,40347645,40499128,151483,84487
949,40390008,40542749,152741,84817
950,40431282,40583940,152658,83693
951,40473843,40625677,151834,84235
952,40516403,40667151,150748,84083
953,40559085,40708763,149678,82480
954,40600073,40751828,151755,85679
955,40642743,40793095,150352,82168
956,40683714,40835313,151599,84798
957,40726367,40878148,151781,85336
958,40768925,40919490,150565,82391
959,40810033,40961515,151482,84614
960,40852683,41003907,151224,85042
961,40895390,41047670,152280,84765
962,40936468,41089211,152743,83982
963,40978969,41131129,152160,84434
964,41021561,41173579,152018,85096
965,41064265,41216537,152272,83942
966,41105328,41258582,153254,84669
967,41148034,41301933,153899,85842
968,41190602,41344036,153434,84866
969,41233447,41387179,153732,85692
970,41276075,41429490,153415,84787
971,41318633,41473655,155022,86846
972,41361392,41515655,154263,84681
973,41404156,41558999,154843,85958
974,41446840,41599837,152997,83405
975,41489465,41641364,151899,84160
976,41532161,41684084,151923,85158
977,41574655,41726251,151596,83146
978,41615686,41767585,151899,83818
979,41658238,41810474,152236,85420
980,41700824,41851789,150965,82253
981,41741820,41893713,151893,84615
982,41784596,41935174,150578,84155
983,41827325,41977049,149724,82997
984,41868506,42018535,150029,84113
985,41911167,42060400,149233,83010
986,41952396,42103016,150620,85221
987,41995058,42147686,152628,85840
988,42036305,42190358,154053,85271
989,42078985,42233230,154245,85583
990,42121764,42275344,153580,84755
991,42164485,42318600,154115,85700
992,42206999,42360474,153475,84550
993,42249757,42402974,153217,84939
994,42292272,42445076,152804,84774
995,42335024,42489370,154346,86900
996,42377707,42531410,153703,84646
997,42420395,42574595,154200,85718
998,42463028,42616651,153623,84529
999,42505583,42659601,154018,85564
1000,42548273,42701673,153400,85501
