step,start,end,latency,execution
1,0,80287,80287,121311
2,41097,121269,80172,81858
3,81998,163589,81591,83182
4,122933,205814,82881,85960
5,166725,248498,81773,85337
6,209446,290716,81270,85892
7,253201,332799,79598,85756
8,296942,375677,78735,86707
9,340857,417947,77090,86113
10,384784,460027,75243,84649
11,427438,502129,74691,84677
12,470100,545124,75024,85818
13,513007,587525,74518,86686
14,557376,629813,72437,85020
15,600193,671925,71732,84632
16,642798,714897,72099,85657
17,685568,757695,72127,85561
18,728416,798915,70499,83723
19,770954,840669,69715,82781
20,812057,881533,69476,83380
21,854610,924009,69399,83450
22,895661,964914,69253,83408
23,938202,1006791,68589,83177
24,979585,1049127,69542,84848
25,1022180,1090204,68024,84218
26,1065356,1131507,66151,82229
27,1106353,1173640,67287,84806
28,1149112,1215762,66650,84742
29,1191802,1257322,65520,82437
30,1232753,1299121,66368,84457
31,1275448,1340637,65189,82672
32,1316680,1381517,64837,83521
33,1359357,1423118,63761,82602
34,1400429,1464772,64343,84321
35,1443130,1506323,63193,82409
36,1484050,1548931,64881,85006
37,1526548,1590376,63828,84588
38,1569725,1631597,61872,82205
39,1610778,1672794,62016,83826
40,1653440,1713967,60527,82161
41,1694513,1761773,67260,90362
42,1737155,1802734,65579,83741
43,1779984,1844088,64104,82296
44,1821006,1892283,71277,91003
45,1863898,1934567,70669,84764
46,1906462,1976659,70197,84685
47,1949141,2018788,69647,84724
48,1991821,2061795,69974,85626
49,2034549,2105278,70729,86581
50,2077732,2147967,70235,85181
51,2120310,2189203,68893,83897
52,2163009,2231315,68306,83357
53,2204331,2273309,68978,84475
54,2246895,2314773,67878,83968
55,2289434,2356286,66852,82487
56,2330483,2398037,67554,84273
57,2373040,2439566,66526,82555
58,2414135,2480463,66328,83314
59,2456585,2521935,65350,82427
60,2497604,2567682,70078,87887
61,2539829,2608927,69098,84290
62,2582909,2650921,68012,83002
63,2624003,2692371,68368,84103
64,2666692,2733559,66867,82224
65,2707793,2779258,71465,88003
66,2750182,2820711,70529,84190
67,2792965,2862741,69776,83027
68,2834027,2904014,69987,83526
69,2876316,2946271,69955,83295
70,2917429,2989613,72184,85978
71,2960150,3032310,72160,85322
72,3002859,3074765,71906,85109
73,3045613,3116836,71223,85125
74,3088753,3159682,70929,85476
75,3131468,3200903,69435,83769
76,3174051,3242294,68243,82538
77,3215268,3289415,74147,89726
78,3257959,3330598,72639,83865
79,3300679,3372515,71836,83036
80,3341883,3413808,71925,84042
81,3384668,3455343,70675,82566
82,3425775,3498090,72315,85403
83,3468466,3539680,71214,82572
84,3509518,3583583,74065,86436
85,3552137,3626323,74186,85952
86,3595406,3667979,72573,82495
87,3636292,3710734,74442,84151
88,3677773,3752212,74439,84090
89,3720421,3793937,73516,82848
90,3761624,3835411,73787,84013
91,3804196,3876726,72530,82427
92,3845374,3926693,81319,93188
93,3888667,3969069,80402,84874
94,3931235,4012012,80777,85407
95,3973771,4054368,80597,84803
96,4016290,4097020,80730,85089
97,4058798,4138473,79675,84444
98,4101820,4180306,78486,82677
99,4142730,4221812,79082,83947
100,4185203,4264562,79359,83654
101,4226154,4306227,80073,82320
102,4266841,4348410,81569,83056
103,4307788,4390764,82976,84708
104,4350215,4432400,82185,84122
105,4392731,4474139,81408,82533
106,4433581,4516856,83275,84508
107,4475446,4558934,83488,84489
108,4517931,4601259,83328,84766
109,4560444,4643453,83009,85204
110,4603527,4686333,82806,85328
111,4646049,4727796,81747,83941
112,4688559,4770098,81539,83176
113,4729506,4812727,83221,85087
114,4772038,4854150,82112,83855
115,4814501,4896378,81877,83109
116,4855441,4941833,86392,87733
117,4897804,4983460,85656,84275
118,4940481,5025524,85043,83231
119,4981721,5067893,86172,84871
120,5024299,5110465,86166,85078
121,5066880,5152171,85291,84984
122,5110194,5194130,83936,83075
123,5151386,5236743,85357,85220
124,5194070,5279544,85474,85409
125,5236754,5321739,84985,84810
126,5279443,5362891,83448,83660
127,5321983,5404906,82923,83006
128,5363047,5446218,83171,83768
129,5405531,5488752,83221,83375
130,5446435,5531514,85079,85160
131,5488895,5573523,84628,84487
132,5531437,5615995,84558,84983
133,5574009,5657976,83967,84959
134,5617061,5700148,83087,84626
135,5659589,5742342,82753,84650
136,5702119,5784622,82503,84745
137,5744658,5831110,86452,89153
138,5787408,5871845,84437,83496
139,5830204,5914041,83837,83362
140,5871447,5964826,93379,93314
141,5914053,6006676,92623,84505
142,5956781,6049141,92360,85048
143,5999436,6091085,91649,84670
144,6042235,6133475,91240,85020
145,6084938,6175507,90569,84960
146,6127942,6217417,89475,84508
147,6170613,6258918,88305,84206
148,6213347,6301088,87741,83282
149,6254556,6343783,89227,85431
150,6297366,6385394,88028,84332
151,6340132,6427076,86944,82810
152,6381349,6468583,87234,84210
153,6424083,6510779,86696,83325
154,6465281,6554142,88861,85657
155,6507648,6598087,90439,86444
156,6550220,6640139,89919,84702
157,6592943,6682430,89487,84918
158,6635642,6723407,87765,83716
159,6678431,6764814,86383,84154
160,6721222,6806768,85546,83071
161,6762417,6853903,91486,89756
162,6805114,6895009,89895,83842
163,6847927,6936364,88437,82394
164,6889048,6977218,88170,83608
165,6931837,7018817,86980,82518
166,6972814,7060859,88045,83709
167,7014576,7106760,92184,88510
168,7057259,7149169,91910,85053
169,7099978,7191098,91120,84630
170,7142755,7233504,90749,85005
171,7185427,7274463,89036,83650
172,7228190,7315825,87635,84143
173,7271001,7357872,86871,83105
174,7312132,7401111,88979,85824
175,7354789,7447409,92620,88888
176,7397452,7495926,98474,91273
177,7440268,7537497,97229,84074
178,7482820,7579500,96680,83202
179,7524092,7622089,97997,85174
180,7566751,7663689,96938,84237
181,7609446,7705068,95622,84147
182,7652254,7747257,95003,83148
183,7693285,7788388,95103,83844
184,7736059,7829497,93438,83761
185,7778751,7871863,93112,83394
186,7819849,7913758,93909,84426
187,7862452,7954796,92344,83842
188,7905308,7996218,90910,84155
189,7948083,8037119,89036,82057
190,7989299,8078546,89247,84229
191,8032145,8120799,88654,83495
192,8073460,8168644,95184,90648
193,8116337,8209815,93478,83954
194,8159160,8252359,93199,83442
195,8200132,8294003,93871,84407
196,8242954,8335500,92546,84150
197,8285649,8377484,91835,83135
198,8326873,8420800,93927,85968
199,8369599,8466855,97256,88768
200,8412385,8516532,104147,92224
201,8454993,8558371,103378,84473
202,8497671,8601217,103546,83983
203,8538909,8644031,105122,85381
204,8581562,8685400,103838,83922
205,8624175,8727516,103341,84609
206,8666716,8770017,103301,83564
207,8707864,8812894,105030,85365
208,8750437,8855394,104957,85137
209,8793160,8897759,104599,85137
210,8836018,8939274,103256,84161
211,8878725,8980152,101427,83368
212,8921266,9021947,100681,83077
213,8962590,9064713,102123,83751
214,9003651,9106613,102962,84509
215,9046332,9150076,103744,85940
216,9088892,9192944,104052,85502
217,9131586,9236554,104968,86187
218,9174207,9280350,106143,84802
219,9215299,9322731,107432,84958
220,9257937,9367684,109747,87503
221,9300546,9412800,112254,86134
222,9341648,9457729,116081,87513
223,9384318,9502238,117920,86983
224,9426877,9546390,119513,86758
225,9469568,9592214,122646,88525
226,9512355,9637723,125368,87993
227,9554911,9683096,128185,87829
228,9597441,9726492,129051,86048
229,9640150,9773031,132881,89169
230,9682859,9818697,135838,86871
231,9724122,9864811,140689,88777
232,9766853,9911955,145102,89763
233,9809522,9958118,148596,87196
234,9850621,10004837,154216,89304
235,9893276,10051035,157759,87630
236,9934777,10099337,164560,90005
237,9976549,10147148,170599,90320
238,10019115,10192832,173717,86562
239,10060049,10240468,180419,89535
240,10102013,10289742,187729,92063
241,10144875,10337219,192344,90089
242,10187523,10386497,198974,90523
243,10228838,10435448,206610,91618
244,10271615,10483399,211784,90556
245,10314280,10531407,217127,89018
246,10355344,10581492,226148,92520
247,10397837,10631544,233707,92789
248,10440647,10681350,240703,92504
249,10483403,10729498,246095,89219
250,10524531,10780479,255948,93199
251,10566832,10829090,262258,91228
252,10609526,10883555,274029,97151
253,10652315,10932717,280402,91627
254,10694835,10983525,288690,91908
255,10736019,11034666,298647,93863
256,10778822,11085738,306916,93553
257,10821715,11136699,314984,92818
258,11141707,11284684,142977,185578
259,11184359,11326291,141932,84410
260,11227194,11368013,140819,82654
261,11268181,11409665,141484,84198
262,11310777,11458199,147422,89538
263,11351837,11499006,147169,83509
264,11394573,11540716,146143,82695
265,11435610,11582451,146841,83463
266,11477388,11624751,147363,83439
267,11518598,11666800,148202,84687
268,11561283,11722591,161308,96916
269,11602486,11763849,161363,83940
270,11645230,11806152,160922,84804
271,11687799,11849020,161221,85606
272,11730596,11890559,159963,82514
273,11771615,11932593,160978,84498
274,11814149,11975165,161016,85062
275,11856713,12016778,160065,84234
276,11899395,12059043,159648,84865
277,11942071,12101246,159175,84825
278,11984764,12143981,159217,83965
279,12026071,12186608,160537,85260
280,12068787,12229372,160585,85416
281,12111516,12270809,159293,83993
282,12154133,12312675,158542,84558
283,12196895,12354108,157213,83958
284,12239457,12396076,156619,83213
285,12280752,12438662,157910,83251
286,12321475,12481426,159951,83823
287,12362612,12524249,161637,85310
288,12405168,12565771,160603,84206
289,12447905,12607875,159970,84749
290,12490619,12649108,158489,83887
291,12533304,12690756,157452,82660
292,12574391,12732382,157991,83974
293,12616783,12774631,157848,83357
294,12657969,12817529,159560,85587
295,12700717,12858755,158038,82375
296,12741924,12899870,157946,83717
297,12784600,12942355,157755,85035
298,12827205,12985214,158009,83814
299,12868224,13026477,158253,82971
300,12909992,13068597,158605,84731
301,12952677,13111354,158677,85413
302,12995392,13152901,157509,82537
303,13036437,13194835,158398,84552
304,13079135,13236298,157163,83962
305,13121668,13278263,156595,82997
306,13162777,13319529,156752,83802
307,13205344,13360900,155556,82436
308,13246490,13403656,157166,85225
309,13289013,13444897,155884,82291
310,13330117,13487353,157236,84587
311,13372329,13530140,157811,85509
312,13415106,13571660,156554,82348
313,13455987,13613487,157500,84534
314,13498771,13654905,156134,83918
315,13541306,13696830,155524,82899
316,13582367,13738269,155902,83929
317,13624888,13780302,155414,83115
318,13666060,13821702,155642,84136
319,13708827,13863900,155073,83313
320,13750021,13906135,156114,84898
321,13792775,13947066,154291,81980
322,13833909,13988435,154526,84006
323,13876609,14030615,154006,84859
324,13919345,14072780,153435,83118
325,13960372,14115423,155051,85464
326,14003275,14156742,153467,83994
327,14046005,14198300,152295,84106
328,14088622,14240888,152266,85156
329,14131245,14283361,152116,83412
330,14172252,14324530,152278,83614
331,14214750,14366774,152024,84696
332,14257270,14409564,152294,85292
333,14299830,14452081,152251,83534
334,14340929,14497843,156914,88278
335,14383524,14539238,155714,84042
336,14426230,14581307,155077,84799
337,14469027,14624264,155237,85590
338,14511718,14665715,153997,82598
339,14552919,14707806,154887,84765
340,14595687,14750031,154344,84680
341,14638198,14792866,154668,84030
342,14679474,14834199,154725,83808
343,14722001,14876553,154552,85088
344,14764808,14918825,154017,84857
345,14807450,14959626,152176,81993
346,14848700,15001728,153028,84702
347,14891362,15042850,151488,83813
348,14934085,15084474,150389,82533
349,14975052,15127261,152209,85053
350,15017375,15168485,151110,82272
351,15058476,15210561,152085,84675
352,15101149,15252020,150871,84085
353,15143811,15294272,150461,83450
354,15185064,15337100,152036,83693
355,15225994,15378321,152327,82886
356,15267719,15420847,153128,85114
357,15310383,15461706,151323,83441
358,15353002,15503159,150157,82730
359,15394342,15544007,149665,83325
360,15436854,15585513,148659,82603
361,15478014,15627512,149498,84459
362,15520531,15672760,152229,86254
363,15561614,15714852,153238,84589
364,15604194,15763666,159472,91415
365,15646873,15804949,158076,83796
366,15689442,15847141,157699,84881
367,15732220,15889374,157154,84743
368,15774787,15930344,155557,82045
369,15815916,15972857,156941,85175
370,15858653,16015681,157028,85460
371,15901345,16058636,157291,84003
372,15942473,16100017,157544,84055
373,15985200,16142330,157130,85088
374,16028055,16185329,157274,85482
375,16070595,16227652,157057,83430
376,16111784,16269704,157920,84496
377,16154305,16311919,157614,84976
378,16197148,16354062,156914,84648
379,16239730,16396142,156412,84768
380,16282501,16438270,155769,84770
381,16325221,16480692,155471,85100
382,16367970,16524280,156310,86247
383,16410708,16565696,154988,84090
384,16453442,16606934,153492,83985
385,16496256,16649081,152825,84684
386,16538849,16691828,152979,83619
387,16579786,16733270,153484,83970
388,16622373,16775356,152983,84719
389,16665074,16816694,151620,83817
390,16707609,16858583,150974,82948
391,16748737,16899948,151211,83905
392,16791305,16941473,150168,82622
393,16832463,16983398,150935,84454
394,16875048,17029190,154142,86633
395,16915963,17070702,154739,83764
396,16958274,17112545,154271,84509
397,17001010,17155107,154097,85185
398,17043691,17197719,154028,83803
399,17084959,17238960,154001,83793
400,17127568,17280136,152568,83771
401,17170227,17321554,151327,84180
402,17213021,17363638,150617,82930
403,17253934,17406174,152240,85071
404,17296525,17449006,152481,83711
405,17337473,17490979,153506,84662
406,17380244,17536032,155788,87518
407,17422786,17577128,154342,83795
408,17465545,17618784,153239,84167
409,17508120,17660845,152725,84602
410,17550719,17703018,152299,83185
411,17591808,17745326,153518,84833
412,17634415,17792876,158461,90176
413,17677119,17834274,157155,84151
414,17719932,17876306,156374,84806
415,17762770,17917574,154804,83778
416,17805313,17959413,154100,82871
417,17846425,18000839,154414,83798
418,17888830,18042978,154148,83130
419,17929894,18084366,154472,83908
420,17972466,18126288,153822,83100
421,18013714,18167521,153807,83859
422,18056370,18209622,153252,83365
423,18097696,18251004,153308,83955
424,18140303,18293732,153429,83649
425,18181295,18335162,153867,83840
426,18223741,18377291,153550,83225
427,18264901,18419675,154774,84892
428,18307465,18462690,155225,84106
429,18348635,18504987,156352,84822
430,18391238,18548045,156807,85576
431,18433833,18590141,156308,84744
432,18476562,18632403,155841,84952
433,18519330,18674595,155265,84975
434,18562196,18716638,154442,84567
435,18604798,18758867,154069,84883
436,18647530,18806103,158573,89702
437,18690073,18848279,158206,84903
438,18732883,18891005,158122,85322
439,18775557,18933416,157859,85075
440,18818304,18975468,157164,84834
441,18861162,19017822,156660,84851
442,18903748,19060596,156848,85603
443,18946655,19101933,155278,83859
444,18989236,19144017,154781,84648
445,19031869,19186489,154620,85045
446,19074499,19229293,154794,83940
447,19115738,19270882,155144,84205
448,19158418,19313509,155091,85179
449,19201025,19354878,153853,82234
450,19241932,19396872,154940,83502
451,19283507,19438309,154802,84094
452,19326199,19480233,154034,83070
453,19367410,19521622,154212,84049
454,19410106,19563394,153288,82758
455,19451180,19604938,153758,84315
456,19493980,19646867,152887,83143
457,19535260,19689451,154191,85187
458,19577920,19732386,154466,84153
459,19619217,19774537,155320,84845
460,19661993,19819744,157751,87654
461,19704530,19861750,157220,84847
462,19747453,19903807,156354,84571
463,19790031,19946092,156061,85036
464,19832857,19988438,155581,84815
465,19875394,20030381,154987,84871
466,19918398,20072818,154420,84615
467,19960645,20114627,153982,84592
468,20003494,20155977,152483,84427
469,20046634,20198093,151459,84633
470,20089206,20240854,151648,83686
471,20130201,20282245,152044,83221
472,20172090,20323753,151663,84175
473,20214819,20364714,149895,83537
474,20257429,20406868,149439,83160
475,20298547,20448010,149463,83881
476,20341321,20489645,148324,82771
477,20382541,20531246,148705,84355
478,20425330,20573035,147705,82834
479,20466513,20614626,148113,84255
480,20509235,20656348,147113,82558
481,20550155,20697855,147700,83978
482,20592672,20739561,146889,82579
483,20633614,20780329,146715,83467
484,20676347,20821843,145496,82450
485,20717341,20862553,145212,83139
486,20759802,20903959,144157,82411
487,20800865,20944875,144010,83405
488,20843385,20986432,143047,82460
489,20884339,21029471,145132,84970
490,20926314,21079129,152815,90503
491,20967238,21120612,153374,84068
492,21009882,21162663,152781,84701
493,21052599,21204882,152283,85115
494,21095551,21246937,151386,82913
495,21136483,21288113,151630,83980
496,21179346,21330165,150819,84520
497,21221877,21371377,149500,83837
498,21264550,21413321,148771,82870
499,21305543,21454745,149202,83818
500,21347971,21495979,148008,82250
501,21389045,21538347,149302,84959
502,21431692,21582365,150673,84851
503,21472567,21624367,151800,83938
504,21514600,21666418,151818,84534
505,21557142,21707821,150679,82715
506,21598512,21749127,150615,83912
507,21641179,21791890,150711,85312
508,21683784,21836268,152484,85432
509,21724890,21879253,154363,85357
510,21767315,21920609,153294,82241
511,21808241,21962889,154648,83915
512,21849951,22005141,155190,84965
513,21892723,22046000,153277,81873
514,21933797,22088016,154219,84694
515,21976537,22129189,152652,83620
516,22019016,22170686,151670,82412
517,22059997,22213603,153606,85627
518,22102764,22256126,153362,83362
519,22143680,22298208,154528,84701
520,22186381,22343885,157504,88594
521,22229375,22385310,155935,84010
522,22272028,22427265,155237,84632
523,22314775,22468681,153906,83963
524,22357370,22510452,153082,82908
525,22398594,22551851,153257,84024
526,22441255,22593597,152342,82941
527,22482561,22635196,152635,84217
528,22525212,22677286,152074,83350
529,22566560,22718554,151994,83903
530,22609227,22760582,151355,83045
531,22650302,22802882,152580,84801
532,22692858,22846953,154095,84971
533,22733826,22888291,154465,83155
534,22775701,22930145,154444,84522
535,22818436,22971621,153185,84005
536,22861014,23013415,152401,82867
537,22902167,23054811,152644,84117
538,22944922,23096737,151815,83054
539,22986119,23138270,152151,84078
540,23028699,23180260,151561,82966
541,23069750,23222772,153022,85460
542,23112756,23265725,152969,83888
543,23153763,23307840,154077,84994
544,23196723,23353691,156968,88395
545,23239343,23394866,155523,83866
546,23282091,23436376,154285,84139
547,23324780,23478492,153712,84773
548,23367491,23520678,153187,83115
549,23408526,23562807,154281,84430
550,23450909,23606807,155898,86591
551,23493579,23647941,154362,83801
552,23536305,23690435,154130,85359
553,23579239,23733152,153913,85236
554,23621812,23774571,152759,82350
555,23662800,23815629,152829,83557
556,23705328,23857762,152434,82948
557,23746207,23898868,152661,82442
558,23787577,23940418,152841,82538
559,23828629,23981254,152625,83357
560,23871182,24022740,151558,82420
561,23912175,24065673,153498,85199
562,23954494,24108424,153930,83562
563,23995376,24150027,154651,83381
564,24037220,24192103,154883,85018
565,24080235,24234130,153895,84455
566,24122719,24276222,153503,83249
567,24163954,24317449,153495,83700
568,24206485,24359422,152937,84584
569,24249165,24400818,151653,84106
570,24291924,24442765,150841,83199
571,24333245,24484204,150959,84058
572,24375899,24526278,150379,83233
573,24417120,24568772,151652,85111
574,24459808,24613561,153753,85931
575,24501028,24654774,153746,83820
576,24543695,24696973,153278,84927
577,24586516,24739180,152664,85163
578,24629529,24781291,151762,83045
579,24670559,24823542,152983,84829
580,24713218,24869544,156326,88518
581,24755809,24912243,156434,85296
582,24798477,24953833,155356,84258
583,24841203,24996221,155018,84853
584,24883741,25038869,155128,84414
585,24925566,25080124,154558,82725
586,24967095,25122424,155329,84901
587,25009766,25163627,153861,83864
588,25052462,25204994,152532,82407
589,25093566,25245953,152387,83452
590,25136082,25287462,151380,82528
591,25177177,25328270,151093,83294
592,25219700,25369763,150063,82556
593,25260821,25410567,149746,83295
594,25303346,25452036,148690,82514
595,25344447,25492754,148307,82967
596,25386732,25534300,147568,82535
597,25427778,25576532,148754,84452
598,25470055,25623503,153448,87990
599,25511149,25664595,153446,83266
600,25553381,25706072,152691,84236
601,25596205,25748707,152502,85110
602,25638726,25790869,152143,83118
603,25679748,25833271,153523,84864
604,25722291,25879046,156755,88505
605,25765098,25920525,155427,84184
606,25807861,25962650,154789,84652
607,25850463,26005677,155214,85654
608,25893143,26046904,153761,82256
609,25934218,26088389,154171,83591
610,25976408,26131146,154738,85493
611,26019200,26173413,154213,83288
612,26060297,26215520,155223,84445
613,26102712,26257791,155079,84878
614,26145401,26299919,154518,84669
615,26188021,26342074,154053,84860
616,26230808,26387087,156279,87505
617,26273378,26428257,154879,83864
618,26316131,26470693,154562,85027
619,26358791,26511492,152701,83398
620,26401425,26552883,151458,82441
621,26442564,26595199,152635,84961
622,26485265,26637407,152142,83111
623,26526249,26678282,152033,82800
624,26568233,26720310,152077,84522
625,26610792,26761676,150884,83874
626,26653335,26804066,150731,83459
627,26694473,26844950,150477,83438
628,26737063,26886394,149331,82553
629,26778235,26927331,149096,83518
630,26820849,26969600,148751,83210
631,26861858,27010850,148992,83764
632,26904405,27053070,148665,83248
633,26945512,27093876,148364,83305
634,26988074,27135310,147236,82525
635,27029231,27177444,148213,84641
636,27071795,27222654,150859,86173
637,27112912,27264869,151957,84683
638,27155533,27308562,153029,86301
639,27198219,27351002,152783,84967
640,27240828,27398817,157989,90378
641,27283469,27440224,156755,84057
642,27326179,27482205,156026,84610
643,27368878,27524535,155657,85191
644,27411797,27566581,154784,83167
645,27452996,27608618,155622,84717
646,27495758,27650610,154852,84461
647,27538305,27692067,153762,84126
648,27581033,27733303,152270,83836
649,27623696,27776031,152335,85350
650,27666388,27817363,150975,82357
651,27707467,27858710,151243,83737
652,27749888,27900645,150757,82735
653,27790730,27942087,151357,82995
654,27832317,27984295,151978,83130
655,27873303,28025358,152055,83299
656,27915574,28066552,150978,82211
657,27956662,28108840,152178,84861
658,27999290,28151573,152283,83572
659,28040194,28193048,152854,83370
660,28082148,28235371,153223,84939
661,28124834,28277343,152509,84612
662,28167533,28319376,151843,83162
663,28208741,28360548,151807,83783
664,28251412,28401999,150587,84151
665,28294172,28442944,148772,83428
666,28336688,28484223,147535,82227
667,28377697,28525519,147822,83606
668,28420043,28567242,147199,82706
669,28461089,28608776,147687,84207
670,28503796,28649874,146078,82131
671,28544903,28690992,146089,83753
672,28587570,28732358,144788,82391
673,28628671,28773537,144866,83856
674,28671381,28816617,145236,84112
675,28712485,28857652,145167,83745
676,28755229,28899917,144688,83231
677,28796257,28941118,144861,83630
678,28838720,28982418,143698,82444
679,28879925,29023475,143550,83696
680,28922599,29064498,141899,82140
681,28963776,29106749,142973,84907
682,29006477,29160413,153936,94687
683,29047577,29201751,154174,83830
684,29090140,29243942,153802,84815
685,29132828,29286398,153570,85113
686,29175543,29329202,153659,83855
687,29216669,29371644,154975,84532
688,29258841,29416522,157681,87490
689,29301532,29457823,156291,84087
690,29344390,29499713,155323,84362
691,29386931,29541092,154161,84175
692,29429763,29582906,153143,82679
693,29470702,29624146,153444,84050
694,29513547,29666548,153001,83415
695,29554629,29707701,153072,83785
696,29597296,29749685,152389,82832
697,29638210,29790875,152665,83890
698,29680942,29832300,151358,82337
699,29721914,29875247,153333,85591
700,29764613,29916574,151961,82244
701,29805582,29958877,153295,84982
702,29848314,30000923,152609,82787
703,29889113,30043174,154061,83494
704,29930438,30085333,154895,84675
705,29973030,30127429,154399,84789
706,30015805,30169607,153802,84815
707,30058550,30212410,153860,85386
708,30101214,30253695,152481,84109
709,30144085,30294918,150833,83742
710,30186679,30337382,150703,85367
711,30229639,30379487,149848,82898
712,30270513,30426177,155664,88881
713,30312781,30467516,154735,83840
714,30355351,30509532,154181,84715
715,30398135,30552018,153883,85109
716,30440814,30594749,153935,83870
717,30482030,30636076,154046,84014
718,30524776,30677231,152455,83831
719,30567513,30719481,151968,84894
720,30610214,30762543,152329,84190
721,30651406,30804673,153267,84677
722,30694037,30846779,152742,84637
723,30736634,30889397,152763,85498
724,30779568,30932122,152554,83394
725,30820312,30973371,153059,83117
726,30862237,31015277,153040,84350
727,30904752,31056656,151904,84071
728,30947478,31097741,150263,82106
729,30988557,31139016,150459,83852
730,31031167,31181235,150068,83078
731,31072082,31224085,152003,84767
732,31114054,31265608,151554,82334
733,31154915,31307946,153031,85048
734,31197696,31348781,151085,83462
735,31240357,31389988,149631,82329
736,31281540,31432129,150589,84723
737,31324166,31473328,149162,82342
738,31365343,31515546,150203,83199
739,31406408,31557740,151332,84809
740,31449081,31601542,152461,84779
741,31490137,31642858,152721,83941
742,31532821,31684333,151512,84129
743,31575539,31725124,149585,83501
744,31618284,31766602,148318,82457
745,31659325,31808710,149385,84823
746,31702095,31854000,151905,86102
747,31742983,31896715,153732,85417
748,31785768,31939908,154140,86024
749,31828677,31981289,152612,83880
750,31871235,32023554,152319,84950
751,31913991,32065585,151594,84678
752,31956710,32109518,152808,85074
753,31997920,32151793,153873,84862
754,32040589,32194789,154200,85608
755,32083270,32237234,153964,85098
756,32126006,32280270,154264,85778
757,32168818,32322414,153596,84783
758,32211538,32365620,154082,85727
759,32254131,32407542,153411,84538
760,32296829,32450603,153774,85557
761,32339392,32492142,152750,84224
762,32382135,32533279,151144,83808
763,32424867,32574477,149610,83816
764,32467519,32616321,148802,82842
765,32508574,32657739,149165,83979
766,32551165,32698875,147710,81948
767,32592039,32741819,149780,85207
768,32634358,32785016,150658,84101
769,32675315,32826558,151243,84121
770,32717963,32869203,151240,85341
771,32760730,32910700,149970,82660
772,32801970,32952932,150962,84927
773,32844718,32993812,149094,81836
774,32885714,33035188,149474,82912
775,32927313,33078149,150836,85386
776,32969796,33121669,151873,84435
777,33010788,33163605,152817,84484
778,33053420,33207414,153994,86512
779,33096197,33249823,153626,84883
780,33138751,33292844,154093,85699
781,33181502,33335109,153607,84877
782,33224196,33378213,154017,85895
783,33267066,33420574,153508,85026
784,33309813,33464608,154795,86769
785,33352633,33507403,154770,85684
786,33395604,33548896,153292,83956
787,33438121,33590393,152272,84201
788,33480897,33633017,152120,85177
789,33523506,33674510,151004,82559
790,33564631,33716488,151857,84596
791,33607341,33757868,150527,83876
792,33649875,33799783,149908,82814
793,33690836,33842159,151323,84734
794,33733253,33886118,152865,84917
795,33774366,33928979,154613,85464
796,33817129,33971543,154414,85199
797,33859833,34012583,152750,83752
798,33902606,34054567,151961,84642
799,33945338,34095708,150370,83668
800,33987899,34137233,149334,82595
801,34029033,34180023,150990,85292
802,34071590,34223398,151808,84433
803,34112706,34265482,152776,84627
804,34155301,34306624,151323,81964
805,34196162,34348749,152587,83483
806,34237595,34390008,152413,84059
807,34280426,34432203,151777,83029
808,34321340,34474913,153573,85299
809,34363986,34516489,152503,82528
810,34404997,34558369,153372,84649
811,34447834,34599782,151948,84005
812,34490460,34641268,150808,82466
813,34531499,34683526,152027,84803
814,34574100,34726157,152057,83513
815,34615049,34768194,153145,84059
816,34657152,34809482,152330,84020
817,34699939,34850758,150819,83883
818,34742612,34892824,150212,84793
819,34785396,34935157,149761,83321
820,34826481,34980965,154484,88529
821,34869279,35022361,153082,84367
822,34912308,35064582,152274,84695
823,34954853,35106709,151856,84697
824,34997482,35149659,152177,83851
825,35038460,35191085,152625,84032
826,35081126,35233232,152106,84777
827,35123820,35274486,150666,83743
828,35166339,35316465,150126,83030
829,35207452,35358832,151380,84764
830,35249907,35402225,152318,84254
831,35290842,35444635,153793,84753
832,35333268,35487311,154043,85290
833,35375949,35530127,154178,85507
834,35418723,35571324,152601,84154
835,35461733,35613555,151822,84748
836,35504322,35655960,151638,84943
837,35546916,35698070,151154,82944
838,35587834,35741833,153999,86429
839,35630576,35784241,153665,84909
840,35673158,35827260,154102,85652
841,35715868,35869550,153682,84884
842,35758615,35912557,153942,85609
843,35801294,35954781,153487,85099
844,35844251,35998722,154471,86388
845,35886776,36039915,153139,84084
846,35929727,36081204,151477,83851
847,35972349,36124000,151651,85289
848,36014898,36165424,150526,82355
849,36055878,36207018,151140,84203
850,36098582,36249629,151047,85215
851,36141242,36291175,149933,82608
852,36182363,36333141,150778,84653
853,36225120,36374811,149691,84272
854,36267758,36417235,149477,83561
855,36308973,36458694,149721,84124
856,36351700,36501510,149810,85496
857,36394434,36542867,148433,82377
858,36435497,36584883,149386,83671
859,36477216,36626193,148977,84080
860,36520020,36667577,147557,82451
861,36561150,36709650,148500,84520
862,36603658,36756985,153327,88418
863,36644819,36799595,154776,85119
864,36687418,36840982,153564,84103
865,36730187,36882510,152323,84028
866,36772754,36925106,152352,85194
867,36815435,36967363,151928,83184
868,36856441,37010366,153925,85515
869,36899026,37051677,152651,83963
870,36941737,37093809,152072,84824
871,36984497,37136217,151720,85024
872,37027172,37180020,152848,84975
873,37068422,37221437,153015,83996
874,37111073,37263360,152287,84429
875,37153644,37305894,152250,85163
876,37196331,37348817,152486,83818
877,37237303,37390792,153489,84636
878,37280044,37434196,154152,85874
879,37322591,37476347,153756,84765
880,37365288,37519512,154224,85644
881,37407846,37561774,153928,84815
882,37450481,37604939,154458,85844
883,37493237,37647593,154356,85265
884,37535930,37688879,152949,83968
885,37578665,37730451,151786,84078
886,37621238,37772695,151457,84839
887,37663890,37815561,151671,83765
888,37704869,37859407,154538,86424
889,37747525,37901736,154211,84821
890,37790098,37944789,154691,85873
891,37832984,37987233,154249,85067
892,37875689,38030232,154543,85677
893,37918446,38072626,154180,85257
894,37961389,38118508,157119,88333
895,38003927,38160800,156873,84992
896,38046731,38203467,156736,85135
897,38089276,38245040,155764,84156
898,38131918,38287380,155462,84955
899,38174599,38330341,155742,85521
900,38217216,38372633,155417,83336
901,38258336,38414730,156394,84779
902,38301102,38457664,156562,85587
903,38343833,38499778,155945,84846
904,38386654,38542786,156132,86019
905,38429741,38584143,154402,83863
906,38472305,38626116,153811,84721
907,38515120,38668406,153286,84844
908,38557731,38710459,152728,83035
909,38598788,38752877,154089,84986
910,38641439,38795767,154328,85548
911,38684175,38838303,154128,85121
912,38726842,38881182,154340,85389
913,38769438,38923199,153761,84959
914,38812460,38966451,153991,85742
915,38855029,39008653,153624,84874
916,38897783,39051849,154066,85760
917,38940424,39093995,153571,84635
918,38982995,39140294,157299,88873
919,39025647,39182992,157345,85380
920,39068412,39225085,156673,84880
921,39111276,39266570,155294,83920
922,39153777,39308610,154833,85012
923,39196819,39350647,153828,84627
924,39239465,39391969,152504,82491
925,39280688,39434368,153680,85009
926,39323373,39477040,153667,85293
927,39366051,39518374,152323,82515
928,39407290,39559398,152108,83511
929,39449837,39601985,152148,85240
930,39492544,39646873,154329,85768
931,39533497,39689292,155795,84644
932,39575804,39732099,156295,85518
933,39618592,39773388,154796,83935
934,39661297,39815493,154196,84560
935,39703824,39857733,153909,85096
936,39746735,39899723,152988,82818
937,39787646,39941980,154334,84821
938,39830291,39984303,154012,84784
939,39872834,40026328,153494,84697
940,39915587,40069431,153844,85712
941,39958273,40110449,152176,83620
942,40000933,40151813,150880,84040
943,40043671,40194759,151088,85504
944,40086287,40238169,151882,84416
945,40127370,40280353,152983,84656
946,40169931,40324087,154156,86654
947,40212930,40366552,153622,85009
948,40255554,40409443,153889,85548
949,40298289,40451778,153489,84908
950,40340945,40494786,153841,85611
951,40383625,40537202,153577,85028
952,40426321,40581075,154754,86507
953,40469112,40622276,153164,84099
954,40512095,40664538,152443,84741
955,40554652,40706631,151979,84758
956,40597374,40749539,152165,83928
957,40638478,40791174,152696,84334
958,40681235,40833100,151865,84570
959,40723940,40875840,151900,85195
960,40766453,40917397,150944,82645
961,40807585,40959621,152036,84464
962,40849879,41001894,152015,83067
963,40890735,41043860,153125,83359
964,40932209,41086888,154679,85504
965,40974756,41127990,153234,83667
966,41017380,41169506,152126,84160
967,41060089,41212389,152300,85402
968,41102665,41255430,152765,84029
969,41143732,41296769,153037,83946
970,41186400,41339259,152859,85123
971,41229108,41380210,151102,83538
972,41271733,41422659,150926,83656
973,41313015,41464419,151404,84275
974,41355567,41506261,150694,83071
975,41396858,41547818,150960,84145
976,41439478,41589330,149852,82481
977,41480512,41632389,151877,85377
978,41522885,41678141,155256,86704
979,41563914,41720606,156692,84973
980,41606503,41763457,156954,85545
981,41649275,41805844,156569,85015
982,41691984,41848852,156868,85624
983,41734678,41891574,156896,85443
984,41777480,41933100,155620,84053
985,41820069,41975275,155206,85188
986,41863156,42017498,154342,84689
987,41905679,42059715,154036,83323
988,41946868,42101948,155080,84656
989,41989367,42143922,154555,84574
990,42032049,42186258,154209,84901
991,42074689,42228306,153617,84472
992,42117193,42271560,154367,85836
993,42159844,42313723,153879,84716
994,42202479,42356584,154105,85770
995,42245465,42398889,153424,84742
996,42287984,42442748,154764,86481
997,42330683,42485350,154667,85030
998,42373187,42528273,155086,85458
999,42415800,42570674,154874,84983
1000,42458465,42613704,155239,86650
1001,42502165,42656047,153882,82812
