iteration,start,end,latency,execution
1,0,102994,102994,127061
2,901,154410,153509,63299
3,1817,205031,203214,61609
4,2697,256456,253759,63138
5,3601,307438,303837,64939
6,4324,358961,354637,64413
7,5033,410494,405461,61293
8,5737,462720,456983,63149
9,6455,515505,509050,64600
10,7237,567768,560531,65392
11,8025,620401,612376,67342
12,8803,673554,664751,65001
13,9687,726607,716920,66727
14,10571,779338,768767,64213
15,11585,830367,818782,62347
16,12607,883416,870809,63423
17,13430,934334,920904,62499
18,14163,987391,973228,64499
19,14860,1039984,1025124,62966
20,15559,1091348,1075789,61878
21,16295,1143964,1127669,63016
22,17050,1195094,1178044,63039
23,17758,1248080,1230322,64578
24,18561,1301191,1282630,63993
25,19417,1354042,1334625,64783
26,20266,1406508,1386242,63134
27,21120,1457940,1436820,62001
28,22047,1509620,1487573,66195
29,22903,1560712,1537809,60856
30,23619,1613773,1590154,65955
31,24310,1666785,1642475,63629
32,25032,1718595,1693563,61997
33,25787,1771694,1745907,63881
34,26720,1824590,1797870,63306
35,27497,1877171,1849674,64091
36,28213,1930190,1901977,98030
37,29164,1983321,1954157,110249
38,29934,2036084,2006150,111324
39,30518,2087211,2056693,112929
40,31092,2139306,2108214,116105
41,31694,2192225,2160531,114886
42,32240,2245316,2213076,116328
43,32719,2298112,2265393,115086
44,33183,2349031,2315848,113487
45,33703,2401991,2368288,116483
46,34295,2455020,2420725,115337
47,34888,2505804,2470916,113165
48,35473,2557986,2522513,113059
49,36086,2610673,2574587,114540
50,36683,2663673,2626990,114280
51,37158,2716770,2679612,118443
52,37640,2767673,2730033,111808
53,38145,2820634,2782489,113395
54,38610,2871422,2832812,112382
55,39085,2923214,2884129,112944
56,39537,2974675,2935138,113390
57,39995,3027447,2987452,115356
58,40559,3080430,3039871,114828
59,41158,3132198,3091040,113508
60,41747,3184607,3142860,113502
61,42367,3237080,3194713,113200
62,43034,3289111,3246077,114127
63,43568,3341968,3298400,115787
64,44038,3393073,3349035,112314
65,44503,3446047,3401544,114018
66,44987,3496992,3452005,114219
67,45467,3549021,3503554,114774
68,45936,3599895,3553959,112436
69,46517,3653042,3606525,115258
70,47102,3704045,3656943,113659
71,47660,3755824,3708164,162422
72,48252,3808473,3760221,175281
73,48885,3861699,3812814,162741
74,49498,3913682,3864184,166646
75,50044,3966742,3916698,168706
76,50492,4018578,3968086,166377
77,50952,4070728,4019776,166436
78,51399,4122309,4070910,166221
79,51944,4174193,4122249,152054
80,52511,4225577,4173066,176776
81,53131,4278190,4225059,152113
82,53671,4329314,4275643,179161
83,54138,4382345,4328207,167708
84,54695,4435329,4380634,152265
85,55283,4488373,4433090,179059
86,55906,4540939,4485033,152631
87,56469,4591989,4535520,177539
88,56950,4643799,4586849,164972
89,57476,4695058,4637582,165722
90,58068,4747812,4689744,167354
91,58658,4800933,4742275,152066
92,59241,4853716,4794475,178512
93,59740,4904987,4845247,151155
94,60233,4956869,4896636,179732
95,60738,5008708,4947970,165919
96,61289,5061385,5000096,151967
97,61878,5112571,5050693,179122
98,62782,5164734,5101952,166984
99,63268,5217728,5154460,168208
100,63815,5270671,5206856,164264
101,64437,5321557,5257120,163800
102,65059,5372533,5307474,164549
103,65652,5425113,5359461,199298
104,66127,5476393,5410266,238154
105,66666,5529147,5462481,216706
106,67138,5582262,5515124,217483
107,67604,5633290,5565686,213933
108,68152,5685433,5617281,199034
109,68752,5738248,5669496,230915
110,70271,5790151,5719880,217787
111,74771,5842996,5768225,187408
112,78853,5894033,5815180,238273
113,83041,5947122,5864081,208518
114,87177,5997978,5910801,230311
115,92322,6050125,5957803,218140
116,96536,6101043,6004507,186964
117,100706,6153931,6053225,248523
118,104779,6206356,6101577,188196
119,109094,6257841,6148747,244070
120,113878,6311469,6197591,204246
121,118429,6365787,6247358,236195
122,123119,6418772,6295653,217440
123,127243,6471784,6344541,187410
124,131403,6524515,6393112,247157
125,135443,6577354,6441911,204559
126,139667,6630613,6490946,231381
127,145360,6683310,6537950,219856
128,149608,6736444,6586836,186565
129,153768,6789010,6635242,249557
130,157741,6841296,6683555,201714
131,163144,6894047,6730903,234653
132,167401,6946273,6778872,201099
133,171208,6999117,6827909,233796
134,175134,7052077,6876943,200267
135,179061,7105015,6925954,262076
136,183915,7157889,6973974,296317
137,187838,7210916,7023078,268003
138,191712,7263903,7072191,262587
139,196901,7316727,7119826,275886
140,200659,7369758,7169099,232436
141,204556,7422501,7217945,298624
142,208599,7474645,7266046,249669
143,212541,7527509,7314968,242374
144,217472,7580658,7363186,284738
145,221306,7633078,7411772,269552
146,225306,7685421,7460115,262225
147,229288,7738426,7509138,283608
148,233694,7791342,7557648,234173
149,237572,7844198,7606626,297459
150,241537,7897316,7655779,233743
151,246327,7950062,7703735,279219
152,250596,8003071,7752475,266807
153,254557,8055199,7800642,268954
154,258762,8107782,7849020,282418
155,262752,8160905,7898153,232870
156,267560,8213928,7946368,299396
157,271358,8266946,7995588,236256
158,275323,8319702,8044379,288202
159,279275,8372526,8093251,260258
160,283555,8425525,8141970,249781
161,287529,8478650,8191121,283685
162,291435,8531591,8240156,262974
163,296116,8584505,8288389,286251
164,300244,8637415,8337171,249686
165,304176,8690087,8385911,265172
166,308253,8743287,8435034,253560
167,313345,8796306,8482961,323490
168,365695,8849281,8483586,330470
169,434351,8902108,8467757,334172
170,486453,8955031,8468578,308869
171,539118,9007824,8468706,309078
172,592165,9060972,8468807,295585
173,644319,9113867,8469548,350192
174,697262,9166935,8469673,290902
175,750237,9219693,8469456,295381
176,785649,9272506,8486857,318081
177,854023,9325508,8471485,335134
178,889710,9378637,8488927,295747
179,958409,9431485,8473076,348733
180,1011558,9484603,8473045,264834
181,1046242,9537175,8490933,364066
182,1114987,9590331,8475344,280375
183,1150579,9643272,8492693,312677
184,1219594,9696224,8476630,332609
185,1271866,9749268,8477402,320718
186,1325067,9802265,8477198,330636
187,1378025,9855077,8477052,278170
188,1412450,9907934,8495484,350299
189,1480125,9960960,8480835,282992
190,1516425,10013853,8497428,339304
191,1584514,10066949,8482435,309098
192,1638029,10119692,8481663,297131
193,1673107,10172408,8499301,332972
194,1743379,10225502,8482123,312235
195,1795774,10278632,8482858,336170
196,1850956,10331352,8480396,297641
197,1901750,10384650,8482900,313884
198,1954758,10437375,8482617,300524
199,2006629,10490309,8483680,323259
200,2041494,10543273,8501779,315671
201,2107803,10596179,8488376,336334
202,2164480,10649057,8484577,308742
203,2216389,10702257,8485868,309020
204,2270093,10754927,8484834,294631
205,2304250,10807846,8503596,352522
206,2374510,10860960,8486450,290045
207,2427341,10913724,8486383,312420
208,2461427,10966960,8505533,302921
209,2524892,11019674,8494782,353632
210,2582918,11072447,8489529,278099
211,2634425,11125335,8490910,350553
212,2687745,11178575,8490830,280353
213,2722910,11231415,8508505,351566
214,2793456,11284595,8491139,295808
215,2827274,11337195,8509921,296973
216,2894958,11390260,8495302,335482
217,2930078,11443253,8513175,311002
218,3001526,11496221,8494695,337299
219,3052941,11549275,8496334,295731
220,3086927,11602248,8515321,336620
221,3157052,11655158,8498106,299838
222,3210522,11707833,8497311,323949
223,3261099,11760954,8499855,308339
224,3315213,11813713,8498500,313784
225,3348212,11866956,8518744,317123
226,3419393,11919935,8500542,311383
227,3452143,11972406,8520263,335115
228,3521999,12025472,8503473,298528
229,3555908,12077730,8521822,314002
230,3626261,12129245,8502984,299335
231,3659283,12181623,8522340,342508
232,3726199,12234557,8508358,301650
233,3781917,12287635,8505718,333121
234,3834259,12340122,8505863,308592
235,3878392,12393301,8514909,308881
236,3940856,12446250,8505394,311958
237,3972969,12499194,8526225,337307
238,4044302,12552176,8507874,287859
239,4076364,12605275,8528911,333248
240,4138499,12657878,8519379,290142
241,4183894,12710699,8526805,350705
242,4252805,12763942,8511137,277787
243,4284539,12816943,8532404,352634
244,4357057,12869864,8512807,296685
245,4408350,12922354,8514004,333954
246,4461746,12975596,8513850,315395
247,4512491,13028322,8515831,280630
248,4547118,13080942,8533824,354231
249,4617190,13132198,8515008,290145
250,4650565,13185038,8534473,340653
251,4721836,13238216,8516380,315649
252,4772266,13290544,8518278,317933
253,4826961,13342591,8515630,297209
254,4859581,13395034,8535453,327334
255,4922128,13448008,8525880,305400
256,4964315,13500172,8535857,335522
257,5035614,13553222,8517608,296162
258,5067887,13606186,8538299,333980
259,5136861,13658838,8521977,318018
260,5191671,13711928,8520257,317543
261,5244578,13764937,8520359,295363
262,5276200,13817719,8541519,320440
263,5333224,13870896,8537672,329630
264,5399710,13923423,8523713,295616
265,5431281,13976547,8545266,335637
266,5502073,14029486,8527413,317462
267,5555350,14082570,8527220,297641
268,5588047,14135379,8547332,334151
269,5658384,14188557,8530173,319307
270,5711913,14241173,8529260,308147
271,5756111,14294213,8538102,324554
272,5816515,14347099,8530584,296623
273,5849069,14400219,8551150,335995
274,5920325,14453007,8532682,297088
275,5953705,14505284,8551579,334550
276,6024626,14557922,8533296,296403
277,6056550,14610924,8554374,335230
278,6127135,14663904,8536769,317913
279,6180291,14716934,8536643,297906
280,6212664,14769936,8557272,339225
281,14821896,14883630,61734,116984
282,14824868,14935036,110168,68111
283,14827078,14986258,159180,61743
284,14827573,15037965,210392,66198
285,14828063,15091194,263131,63522
286,14828600,15144135,315535,64100
287,14829132,15197233,368101,63452
288,14829700,15250164,420464,65605
289,14830293,15303024,472731,62875
290,14830835,15355672,524837,64593
291,14831369,15408732,577363,62191
292,14831995,15461847,629852,66366
293,14832585,15514924,682339,64960
294,14833195,15567922,734727,61854
295,14833718,15620853,787135,69740
296,14834380,15674227,839847,66755
297,14836341,15725525,889184,61637
298,14836998,15778594,941596,62853
299,14837546,15832163,994617,65672
300,14838064,15883546,1045482,62383
301,14838654,15936363,1097709,63388
302,14839329,15989035,1149706,62100
303,14839951,16042360,1202409,66656
304,14840674,16095257,1254583,63651
305,14841302,16147764,1306462,63470
306,14841950,16199252,1357302,66441
307,14843020,16251870,1408850,63423
308,14844095,16303169,1459074,65316
309,14844647,16356488,1511841,65506
310,14845257,16407902,1562645,60956
311,14845869,16460790,1614921,63731
312,14846478,16513914,1667436,69809
313,14847083,16566899,1719816,62272
314,14847710,16619784,1772074,67815
315,14848303,16672349,1824046,111012
316,14848952,16725505,1876553,113674
317,14849529,16778080,1928551,114158
318,14850085,16829355,1979270,113774
319,14850665,16881747,2031082,115159
320,14851239,16933508,2082269,118806
321,14852191,16986195,2134004,116254
322,14852826,17038314,2185488,112135
323,14853303,17090976,2237673,113887
324,14853911,17144097,2290186,115598
325,14854524,17197259,2342735,114729
326,14855103,17250186,2395083,116083
327,14856042,17302903,2446861,115333
328,14856619,17355657,2499038,113729
329,14857162,17408884,2551722,116033
330,14857709,17461898,2604189,113375
331,14858327,17514556,2656229,116671
332,14858896,17565735,2706839,116470
333,14859488,17618852,2759364,113791
334,14860142,17671556,2811414,114717
335,14860777,17724481,2863704,115864
336,14861447,17777223,2915776,117287
337,14862062,17828485,2966423,119111
338,14862675,17881330,3018655,115605
339,14863338,17934455,3071117,118330
340,14863982,17987175,3123193,120679
341,14864539,18040128,3175589,114315
342,14865127,18093018,3227891,117501
343,14865778,18145691,3279913,120227
344,14868179,18197006,3328827,121464
345,14868700,18250119,3381419,117934
346,14869299,18302819,3433520,119533
347,14869935,18354001,3484066,155510
348,14870571,18407534,3536963,318919
349,14871171,18458875,3587704,342238
350,14871784,18511894,3640110,327408
351,14872413,18564898,3692485,321934
352,14873022,18617841,3744819,323020
353,14873556,18670486,3796930,323793
354,14874071,18723298,3849227,323251
355,14874583,18776199,3901616,322808
356,14875118,18827420,3952302,325383
357,14875663,18880549,4004886,324095
358,14876234,18933487,4057253,324247
359,14876870,18986375,4109505,325674
360,14877476,19038950,4161474,322481
361,14878114,19092103,4213989,304993
362,14878725,19144918,4266193,339481
363,14879378,19197796,4318418,326264
364,14880850,19249191,4368341,308391
365,14881474,19302228,4420754,334313
366,14882094,19354871,4472777,323788
367,14882770,19407402,4524632,322281
368,14883366,19458839,4575473,324720
369,14883910,19511888,4627978,324527
370,14884570,19564758,4680188,300814
371,14885295,19617626,4732331,338701
372,14886019,19670622,4784603,301912
373,14886668,19723432,4836764,338528
374,14887297,19776535,4889238,306401
375,14887942,19829076,4941134,338676
376,14888548,19880543,4991995,321454
377,14889171,19933486,5044315,322776
378,14889648,19986504,5096856,323829
379,14890139,20039881,5149742,362178
380,14890729,20092999,5202270,523386
381,14891249,20146143,5254894,551079
382,14891855,20198963,5307108,508066
383,14892514,20252181,5359667,545557
384,14893135,20304589,5411454,508474
385,14893766,20357846,5464080,549224
386,14896397,20410878,5514481,508497
387,14897153,20463489,5566336,546152
388,14897848,20514863,5617015,530358
389,14898467,20567867,5669400,528292
390,14899097,20620920,5721823,532727
391,14899729,20674179,5774450,531842
392,14900274,20726086,5825812,529069
393,14900745,20777524,5876779,508473
394,14901329,20830434,5929105,548233
395,14901929,20883336,5981407,531289
396,14902532,20935973,6033441,490122
397,14903105,20988980,6085875,559093
398,14903690,21042107,6138417,533073
399,14904291,21094844,6190553,528013
400,14904917,21146074,6241157,531263
401,14905505,21199224,6293719,507315
402,14906131,21252148,6346017,525050
403,14906735,21305320,6398585,546001
404,14907328,21356995,6449667,505957
405,14907803,21409782,6501979,545339
406,14908379,21462855,6554476,512702
407,14909057,21515648,6606591,547808
408,14909694,21568384,6658690,507461
409,14910459,21619803,6709344,542557
410,14911294,21672301,6761007,531170
411,14912055,21725438,6813383,514173
412,14912893,21778483,6865590,596619
413,14913496,21831248,6917752,570985
414,14914051,21884518,6970467,574183
415,14914536,21938030,7023494,598662
416,14915085,21989404,7074319,558633
417,14915587,22042160,7126573,597912
418,14916163,22094855,7178692,558912
419,14916814,22146105,7229291,598283
420,14917436,22198807,7281371,562922
421,14918027,22250025,7331998,591076
422,14918613,22303052,7384439,585693
423,14919217,22355623,7436406,582173
424,14919801,22408852,7489051,582161
425,14920360,22461841,7541481,572906
426,14920969,22514845,7593876,589166
427,14921621,22567504,7645883,581374
428,14922283,22618688,7696405,532229
429,14922763,22671414,7748651,615236
430,14923350,22724079,7800729,584168
431,14923941,22775505,7851564,578360
432,14924520,22829092,7904572,561896
433,14925105,22880503,7955398,570413
434,14925678,22933356,8007678,592578
435,14926273,22986464,8060191,586723
436,14926851,23044719,8117868,581376
437,14927402,23097693,8170291,585887
438,14927981,23151100,8223119,577639
439,14928624,23204171,8275547,587425
440,14929150,23256800,8327650,537181
441,14929610,23309786,8380176,612046
442,14930144,23362814,8432670,583190
443,14930709,23415807,8485098,563436
444,14937646,23468588,8530942,652713
445,14989711,23521537,8531826,624289
446,15050325,23574387,8524062,645158
447,15103573,23627433,8523860,638706
448,15156421,23680483,8524062,631158
449,15209989,23733405,8523416,636588
450,15262352,23786473,8524121,628453
451,15315313,23839636,8524323,638279
452,15367829,23891027,8523198,590997
453,15421025,23944128,8523103,661087
454,15474622,23996919,8522297,635688
455,15527259,24049982,8522723,626782
456,15580295,24102841,8522546,635661
457,15633120,24154889,8521769,610694
458,15678866,24207835,8528969,655815
459,15737843,24260477,8522634,633588
460,15790873,24311844,8520971,598559
461,15837705,24364818,8527113,656570
462,15895720,24417759,8522039,636373
463,15948791,24470493,8521702,632131
464,16001258,24522595,8521337,590815
465,16054662,24575253,8520591,656415
466,16108056,24628327,8520271,631993
467,16152231,24681416,8529185,640475
468,16211573,24734422,8522849,607580
469,16256285,24787224,8530939,661630
470,16315380,24840059,8524679,627308
471,16361498,24893000,8531502,641921
472,16420121,24946125,8526004,605952
473,16473597,24999183,8525586,633523
474,16526142,25052135,8525993,650112
475,16579698,25105477,8525779,625820
476,16632083,25156968,8524885,641262
477,16684612,25209721,8525109,630732
478,16738289,25262446,8524157,631787
479,16782621,25313829,8531208,639529
480,16841571,25366491,8524920,610561
481,16886750,25417713,8530963,652151
482,16946356,25470716,8524360,627275
483,16990578,25523366,8532788,620350
484,17050585,25576360,8525775,621246
485,17104031,25629477,8525446,629553
486,17156294,25682444,8526150,650361
487,17209541,25734954,8525413,624775
488,17262748,25786233,8523485,634107
489,17315188,25838880,8523692,619968
490,17368374,25891804,8523430,649278
491,17421180,25944096,8522916,634247
492,17474033,25996995,8522962,597169
493,17518748,26049990,8531242,657134
494,17577906,26103144,8525238,635462
495,17631137,26155557,8524420,612654
496,17683720,26208515,8524795,621704
497,17737286,26261744,8524458,626759
498,17781623,26314790,8533167,656990
499,17840833,26367802,8526969,634132
500,17893646,26420795,8527149,615698
501,17946770,26473405,8526635,672116
502,17999939,26525995,8526056,633790
503,18052456,26577464,8525008,635785
504,18105314,26630409,8525095,621009
505,18150541,26683340,8532799,622275
506,18209367,26736379,8527012,650784
507,18262482,26788934,8526452,624035
508,18306745,26842102,8535357,644009
509,18366857,26895076,8528219,626676
510,18412393,26948117,8535724,640648
511,18471313,27001178,8529865,634974
512,18524197,27054718,8530521,616813
513,18577494,27106028,8528534,647718
514,18630686,27158799,8528113,633176
515,18682979,27211774,8528795,612987
516,18735640,27264718,8529078,617163
517,18781179,27317733,8536554,635452
518,18839607,27370742,8531135,651604
519,18892939,27424020,8531081,631233
520,18945894,27475448,8529554,633145
521,18999178,27528315,8529137,608344
522,19051117,27581222,8530105,657232
523,19104337,27634179,8529842,634407
524,19157020,27687141,8530121,583615
525,19202898,27739953,8537055,668815
526,19261449,27792998,8531549,634918
527,19314271,27846094,8531823,612521
528,19366807,27899157,8532350,613318
529,19412239,27951834,8539595,644449
530,19470780,28004883,8534103,650216
531,19523882,28057429,8533547,634697
532,19576625,28108754,8532129,629631
533,19630116,28161782,8531666,660939
534,19682467,28214782,8532315,633482
535,19735296,28267737,8532441,636057
536,19788368,28320428,8532060,626329
537,19833567,28371592,8538025,632531
538,19892457,28424377,8531920,640111
539,19945516,28477449,8531933,634891
540,19998345,28530382,8532037,617392
541,20051880,28583398,8531518,649383
542,20104988,28636358,8531370,633926
543,20158208,28689704,8531496,613800
544,20210899,28741077,8530178,644144
545,20264752,28794105,8529353,617057
546,20316584,28847070,8530486,648463
547,20369947,28900034,8530087,629162
548,20422861,28952654,8529793,611377
549,20468648,29004023,8535375,647059
550,20526847,29056696,8529849,640734
551,20579882,29109642,8529760,629428
552,20627737,29162747,8535010,614884
553,20683709,29215648,8531939,621231
554,20731099,29268487,8537388,658139
555,20789569,29321290,8531721,616437
556,20843166,29374309,8531143,623303
557,20895812,29427263,8531451,653446
558,20947916,29480365,8532449,635978
559,21001053,29533351,8532298,629998
560,21054022,29586161,8532139,605048
561,21099548,29638790,8539242,655199
562,21158031,29692013,8533982,639883
563,21211242,29744914,8533672,636260
564,21264047,29797998,8533951,628301
565,21309846,29850936,8541090,645777
566,21368968,29903825,8534857,632665
567,21421774,29956202,8534428,613767
568,21474757,30007657,8532900,647514
569,21528050,30060628,8532578,626871
570,21573008,30113778,8540770,640530
571,21631759,30166730,8534971,634697
572,21684127,30219374,8535247,613990
573,21737391,30270554,8533163,649405
574,21790353,30323142,8532789,634131
575,21843275,30376339,8533064,613355
576,21896491,30429359,8532868,644267
577,21942464,30482197,8539733,598793
578,22001326,30535131,8533805,664290
579,22054162,30588049,8533887,627105
580,22099507,30640908,8541401,635302
581,22158796,30693817,8535021,629769
582,22203287,30746960,8543673,642036
583,22262962,30800122,8537160,634240
584,22315008,30853718,8538710,591386
585,22367520,30904704,8537184,658403
586,22420843,30957539,8536696,638700
587,22473800,31010626,8536826,614670
588,22526855,31063648,8536793,638912
589,22571538,31116727,8545189,645351
590,22630687,31169478,8538791,634597
591,22683395,31222786,8539391,629125
592,22728590,31274188,8545598,631633
593,22788054,31327235,8539181,633603
594,22833597,31380418,8546821,640855
595,22892519,31433263,8540744,636340
596,22945350,31485971,8540621,614556
597,22998512,31537160,8538648,656529
598,23062117,31589893,8527776,628191
599,23109657,31642948,8533291,613457
600,23163015,31696006,8532991,648994
601,23216123,31749041,8532918,612540
602,23268798,31801789,8532991,648858
603,23321720,31854813,8533093,635270
604,23374697,31907629,8532932,628744
605,23428253,31960506,8532253,638918
606,23480577,32013473,8532896,634413
607,23533395,32066514,8533119,628974
608,23586233,32119599,8533366,622141
609,23639334,32172207,8532873,622947
610,23692435,32225080,8532645,655008
611,23745374,32277936,8532562,634294
612,23798326,32329344,8531018,627261
613,23844215,32382381,8538166,619450
614,23902876,32435120,8532244,648375
615,23955994,32488087,8532093,633897
616,24008770,32540017,8531247,607169
617,24062336,32592921,8530585,647738
618,24106850,32646030,8539180,640349
619,24166793,32699115,8532322,629513
620,24219785,32752707,8532922,632643
621,24265225,32804082,8538857,638887
622,24323950,32856610,8532660,634969
623,24377134,32909510,8532376,635300
624,24429912,32962356,8532444,626914
625,24474350,33013618,8539268,639506
626,24534704,33066564,8531860,632702
627,24587273,33119692,8532419,637566
628,24640534,33172195,8531661,613012
629,24694103,33225073,8530970,647466
630,24746653,33278314,8531661,634485
631,24799381,33331225,8531844,628312
632,24852213,33384053,8531840,616585
633,24905085,33436213,8531128,626081
634,24958274,33488829,8530555,650666
635,25011398,33541814,8530416,634681
636,25064218,33594862,8530644,628504
637,25110238,33647950,8537712,618702
638,25169100,33700749,8531649,649917
639,25221809,33753984,8532175,626092
640,25266859,33806518,8539659,623183
641,25326391,33859616,8533225,636118
642,25370825,33912738,8541913,645895
643,25429852,33965731,8535879,634917
644,25482800,34018323,8535523,634644
645,25535481,34069715,8534234,609945
646,25588462,34122760,8534298,649542
647,25641556,34174277,8532721,632839
648,25694701,34226882,8532181,620904
649,25739102,34278159,8539057,626265
650,25798336,34331329,8532993,647618
651,25850984,34384322,8533338,628166
652,25896742,34437317,8540575,641936
653,25956853,34489851,8532998,634257
654,26009307,34542923,8533616,635293
655,26062311,34595916,8533605,634300
656,26115707,34648534,8532827,617120
657,26167767,34700059,8532292,644887
658,26220648,34752643,8531995,633203
659,26273961,34805452,8531491,637136
660,26327138,34858593,8531455,628713
661,26379971,34911501,8531530,617677
662,26432917,34964620,8531703,649125
663,26485509,35017332,8531823,626142
664,26530854,35068707,8537853,616236
665,26590023,35121291,8531268,642834
666,26642573,35174307,8531734,640916
667,26695966,35227204,8531238,633869
668,26748657,35280029,8531372,635445
669,26801127,35331247,8530120,609068
670,26854295,35384141,8529846,651421
671,26907376,35437394,8530018,633557
672,26960586,35490590,8530004,631825
673,27013484,35541797,8528313,631025
674,27059533,35595025,8535492,640061
675,27118313,35647635,8529322,634332
676,27171068,35699041,8527973,614075
677,27224743,35752018,8527275,640638
678,27277029,35804724,8527695,638803
679,27330055,35857476,8527421,633489
680,27382964,35910241,8527277,605880
681,27428637,35961710,8533073,637936
682,27487725,36014682,8526957,648381
683,27540594,36067685,8527091,634867
684,27593517,36120329,8526812,636517
685,27646508,36171519,8525011,616373
686,27699257,36224197,8524940,648568
687,27752016,36276920,8524904,631619
688,27805035,36328282,8523247,615709
689,27858556,36381364,8522808,626144
690,27911227,36434073,8522846,648518
691,27963906,36486971,8523065,635424
692,28016971,36539776,8522805,628080
693,28062431,36592926,8530495,616377
694,28120783,36645799,8525016,650144
695,28173762,36699046,8525284,635443
696,28226813,36751987,8525174,628325
697,28279747,36804628,8524881,609538
698,28324620,36857466,8532846,658834
699,28383517,36910222,8526705,632193
700,28436370,36961570,8525200,635062
701,28489846,37014702,8524856,626896
702,28542422,37067413,8524991,639709
703,28595421,37120523,8525102,633536
704,28648391,37173801,8525410,630752
705,28694367,37224912,8530545,637090
706,28753154,37278237,8525083,634234
707,28806159,37331287,8525128,635772
708,28859070,37384004,8524934,612300
709,28912214,37436179,8523965,620144
710,28957631,37488830,8531199,653657
711,29015958,37541422,8525464,612881
712,29068420,37592918,8524498,625713
713,29121887,37645994,8524107,628113
714,29174481,37698987,8524506,650802
715,29227532,37751550,8524018,635790
716,29280541,37803002,8522461,634969
717,29333210,37855485,8522275,615728
718,29386214,37908585,8522371,647744
719,29439285,37961450,8522165,632808
720,29492404,38014352,8521948,629465
721,29545388,38065543,8520155,591346
722,29598081,38118441,8520360,665617
723,29650781,38171393,8520612,633577
724,29703843,38224173,8520330,636007
725,29757336,38277085,8519749,627028
726,29809986,38330033,8520047,639747
727,29862975,38382834,8519859,636249
728,29915837,38434091,8518254,606227
729,29960503,38487313,8526810,631815
730,30019592,38539765,8520173,652554
731,30072659,38592906,8520247,632940
732,30125760,38645919,8520159,634731
733,30178855,38698902,8520047,604265
734,30223432,38751631,8528199,657019
735,30282546,38804676,8522130,633088
736,30335071,38855920,8520849,636958
737,30388810,38908597,8519787,613065
738,30441209,38961674,8520465,647675
739,30494153,39014299,8520146,636992
740,30547636,39065675,8518039,605109
741,30599932,39118582,8518650,624113
742,30652793,39171218,8518425,656238
743,30705840,39224267,8518427,612623
744,30759007,39276996,8517989,643005
745,30812243,39328041,8515798,588708
746,30858223,39381350,8523127,668455
747,30916759,39434922,8518163,636757
748,30969519,39486102,8516583,634382
749,31023284,39538753,8515469,605435
750,31075651,39591925,8516274,652691
751,31128910,39644529,8515619,633362
752,31181459,39695994,8514535,605672
753,31227838,39748963,8521125,624936
754,31286238,39801689,8515451,655303
755,31339294,39854629,8515335,632873
756,31392392,39907573,8515181,634805
757,31445438,39960555,8515117,626785
758,31490419,40013607,8523188,642426
759,31549287,40066268,8516981,634997
760,31601910,40117467,8515557,617113
761,31655447,40170361,8514914,637399
762,31707988,40223202,8515214,639077
763,31761183,40275972,8514789,632841
764,31813864,40327162,8513298,612377
765,31866886,40380333,8513447,626167
766,31919583,40433033,8513450,652043
767,31972621,40486275,8513654,633772
768,32025395,40539537,8514142,636510
769,32078390,40590980,8512590,590801
770,32131455,40643950,8512495,664036
771,32184146,40696655,8512509,637351
772,32236981,40748955,8511974,603859
773,32282719,40801982,8519263,618783
774,32341124,40854421,8513297,665695
775,32394261,40907284,8513023,625716
776,32446989,40958645,8511656,608154
777,32491608,41011597,8519989,627728
778,32551897,41064637,8512740,653558
779,32604838,41117683,8512845,636289
780,32657883,41170630,8512747,615404
781,32711059,41223133,8512074,616384
782,32757676,41276254,8518578,654315
783,32816032,41328874,8512842,634670
784,32868450,41380300,8511850,609382
785,32921939,41433195,8511256,613061
786,32966476,41486096,8519620,661648
787,33025498,41539528,8514030,633782
788,33078450,41590989,8512539,633049
789,33131570,41643965,8512395,633864
790,33184054,41696979,8512925,635986
791,33236988,41749512,8512524,635229
792,33290155,41800875,8510720,611092
793,33343146,41853944,8510798,639641
794,33388490,41906606,8518116,641507
795,33448164,41959587,8511423,632371
796,33500650,42012549,8511899,613161
797,33554158,42065578,8511420,642593
798,33606578,42118398,8511820,641151
799,33659980,42171100,8511120,632457
800,33712601,42222163,8509562,614203
801,33765939,42275294,8509355,620325
802,33818340,42328210,8509870,654083
803,33871594,42381314,8509720,637762
804,33924660,42434227,8509567,606524
805,33977734,42487298,8509564,620572
806,34023286,42539810,8516524,662305
807,34081601,42592982,8511381,624173
808,34127084,42645785,8518701,619456
809,34186710,42698974,8512264,613012
810,34231732,42752548,8520816,660229
811,34290008,42805049,8515041,636671
812,34343285,42856760,8513475,592454
813,34396312,42909522,8513210,657832
814,34449071,42962631,8513560,636726
815,34501799,43015289,8513490,636678
816,34554831,43066492,8511661,603648
817,34607874,43119664,8511790,622220
818,34653017,43173260,8520243,658544
819,34712206,43226162,8513956,633303
820,34764641,43279274,8514633,635141
821,34817958,43332222,8514264,633023
822,34870548,43385187,8514639,635386
823,34923711,43438560,8514849,636434
824,34976814,43490041,8513227,580697
825,35022418,43542930,8520512,668657
826,35080803,43595974,8515171,635884
827,35133482,43648927,8515445,634236
828,35186489,43701972,8515483,606179
829,35239449,43754609,8515160,645800
830,35284445,43807625,8523180,642722
831,35343684,43860624,8516940,632840
832,35396356,43913655,8517299,614589
833,35450116,43966598,8516482,615155
834,35495391,44019642,8524251,660186
835,35553914,44073192,8519278,637199
836,35607083,44125974,8518891,582779
837,35652074,44179278,8527204,663256
838,35706263,44232231,8525968,645808
839,35764082,44285026,8520944,630594
840,35816757,44338211,8521454,608018
841,35869500,44390870,8521370,623108
842,35914957,44443924,8528967,656801
843,35973781,44496866,8523085,637795
844,36026825,44549699,8522874,607604
845,36080507,44602936,8522429,646306
846,36124551,44655391,8530840,640308
847,36183814,44708636,8524822,634362
848,36236347,44761607,8525260,580878
849,36281325,44814587,8533262,663964
850,36340384,44867618,8527234,640457
851,36393599,44920536,8526937,634547
852,36446658,44973074,8526416,615659
853,36499263,45026063,8526800,649643
854,36552051,45079287,8527236,636001
855,36605267,45132189,8526922,635606
856,36658233,45185290,8527057,582446
857,36712895,45237910,8525015,668560
858,36764284,45290939,8526655,635299
859,36817060,45343895,8526835,635361
860,36869879,45396945,8527066,602417
861,36915059,45449927,8534868,657033
862,36973982,45502854,8528872,636320
863,37027242,45555391,8528149,632789
864,37079899,45608535,8528636,606054
865,37132786,45661441,8528655,626393
866,37177894,45714513,8536619,658994
867,37237247,45767593,8530346,636235
868,37290574,45820635,8530061,607745
869,37344220,45873047,8528827,649030
870,37388734,45926196,8537462,643115
871,37448701,45979212,8530511,630616
872,37501147,46032210,8531063,605820
873,37546437,46085260,8538823,649744
874,37605184,46137899,8532715,640266
875,37658357,46190944,8532587,639152
876,37711420,46243900,8532480,598825
877,37756580,46296945,8540365,661015
878,37815451,46349887,8534436,635128
879,37867925,46402937,8535012,633980
880,37921177,46455349,8534172,582621
881,37974546,46508627,8534081,661733
882,38018776,46561353,8542577,642573
883,38078212,46614579,8536367,637472
884,38130995,46667585,8536590,614786
885,38183839,46720645,8536806,651118
886,38236642,46774150,8537508,636010
887,38289520,46827150,8537630,635696
888,38342527,46879994,8537467,575848
889,38387382,46933101,8545719,678405
890,38446424,46986048,8539624,635258
891,38499808,47038673,8538865,635951
892,38554480,47091797,8537317,627235
893,38605910,47144863,8538953,640055
894,38658406,47197889,8539483,634787
895,38711319,47250754,8539435,634300
896,38764114,47303756,8539642,602227
897,38809492,47356415,8546923,652284
898,38868260,47409487,8541227,640941
899,38921041,47462547,8541506,636130
900,38974285,47515569,8541284,623610
901,39019096,47568521,8549425,647226
902,39078184,47621946,8543762,635007
903,39131024,47675207,8544183,633321
904,39183762,47728176,8544414,630035
905,39237349,47781217,8543868,631263
906,39281489,47834095,8552606,640904
907,39340548,47887198,8546650,639023
908,39393940,47940831,8546891,604049
909,39439271,47993809,8554538,657582
910,39498520,48046858,8548338,638167
911,39554180,48099792,8545612,631435
912,39604497,48152839,8548342,598392
913,39649600,48205310,8555710,660284
914,39708467,48256452,8547985,635476
915,39761631,48308566,8546935,636440
916,39814202,48361218,8547016,629500
917,39867653,48413564,8545911,637583
918,39920088,48466510,8546422,635831
919,39973182,48519566,8546384,636926
920,40026146,48571991,8545845,598742
921,40070760,48624996,8554236,663127
922,40130108,48678215,8548107,634724
923,40182843,48731095,8548252,635050
924,40235764,48784231,8548467,627001
925,40280623,48837327,8556704,642436
926,40339689,48890747,8551058,635161
927,40392937,48943838,8550901,635119
928,40445578,48996587,8551009,626535
929,40499252,49047553,8548301,631706
930,40544345,49099643,8555298,640529
931,40603631,49152824,8549193,636239
932,40656636,49205411,8548775,630348
933,40701892,49258532,8556640,643172
934,40761592,49311563,8549971,633319
935,40814576,49364535,8549959,635462
936,40867036,49417385,8550349,626767
937,40911873,49470503,8558630,642776
938,40971123,49523016,8551893,634317
939,41024150,49576186,8552036,635740
940,41077774,49629083,8551309,628243
941,41130817,49682198,8551381,640148
942,41183064,49735059,8551995,635802
943,41235705,49788184,8552479,634050
944,41288817,49840799,8551982,621442
945,41333617,49893809,8560192,643858
946,41392862,49946877,8554015,636227
947,41446057,49999834,8553777,633170
948,41498651,50052849,8554198,628726
949,41544351,50105407,8561056,638413
950,41603374,50158093,8554719,635602
951,41656437,50210550,8554113,637921
952,41709458,50263544,8554086,620832
953,41753945,50316591,8562646,645814
954,41813168,50369564,8556396,635262
955,41866304,50421906,8555602,634257
956,41918961,50474224,8555263,633221
957,41971898,50527117,8555219,636433
958,42024913,50580131,8555218,635940
959,42078021,50633113,8555092,635972
960,42130753,50686195,8555442,624356
961,42174730,50738640,8563910,641282
962,42234501,50791872,8557371,633441
963,42287739,50844854,8557115,635030
964,42340648,50897866,8557218,637706
965,42394327,50950824,8556497,634580
966,42446577,51003903,8557326,634062
967,42499885,51056500,8556615,636929
968,42552086,51109496,8557410,636723
969,42605478,51162547,8557069,635231
970,42658111,51215539,8557428,636480
971,42711390,51268575,8557185,634032
972,42764899,51321563,8556664,627821
973,42809739,51374212,8564473,643978
974,42868909,51427098,8558189,635698
975,42921792,51480209,8558417,635544
976,42974998,51533109,8558111,627696
977,43019727,51586225,8566498,638584
978,43078737,51638619,8559882,609279
979,43131868,51690856,8558988,637800
980,43185559,51743826,8558267,641387
981,43238418,51796870,8558452,622751
982,43291388,51849853,8558465,650054
983,43344584,51902900,8558316,637211
984,43397404,51955304,8557900,627201
985,43443132,52008463,8565331,638955
986,43502191,52061523,8559332,636202
987,43555191,52114571,8559380,636181
988,43608204,52167521,8559317,633260
989,43661327,52220565,8559238,636157
990,43714217,52273152,8558935,635808
991,43766943,52326013,8559070,637642
992,43819932,52379201,8559269,635477
993,43873008,52432088,8559080,609477
994,43926115,52485014,8558899,646525
995,43979238,52538036,8558798,636933
996,44032025,52590795,8558770,636834
997,44085504,52643736,8558232,633552
998,44138358,52696795,8558437,636045
999,44191598,52749736,8558138,637862
1000,44244744,52802811,8558067,636231
