step,start,end,latency,execution
1,0,80166,80166,120966
2,40859,121432,80573,82220
3,81830,162246,80416,81681
4,122714,203011,80297,81614
5,163588,254795,91207,92904
6,204764,305877,101113,94322
7,248032,358736,110704,93887
8,289094,410878,121784,93202
9,330194,470047,139853,100490
10,371565,519577,148012,90762
11,412851,577924,165073,101859
12,456433,634567,178134,100178
13,500028,684386,184358,91128
14,541418,738494,197076,97791
15,585166,796327,211161,101267
16,628680,852213,223533,99423
17,672274,909372,237098,98725
18,713907,965047,251140,98976
19,757279,1021459,264180,100248
20,801192,1074120,272928,96278
21,844861,1130782,285921,100157
22,888436,1187484,299048,100292
23,932106,1238492,306386,94370
24,975512,1295138,319626,100296
25,1019206,1352480,333274,98752
26,1060695,1408142,347447,99288
27,1104401,1465800,361399,101000
28,1147800,1522657,374857,100787
29,1191784,1573496,381712,92266
30,1233269,1634580,401311,104501
31,1276757,1685092,408335,94005
32,1320306,1740389,420083,98680
33,1363738,1791538,427800,94779
34,1407426,1846783,439357,98726
35,1450978,1900343,449365,96990
36,1494467,1957453,462986,100577
37,1537990,2019087,481097,103150
38,1579594,2069524,489930,93736
39,1622949,2125046,502097,99047
40,1666514,2183434,516920,99849
41,1708060,2233489,525429,93459
42,1751496,2290560,539064,98473
43,1792968,2346466,553498,99158
44,1836287,2403096,566809,97763
45,1877488,2458454,580966,97789
46,1919970,2515078,595108,100002
47,1963428,2571501,608073,99900
48,2006986,2624033,617047,96103
49,2050586,2680643,630057,97847
50,2091906,2737311,645405,99778
51,2135082,2788621,653539,94941
52,2178740,2846419,667679,99184
53,2220204,2903137,682933,100236
54,2263798,2959461,695663,99733
55,2307271,3010030,702759,94365
56,2351124,3066735,715611,100212
57,2394721,3117711,722990,94304
58,2438106,3174141,736035,99984
59,2481728,3225584,743856,94604
60,2524932,3281364,756432,99400
61,2568597,3332535,763938,92665
62,2610150,3386941,776791,96841
63,2652654,3440752,788098,96063
64,2694953,3498096,803143,99651
65,2737315,3554203,816888,97256
66,2778549,3604893,826344,93272
67,2821187,3661126,839939,98534
68,2863541,3717930,854389,99537
69,2906355,3773923,867568,98530
70,2948973,3830646,881673,99073
71,2991383,3886562,895179,97058
72,3032604,3942578,909974,98260
73,3074895,3999357,924462,97843
74,3116039,4058446,942407,101569
75,3158598,4108991,950393,93007
76,3201093,4163132,962039,95010
77,3242014,4218645,976631,98138
78,3284696,4272121,987425,94626
79,3325907,4323765,997858,94095
80,3368390,4378732,1010342,95822
81,3409301,4431488,1022187,94684
82,3451267,4488710,1037443,99621
83,3493744,4545412,1051668,99162
84,3536284,4595402,1059118,92430
85,3578780,4649047,1070267,94883
86,3620062,4706319,1086257,99699
87,3662568,4762833,1100265,98858
88,3704992,4818930,1113938,98519
89,3747482,4874953,1127471,98274
90,3789798,4931494,1141696,99239
91,3832575,4987379,1154804,98308
92,3875067,5044671,1169604,99736
93,3917591,5100712,1183121,98355
94,3959969,5152210,1192241,94309
95,4002832,5208738,1205906,99026
96,4045409,5265761,1220352,99267
97,4087707,5317059,1229352,92289
98,4128755,5374718,1245963,100001
99,4171175,5424718,1253543,92445
100,4213654,5481475,1267821,97644
101,4254610,5532192,1277582,93149
102,4297096,5587133,1290037,95803
103,4337984,5639352,1301368,92940
104,4378738,5698599,1319861,100263
105,4419827,5755084,1335257,98773
106,4462194,5805933,1343739,93205
107,4504593,5863778,1359185,100495
108,4547310,5919905,1372595,98642
109,4589880,5976032,1386152,97141
110,4630970,6032742,1401772,99147
111,4673488,6088506,1415018,98201
112,4715992,6139401,1423409,93332
113,4758486,6196293,1437807,99346
114,4801008,6248224,1447216,94249
115,4843373,6299028,1455655,93040
116,4885653,6354211,1468558,97661
117,4928195,6411211,1483016,99433
118,4970741,6467063,1496322,98372
119,5013328,6524035,1510707,99242
120,5055664,6573473,1517809,91950
121,5098230,6625668,1527438,93290
122,5139373,6678619,1539246,94916
123,5181399,6731743,1550344,95402
124,5223723,6783408,1559685,94193
125,5266308,6836550,1570242,94240
126,5307466,6893748,1586282,99624
127,5349970,6950133,1600163,98693
128,5392333,7006991,1614658,97951
129,5433485,7058121,1624636,93433
130,5475846,7115400,1639554,99719
131,5518331,7166945,1648614,92451
132,5559288,7224850,1665562,100132
133,5601562,7281626,1680064,97887
134,5642752,7337479,1694727,98305
135,5685284,7394579,1709295,99447
136,5727710,7451387,1723677,99332
137,5770290,7508250,1737960,97964
138,5811455,7565068,1753613,98641
139,5853356,7621605,1768249,98879
140,5895777,7672859,1777082,93538
141,5938106,7730757,1792651,100409
142,5980697,7787405,1806708,98882
143,6023011,7838250,1815239,93255
144,6065479,7896179,1830700,100185
145,6107784,7953409,1845625,98103
146,6148719,8009030,1860311,97710
147,6190863,8066031,1875168,97830
148,6231768,8123612,1891844,99765
149,6274013,8176953,1902940,94336
150,6315050,8225596,1910546,91209
151,6357665,8281310,1923645,98121
152,6400135,8332454,1932319,93451
153,6442498,8392183,1949685,101928
154,6484762,8450058,1965296,100639
155,6527605,8500969,1973364,93451
156,6570181,8559366,1989185,99605
157,6611446,8616454,2005008,98165
158,6652577,8673742,2021165,98017
159,6693356,8725687,2032331,93350
160,6734866,8783695,2048829,100449
161,6777359,8841695,2064336,99045
162,6818481,8898196,2079715,98860
163,6861010,8955339,2094329,99337
164,6903347,9013030,2109683,100205
165,6945937,9070063,2124126,99408
166,6988390,9127954,2139564,100344
167,7030895,9184725,2153830,97707
168,7071897,9242733,2170836,100507
169,7114451,9299302,2184851,97441
170,7155398,9356356,2200958,99286
171,7197706,9412996,2215290,98912
172,7240044,9470052,2230008,99411
173,7282477,9526916,2244439,99390
174,7325079,9584540,2259461,99985
175,7367517,9641603,2274086,99289
176,7409808,9698199,2288391,99065
177,7452353,9755224,2302871,99578
178,7494984,9813010,2318026,100296
179,7537571,9870061,2332490,99356
180,7579941,9927017,2347076,99407
181,7622445,9983659,2361214,97636
182,7663512,10040686,2377174,99547
183,7706109,10097299,2391190,98920
184,7748485,10154145,2405660,99628
185,7791320,10211947,2420627,98840
186,7832425,10269038,2436613,99195
187,7874603,10325989,2451386,99314
188,7917030,10382622,2465592,99087
189,7959561,10439464,2479903,99392
190,8002188,10497179,2494991,100096
191,8044646,10554154,2509508,99214
192,8086948,10610966,2524018,99333
193,8129521,10668040,2538519,98243
194,8170764,10724883,2554119,99189
195,8213162,10782751,2569589,98992
196,8254363,10839453,2585090,99000
197,8296705,10897175,2600470,98593
198,8337653,10953272,2615619,98514
199,8380146,11011289,2631143,100491
200,8422718,11067956,2645238,98997
201,8465094,11124873,2659779,98129
202,8506383,11182742,2676359,100415
203,8549005,11239453,2690448,98964
204,8591331,11297174,2705843,100001
205,8634293,11354067,2719774,100684
206,11365952,11457898,91946,134284
207,11408344,11498990,90646,83658
208,11450943,11552931,101988,94872
209,11491939,11594393,102454,83949
210,11534459,11636281,101822,82709
211,11575344,11678032,102688,83681
212,11617342,11722804,105462,87131
213,11659765,11764807,105042,84394
214,11702231,11807201,104970,84787
215,11744699,11848017,103318,83134
216,11787073,11889681,102608,84210
217,11829653,11932373,102720,83677
218,11870728,11975001,104273,84918
219,11913094,12017740,104646,85120
220,11955552,12060310,104758,85013
221,11998071,12102953,104882,85114
222,12040618,12144869,104251,84233
223,12083010,12187172,104162,84596
224,12125382,12231557,106175,86711
225,12167767,12273779,106012,84670
226,12210291,12314569,104278,83224
227,12252778,12355820,103042,83823
228,12295418,12397165,101747,83679
229,12337791,12439409,101618,83169
230,12378791,12480018,101227,82884
231,12421119,12521638,100519,84045
232,12463571,12562903,99332,82154
233,12504506,12603964,99458,83151
234,12546637,12645982,99345,82969
235,12587666,12688355,100689,84840
236,12630209,12731150,100941,85240
237,12672719,12773981,101262,85270
238,12715235,12816737,101502,85197
239,12757752,12857988,100236,83706
240,12800262,12900057,99795,84511
241,12842760,12942530,99770,83509
242,12883873,12984500,100627,84393
243,12926373,13026877,100504,84819
244,12968891,13068552,99661,84087
245,13011357,13110223,98866,84105
246,13053821,13151010,97189,81879
247,13094967,13192562,97595,83849
248,13137307,13233344,96037,82007
249,13178586,13274663,96077,83625
250,13220944,13323757,102813,90234
251,13262168,13364644,102476,83246
252,13304577,13406146,101569,83819
253,13346938,13448787,101849,83560
254,13387932,13490122,102190,83777
255,13430428,13532095,101667,84626
256,13473119,13573673,100554,82695
257,13514290,13614943,100653,83795
258,13556856,13655879,99023,81883
259,13597852,13696879,99027,83499
260,13640380,13738607,98227,82578
261,13681271,13781240,99969,83784
262,13722498,13826969,104471,88426
263,13765258,13868437,103179,84174
264,13808012,13910355,102343,84375
265,13850506,13952797,102291,83378
266,13891511,13995067,103556,84421
267,13933738,14037451,103713,84704
268,13976123,14078666,102543,83603
269,14018563,14119587,101024,83492
270,14061171,14161999,100828,83397
271,14102231,14204116,101885,84563
272,14144754,14245253,100499,83490
273,14187163,14286677,99514,84459
274,14230244,14327553,97309,81903
275,14271331,14368836,97505,83813
276,14313902,14411436,97534,83525
277,14354901,14452996,98095,84064
278,14397460,14494717,97257,84256
279,14440033,14536641,96608,83097
280,14481273,14577643,96370,83503
281,14523825,14618681,94856,83589
282,14566411,14661620,95209,83919
283,14607472,14703825,96353,84438
284,14649782,14745337,95555,83967
285,14692270,14787230,94960,83022
286,14733467,14832289,98822,86878
287,14775349,14873612,98263,83759
288,14817842,14915549,97707,84412
289,14860361,14958137,97776,83783
290,14901621,14999689,98068,84078
291,14944199,15041534,97335,84269
292,14986659,15082935,96276,82519
293,15027830,15124677,96847,84190
294,15070312,15166772,96460,83174
295,15111466,15209043,97577,84577
296,15153848,15249939,96091,83351
297,15196356,15291215,94859,84146
298,15239262,15336545,97283,86489
299,15280483,15377595,97112,83438
300,15322925,15418839,95914,83759
301,15365493,15460916,95423,83216
302,15406728,15501862,95134,83505
303,15449320,15542983,93663,81992
304,15490244,15584486,94242,84070
305,15532850,15626583,93733,83216
306,15574045,15667601,93556,83620
307,15616692,15708773,92081,83516
308,15659075,15750840,91765,83228
309,15700281,15792205,91924,84176
310,15743130,15840536,97406,89536
311,15784396,15882084,97688,84053
312,15826956,15923767,96811,84119
313,15869430,15965748,96318,83059
314,15910572,16006967,96395,83735
315,15953122,16047787,94665,81875
316,15994224,16089257,95033,83922
317,16036707,16131152,94445,83014
318,16077864,16173866,96002,83748
319,16118966,16215868,96902,84438
320,16161478,16256882,95404,83418
321,16204010,16297899,93889,84049
322,16247118,16344665,97547,87750
323,16288166,16386272,98106,84034
324,16330649,16427707,97058,83867
325,16373135,16469799,96664,83299
326,16414407,16512603,98196,85351
327,16457030,16554880,97850,84707
328,16499537,16595619,96082,83169
329,16542020,16637210,95190,84254
330,16584718,16680291,95573,84147
331,16625863,16722583,96720,84753
332,16668400,16774837,106437,94786
333,16710996,16816763,105767,84829
334,16753977,16859019,105042,84727
335,16796525,16899886,103361,83220
336,16838932,16941577,102645,84153
337,16881433,16984362,102929,83798
338,16922522,17025540,103018,83604
339,16965001,17066802,101801,83716
340,17007493,17108123,100630,82383
341,17048602,17150033,101431,84216
342,17090949,17191061,100112,82003
343,17131978,17232317,100339,83694
344,17174452,17273581,99129,82178
345,17215432,17314623,99191,83955
346,17258386,17357275,98889,83662
347,17299472,17398660,99188,83848
348,17341991,17440485,98494,84255
349,17384458,17482540,98082,83026
350,17425498,17523491,97993,83305
351,17467906,17564760,96854,83700
352,17510374,17605851,95477,82008
353,17551345,17646982,95637,83594
354,17593846,17688146,94300,82248
355,17634982,17729137,94155,83415
356,17677440,17771487,94047,83351
357,17718484,17812528,94044,83865
358,17761348,17859316,97968,87868
359,17802491,17900893,98402,84177
360,17845147,17942361,97214,83740
361,17887459,17984588,97129,83433
362,17928731,18026824,98093,84569
363,17971139,18068870,97731,84583
364,18013753,18109809,96056,83386
365,18056253,18150967,94714,83739
366,18098869,18193556,94687,83542
367,18139883,18235559,95676,84350
368,18182306,18276602,94296,83490
369,18224806,18317649,92843,84043
370,18267843,18365700,97857,89232
371,18309088,18406810,97722,83532
372,18351565,18448062,96497,83693
373,18394044,18490527,96483,83420
374,18435077,18533349,98272,85339
375,18477670,18575903,98233,85023
376,18520216,18617474,97258,84067
377,18562767,18659014,96247,83968
378,18605233,18700069,94836,82239
379,18646471,18741605,95134,83961
380,18688950,18783037,94087,82651
381,18730222,18824658,94436,84543
382,18773196,18870708,97512,87337
383,18814545,18911860,97315,83622
384,18857070,18954022,96952,84699
385,18899671,18996456,96785,84982
386,18942296,19037252,94956,83276
387,18984829,19078781,93952,84180
388,19027519,19119490,91971,81903
389,19068764,19160912,92148,83714
390,19111096,19206139,95043,86421
391,19152354,19247943,95589,84340
392,19194968,19292590,97622,86917
393,19237305,19334340,97035,84789
394,19280421,19379322,98901,87412
395,19322915,19420555,97640,83669
396,19365406,19462275,96869,84190
397,19407916,19505111,97195,83991
398,19449148,19546258,97110,83542
399,19491597,19587263,95666,83576
400,19534195,19628568,94373,82340
401,19575283,19669675,94392,83647
402,19617859,19710771,92912,82146
403,19658954,19751902,92948,83395
404,19701267,19794297,93030,83433
405,19742369,19835337,92968,84082
406,19785447,19883124,97677,88774
407,19826499,19924524,98025,83847
408,19869000,19965525,96525,83393
409,19911428,20008109,96681,83625
410,19952532,20050124,97592,84368
411,19994961,20092583,97622,84726
412,20037306,20134300,96994,84142
413,20079785,20175699,95914,83823
414,20122243,20217785,95542,83226
415,20163449,20259880,96431,84480
416,20205910,20302028,96118,84663
417,20248495,20344208,95713,84586
418,20290977,20389512,98535,87867
419,20333604,20430959,97355,83945
420,20376158,20472533,96375,84058
421,20418674,20514149,95475,82750
422,20459848,20555728,95880,82756
423,20501078,20596873,95795,83677
424,20543647,20638122,94475,82315
425,20584761,20679099,94338,83147
426,20626966,20721710,94744,83639
427,20668051,20763415,95364,84060
428,20710484,20806086,95602,85074
429,20752958,20847999,95041,84444
430,20795567,20893591,98024,87897
431,20837934,20935052,97118,84040
432,20880569,20976780,96211,84058
433,20922937,21018733,95796,82992
434,20964052,21061226,97174,84956
435,21006591,21103966,97375,85285
436,21049211,21145274,96063,83785
437,21091743,21186336,94593,83623
438,21134345,21228280,93935,83079
439,21175545,21270628,95083,84782
440,21218056,21313593,95537,85388
441,21260549,21355985,95436,84741
442,21302973,21401114,98141,87682
443,21345592,21442225,96633,83548
444,21388083,21483493,95410,83781
445,21430636,21525787,95151,83302
446,21471720,21566605,94885,83392
447,21514348,21607787,93439,83706
448,21556907,21648921,92014,82207
449,21598026,21690270,92244,83185
450,21639913,21732220,92307,83044
451,21681051,21773771,92720,84057
452,21723596,21814556,90960,81913
453,21764776,21856007,91231,83853
454,21807217,21904028,96811,89187
455,21848448,21945215,96767,83633
456,21890949,21986609,95660,83865
457,21933463,22027531,94068,82083
458,21974680,22068706,94026,83756
459,22017294,22111145,93851,83447
460,22058366,22151868,93502,82696
461,22100392,22193149,92757,83578
462,22142725,22236531,93806,84400
463,22183807,22279101,95294,84808
464,22226122,22321827,95705,85141
465,22268608,22363520,94912,84018
466,22311009,22408921,97912,87812
467,22353484,22449923,96439,83572
468,22396109,22491517,95408,83889
469,22438440,22533387,94947,83033
470,22479677,22574564,94887,83581
471,22522133,22615640,93507,83550
472,22564643,22656905,92262,82312
473,22605741,22697853,92112,83323
474,22648154,22742557,94403,85838
475,22689352,22785225,95873,85169
476,22731930,22826636,94706,83845
477,22774399,22868872,94473,83354
478,22815587,22909749,94162,83079
479,22857910,22950881,92971,83647
480,22900488,22992212,91724,82330
481,22941530,23033264,91734,83621
482,22984136,23076584,92448,84374
483,23025252,23117443,92191,83407
484,23067835,23161653,93818,85198
485,23108877,23203881,95004,84333
486,23151060,23245221,94161,83792
487,23193566,23286124,92558,83529
488,23236228,23329332,93104,84319
489,23277395,23371647,94252,84090
490,23319247,23417817,98570,88678
491,23361820,23460209,98389,84704
492,23404208,23501870,97662,84231
493,23446831,23543503,96672,84080
494,23489317,23584970,95653,82656
495,23530559,23626144,95585,83691
496,23573114,23667757,94643,82695
497,23614236,23710112,95876,83550
498,23655508,23750820,95312,83288
499,23698142,23792559,94417,84287
500,23740730,23834221,93491,82832
501,23781952,23875465,93513,83736
502,23824480,23920576,96096,86201
503,23865627,23962624,96997,84039
504,23907694,24003707,96013,83527
505,23950190,24045415,95225,84267
506,23992788,24086117,93329,81992
507,24034132,24127456,93324,83811
508,24076641,24169582,92941,83298
509,24117898,24210892,92994,83890
510,24160515,24251830,91315,82101
511,24201721,24293133,91412,83664
512,24244119,24338383,94264,86387
513,24285326,24380170,94844,84234
514,24327849,24425578,97729,87848
515,24370365,24467806,97441,84811
516,24413025,24508722,95697,83366
517,24455527,24549919,94392,83773
518,24498136,24592255,94119,83225
519,24539088,24634254,95166,84246
520,24581401,24677864,96463,86031
521,24623886,24719755,95869,84346
522,24666418,24760908,94490,83620
523,24708936,24801716,92780,83354
524,24751517,24845934,94417,85283
525,24792644,24888272,95628,84593
526,24834976,24933338,98362,87520
527,24877493,24975778,98285,84841
528,24919971,25016517,96546,83349
529,24962634,25057881,95247,83805
530,25005112,25099778,94666,82964
531,25046246,25142248,96002,84879
532,25088722,25185425,96703,85525
533,25131133,25228051,96918,85057
534,25173641,25269439,95798,83830
535,25216137,25310862,94725,83847
536,25258598,25351739,93141,81912
537,25299697,25393183,93486,83951
538,25342240,25440515,98275,88471
539,25383440,25482290,98850,84162
540,25425902,25523424,97522,83554
541,25468376,25565148,96772,84222
542,25510912,25607991,97079,83870
543,25552015,25649987,97972,84495
544,25594591,25692442,97851,84930
545,25637142,25734426,97284,84418
546,25679652,25775577,95925,83533
547,25722088,25816794,94706,83748
548,25764660,25857878,93218,82241
549,25805869,25898822,92953,83527
550,25848490,25946054,97564,88301
551,25889622,25988512,98890,84895
552,25932135,26031118,98983,85033
553,25974636,26073879,99243,85251
554,26017202,26116674,99472,85294
555,26059778,26159144,99366,84878
556,26102263,26201107,98844,84591
557,26144967,26243361,98394,84531
558,26187329,26284201,96872,83383
559,26229925,26325836,95911,84079
560,26272408,26367468,95060,82812
561,26313640,26408710,95070,83711
562,26356146,26453149,97003,85577
563,26397347,26495815,98468,85077
564,26439835,26537201,97366,83856
565,26482357,26578810,96453,84127
566,26524914,26620459,95545,82762
567,26566081,26661830,95749,83918
568,26608676,26703974,95298,83282
569,26649881,26745940,96059,84300
570,26692291,26787213,94922,83767
571,26734838,26828455,93617,83658
572,26777304,26870530,93226,83218
573,26818511,26911566,93055,83598
574,26861109,26958168,97059,87614
575,26902184,27001035,98851,85382
576,26944775,27042159,97384,83467
577,26987180,27083484,96304,83887
578,27029781,27125767,95986,83187
579,27070760,27167901,97141,84635
580,27113337,27209934,96597,84459
581,27155839,27252147,96308,84728
582,27198431,27293211,94780,83548
583,27240967,27334218,93251,83592
584,27283588,27375545,91957,82408
585,27324714,27416435,91721,83224
586,27367084,27463612,96528,88195
587,27408158,27506041,97883,84669
588,27450474,27547545,97071,84044
589,27493067,27589558,96491,84477
590,27535572,27630931,95359,82480
591,27576731,27672743,96012,84121
592,27619075,27715445,96370,83667
593,27660116,27758171,98055,85139
594,27702605,27799704,97099,84126
595,27745252,27841476,96224,84125
596,27787657,27883450,95793,83125
597,27828884,27925527,96643,84338
598,27871220,27969837,98617,86814
599,27913788,28012633,98845,85301
600,27956371,28053874,97503,83705
601,27998888,28095226,96338,83832
602,28041408,28137197,95789,83239
603,28082750,28179031,96281,84352
604,28125335,28221577,96242,84987
605,28167840,28263613,95773,84470
606,28210350,28304510,94160,83371
607,28252876,28345881,93005,83894
608,28295435,28387140,91705,82401
609,28336623,28428270,91647,83582
610,28379110,28475738,96628,88549
611,28420253,28517403,97150,84036
612,28462680,28558969,96289,84013
613,28505168,28600839,95671,83089
614,28546464,28642100,95636,83772
615,28589028,28683527,94499,83837
616,28631477,28724400,92923,82011
617,28672667,28765802,93135,84009
618,28715313,28806469,91156,81711
619,28756409,28847955,91546,84031
620,28798989,28889100,90111,82195
621,28840091,28930172,90081,83644
622,28882707,28972438,89731,83313
623,28923799,29013434,89635,83539
624,28966375,29061042,94667,88621
625,29007452,29103649,96197,85157
626,29050079,29145908,95829,84810
627,29092694,29188332,95638,84775
628,29135121,29229422,94301,83534
629,29177617,29271486,93869,84501
630,29220121,29315667,95546,86774
631,29262778,29357779,95001,84508
632,29305251,29400896,95645,85570
633,29347777,29443383,95606,84919
634,29390286,29485070,94784,84243
635,29432895,29526348,93453,83783
636,29475437,29567447,92010,82249
637,29516717,29608516,91799,83731
638,29559444,29652967,93523,85605
639,29600654,29694717,94063,84000
640,29642981,29736105,93124,83802
641,29685449,29777636,92187,84057
642,29728012,29818468,90456,82016
643,29769249,29859669,90420,83681
644,29811766,29900631,88865,82142
645,29852993,29942032,89039,83891
646,29895517,29985143,89626,84205
647,29936667,30026323,89656,83587
648,29979108,30072799,93691,87544
649,30020230,30114628,94398,83922
650,30062399,30155817,93418,83615
651,30104879,30196863,91984,83584
652,30147455,30238102,90647,82241
653,30188509,30279221,90712,83599
654,30231024,30320495,89471,82244
655,30272039,30361788,89749,83791
656,30314576,30408725,94149,88065
657,30355776,30450883,95107,84662
658,30398346,30496924,98578,88520
659,30440889,30539215,98326,84652
660,30483327,30581264,97937,84443
661,30525789,30623605,97816,84832
662,30568357,30664328,95971,83180
663,30610869,30705724,94855,83835
664,30653348,30748078,94730,83484
665,30694543,30790258,95715,84688
666,30737128,30833491,96363,85833
667,30779793,30875567,95774,84487
668,30822280,30918765,96485,85725
669,30864876,30961363,96487,85100
670,30907454,31005876,98422,86943
671,30949947,31047867,97920,84502
672,30992534,31089046,96512,83569
673,31034976,31130469,95493,83894
674,31077485,31172814,95329,83413
675,31118629,31214682,96053,84405
676,31161242,31255815,94573,83598
677,31203769,31296986,93217,83745
678,31246381,31337998,91617,81970
679,31287391,31379304,91913,83853
680,31329976,31420392,90416,82047
681,31370987,31461816,90829,83999
682,31413599,31511482,97883,90768
683,31454765,31553914,99149,84744
684,31497155,31595043,97888,83580
685,31539658,31636325,96667,83855
686,31582267,31678968,96701,83547
687,31623245,31720442,97197,83775
688,31665601,31762089,96488,84070
689,31708063,31804845,96782,84013
690,31749395,31846139,96744,83832
691,31791987,31887355,95368,83757
692,31834566,31928303,93737,82111
693,31875783,31969552,93769,83694
694,31918267,32015495,97228,87154
695,31959543,32058007,98464,84922
696,32002030,32099941,97911,84461
697,32044634,32142286,97652,84652
698,32087020,32184452,97432,84763
699,32129694,32226488,96794,84464
700,32172199,32268605,96406,84508
701,32214654,32310748,96094,84607
702,32257194,32353126,95932,84859
703,32299738,32395726,95988,85030
704,32342244,32438236,95992,84966
705,32384773,32480353,95580,84728
706,32427461,32521234,93773,83354
707,32469987,32562575,92588,83836
708,32512519,32603461,90942,81971
709,32553658,32645165,91507,84208
710,32596202,32687033,90831,82866
711,32637265,32728293,91028,83656
712,32679697,32774781,95084,87425
713,32720697,32816623,95926,84382
714,32763314,32857802,94488,83616
715,32805805,32899847,94042,84446
716,32848275,32941001,92726,82331
717,32889506,32982371,92865,83883
718,32932056,33023241,91185,81962
719,32973200,33064564,91364,83866
720,33015778,33105525,89747,82058
721,33056922,33147589,90667,84511
722,33099421,33194245,94824,87831
723,33140661,33236422,95761,84713
724,33183274,33277501,94227,83527
725,33225775,33318658,92883,83645
726,33268303,33359826,91523,82340
727,33309528,33400605,91077,83315
728,33352115,33446629,94514,87094
729,33393255,33489242,95987,85030
730,33435745,33537179,101434,90483
731,33478356,33579879,101523,85071
732,33520805,33621319,100514,83870
733,33563288,33662966,99678,84087
734,33605769,33703700,97931,81838
735,33646927,33745877,98950,84605
736,33689432,33786918,97486,83392
737,33731836,33828558,96722,84121
738,33774354,33869492,95138,81890
739,33815355,33910900,95545,83756
740,33857743,33951841,94098,82040
741,33898897,33993105,94208,83708
742,33941374,34034391,93017,82578
743,33982710,34076794,94084,83247
744,34023629,34118413,94784,84060
745,34066124,34159647,93523,83727
746,34108654,34200552,91898,82080
747,34149872,34241999,92127,83732
748,34192191,34286203,94012,85303
749,34233350,34328194,94844,84164
750,34275590,34369474,93884,83731
751,34318095,34410626,92531,83631
752,34360613,34455823,95210,86467
753,34401946,34497723,95777,84469
754,34444588,34546004,101416,90618
755,34486991,34588234,101243,84743
756,34529580,34629393,99813,83582
757,34572057,34670531,98474,83564
758,34614513,34713303,98790,83690
759,34655505,34754770,99265,83932
760,34698025,34796865,98840,84493
761,34740466,34839426,98960,83667
762,34781648,34881098,99450,84137
763,34824166,34922707,98541,84042
764,34866650,34964169,97519,82354
765,34907596,35005863,98267,84096
766,34950042,35046648,96606,81837
767,34991144,35088323,97179,84127
768,35033632,35129406,95774,82077
769,35074670,35170464,95794,83463
770,35117113,35211550,94437,82192
771,35158272,35252836,94564,83905
772,35200926,35295683,94757,83906
773,35242047,35338402,96355,85172
774,35284567,35379972,95405,84010
775,35327060,35421472,94412,84006
776,35369604,35464302,94698,84044
777,35410881,35506681,95800,84808
778,35453382,35556129,102747,92002
779,35496018,35598835,102817,85076
780,35538463,35641399,102936,85046
781,35581023,35684004,102981,84904
782,35623397,35726609,103212,85039
783,35665907,35768560,102653,84291
784,35708324,35809641,101317,83556
785,35750853,35851902,101049,84660
786,35793295,35893071,99776,82347
787,35834525,35934150,99625,83542
788,35877025,35975445,98420,82397
789,35918180,36017332,99152,84458
790,35960790,36061684,100894,85424
791,36001927,36103813,101886,84475
792,36044349,36145094,100745,83729
793,36086851,36186368,99517,83851
794,36129470,36229086,99616,83642
795,36170539,36270541,100002,83961
796,36213115,36311400,98285,81762
797,36254071,36352956,98885,84171
798,36296713,36394762,98049,82639
799,36337613,36437193,99580,84219
800,36379478,36478458,98980,83668
801,36421933,36519452,97519,83514
802,36464491,36565498,101007,87114
803,36505622,36607839,102217,84824
804,36548184,36648530,100346,83159
805,36590726,36690456,99730,84367
806,36633208,36731836,98628,82542
807,36674423,36773785,99362,84437
808,36716942,36814975,98033,82369
809,36758175,36856065,97890,83541
810,36800664,36898872,98208,83867
811,36841801,36941372,99571,84960
812,36884338,36984104,99766,85291
813,36926972,37026471,99499,84780
814,36969461,37071723,102262,87818
815,37012091,37114568,102477,85124
816,37054445,37157106,102661,84976
817,37096959,37198624,101665,83828
818,37139325,37240390,101065,84242
819,37181838,37282992,101154,83650
820,37222964,37324419,101455,83905
821,37265497,37366403,100906,84281
822,37307844,37407607,99763,82462
823,37349154,37448762,99608,83494
824,37391531,37491132,99601,83403
825,37432641,37532967,100326,84147
826,37475028,37576721,101693,86207
827,37517544,37619413,101869,85246
828,37560175,37660620,100445,83661
829,37602682,37701816,99134,83653
830,37645180,37744325,99145,83573
831,37686321,37786313,99992,84564
832,37728975,37829120,100145,85189
833,37771433,37871686,100253,84971
834,37813915,37913286,99371,84114
835,37856482,37954939,98457,84082
836,37898948,37995895,96947,82002
837,37940046,38037082,97036,83564
838,37982457,38082932,100475,86698
839,38023369,38124329,100960,83837
840,38065865,38165599,99734,83689
841,38108326,38207686,99360,83207
842,38149524,38248480,98956,83269
843,38192050,38290445,98395,84420
844,38234545,38331787,97242,82401
845,38275659,38373630,97971,84254
846,38318111,38414980,96869,82328
847,38359141,38457089,97948,84542
848,38401612,38498522,96910,82521
849,38442752,38540004,97252,83926
850,38485232,38586183,100951,87249
851,38526362,38628109,101747,84274
852,38568786,38670523,101737,84768
853,38611215,38712520,101305,84411
854,38653708,38755007,101299,84970
855,38696267,38796812,100545,84190
856,38738748,38839351,100603,84979
857,38781267,38882101,100834,85056
858,38823648,38923066,99418,83419
859,38866157,38964328,98171,83747
860,38908683,39005534,96851,82378
861,38949908,39046559,96651,83361
862,38992283,39092417,100134,86921
863,39033407,39135051,101644,84796
864,39075645,39176406,100761,83800
865,39118142,39218476,100334,84604
866,39160722,39261090,100368,83781
867,39201966,39303776,101810,85235
868,39244591,39345877,101286,84419
869,39286986,39388402,101416,85020
870,39329557,39429869,100312,83902
871,39372057,39471492,99435,84094
872,39414568,39513405,98837,82912
873,39455643,39555806,100163,84833
874,39498151,39599864,101713,86535
875,39540691,39642311,101620,84798
876,39583119,39683844,100725,84046
877,39625687,39725675,99988,84259
878,39668156,39768533,100377,83991
879,39709364,39810872,101508,84792
880,39751894,39852993,101099,84657
881,39794507,39895374,100867,84837
882,39837042,39937068,100026,84153
883,39879555,39978762,99207,84105
884,39922000,40020466,98466,82970
885,39963341,40062277,98936,84230
886,40005835,40106847,101012,86994
887,40048323,40148478,100155,84135
888,40090882,40190305,99423,84230
889,40133327,40233202,99875,84020
890,40174526,40274398,99872,83697
891,40217079,40316350,99271,84443
892,40259609,40357646,98037,82379
893,40300745,40398780,98035,83422
894,40343076,40440044,96968,82391
895,40384255,40481116,96861,83583
896,40426802,40522323,95521,82141
897,40467787,40563308,95521,83411
898,40510248,40610817,100569,88430
899,40551231,40652788,101557,84367
900,40593704,40694658,100954,84290
901,40636200,40737101,100901,84869
902,40678742,40779052,100310,84209
903,40721075,40821569,100494,84950
904,40763585,40862737,99152,83587
905,40806057,40903763,97706,83575
906,40848647,40945042,96395,82470
907,40889890,40986399,96509,83890
908,40932459,41027100,94641,81781
909,40973593,41068450,94857,83779
910,41016070,41116532,100462,89215
911,41057265,41159069,101804,84838
912,41099643,41201877,102234,85213
913,41142124,41244379,102255,84931
914,41184630,41287085,102455,85058
915,41227059,41328899,101840,84245
916,41269569,41370380,100811,83930
917,41312072,41412340,100268,84291
918,41354445,41453581,99136,82381
919,41395638,41495063,99425,83911
920,41438105,41537156,99051,83000
921,41479087,41578875,99788,84029
922,41521473,41623521,102048,87127
923,41564017,41665371,101354,84297
924,41606539,41707735,101196,84806
925,41649057,41749731,100674,84332
926,41691470,41792367,100897,85054
927,41733964,41835056,101092,85177
928,41776528,41876353,99825,83702
929,41818987,41917552,98565,83732
930,41861552,41958661,97109,82212
931,41902729,42000845,98116,84754
932,41945337,42042023,96686,82276
933,41986488,42084307,97819,84897
934,42029143,42125388,96245,82274
935,42070390,42166623,96233,83792
936,42112984,42208966,95982,83279
937,42153996,42249726,95730,83307
938,42196597,42291040,94443,83638
939,42238956,42333099,94143,83201
940,42280173,42376468,96295,85882
941,42322749,42418387,95638,84466
942,42365362,42461453,96091,85409
943,42407771,42503626,95855,84577
944,42450252,42546561,96309,85379
945,42492759,42589133,96374,84903
946,42535162,42637054,101892,90337
947,42577641,42679781,102140,85179
948,42620184,42721260,101076,83949
949,42662732,42763081,100349,84203
950,42705156,42804533,99377,82546
951,42746302,42845770,99468,83695
952,42788800,42887055,98255,82449
953,42830089,42928461,98372,83821
954,42872572,42969380,96808,81998
955,42913695,43010763,97068,83129
956,42955474,43053012,97538,83198
957,42996490,43095601,99111,84257
958,43038234,43139109,100875,85979
959,43080769,43181096,100327,84277
960,43123136,43222297,99161,83658
961,43165646,43263327,97681,83334
962,43207989,43305950,97961,83698
963,43249141,43348793,99652,85149
964,43291525,43391334,99809,84957
965,43334017,43434068,100051,85152
966,43376511,43475365,98854,83707
967,43418975,43517476,98501,84569
968,43461471,43558716,97245,82336
969,43502620,43600741,98121,84634
970,43545272,43642032,96760,82374
971,43586408,43684045,97637,84547
972,43628983,43725324,96341,82368
973,43670138,43766600,96462,83862
974,43712767,43808927,96160,83354
975,43753871,43850762,96891,84320
976,43796432,43893126,96694,84795
977,43838928,43935069,96141,84360
978,43881423,43976313,94890,83562
979,43923793,44017379,93586,83647
980,43966412,44061359,94947,84895
981,44007391,44103633,96242,84698
982,44049891,44151731,101840,90663
983,44092521,44194428,101907,85092
984,44134994,44235822,100828,83932
985,44177587,44277594,100007,84195
986,44220047,44319608,99561,83224
987,44261332,44361442,100110,84116
988,44303693,44403840,100147,84856
989,44346227,44445748,99521,84295
990,44388687,44488218,99531,84722
991,44431015,44530110,99095,84295
992,44473495,44571311,97816,83603
993,44515951,44612415,96464,83613
994,44558496,44653598,95102,82238
995,44599604,44695134,95530,84047
996,44642170,44737025,94855,82922
997,44683265,44778896,95631,84271
998,44725742,44822517,96775,86006
999,44768190,44864578,96388,84573
1000,44810778,44906864,96086,85383
1001,44853952,44948999,95047,82618
