step,start,end,latency,execution
1,0,80479,80479,116310
2,35864,121174,85310,76577
3,71767,162545,90778,77277
4,107692,204465,96773,77746
5,143564,245708,102144,77250
6,179613,286757,107144,77683
7,216291,328031,111740,77869
8,252923,369032,116109,78011
9,289972,410379,120407,78050
10,326714,452590,125876,78874
11,363429,494928,131499,78997
12,400145,536705,136560,79571
13,438000,578013,140013,79598
14,476344,620298,143954,80709
15,514834,662561,147727,80750
16,553369,704244,150875,78131
17,589886,745774,155888,79959
18,628359,787971,159612,80590
19,666811,830258,163447,80615
20,705175,872182,167007,78207
21,741518,914586,173068,80817
22,779990,956581,176591,80328
23,818376,999231,180855,80960
24,856739,1042037,185298,81134
25,895132,1084228,189096,80523
26,933528,1126580,193052,80736
27,971992,1169167,197175,81049
28,1010525,1210793,200268,80230
29,1049166,1251510,202344,79122
30,1087619,1293218,205599,80614
31,1126586,1335821,209235,81498
32,1165537,1378150,212613,78602
33,1201883,1419390,217507,78936
34,1239611,1460801,221190,77639
35,1275901,1502887,226986,80248
36,1314141,1545184,231043,81126
37,1353053,1587211,234158,80950
38,1392022,1629110,237088,78189
39,1428383,1670489,242106,79963
40,1467009,1712738,245729,80985
41,1505805,1754746,248941,80942
42,1544814,1797281,252467,81298
43,1583659,1840095,256436,81645
44,1622546,1881452,258906,77694
45,1658938,1922731,263793,79829
46,1697549,1964542,266993,80443
47,1736260,2006773,270513,80761
48,1774859,2049138,274279,80820
49,1813380,2091131,277751,80485
50,1851915,2133618,281703,78787
51,1888266,2175516,287250,78784
52,1925220,2216686,291466,79573
53,1963678,2257867,294189,79613
54,2002167,2299777,297610,80517
55,2040854,2342178,301324,82045
56,2080574,2384272,303698,80763
57,2119321,2426440,307119,80734
58,2157967,2468562,310595,80843
59,2196745,2511072,314327,78791
60,2233086,2553851,320765,80706
61,2271090,2596196,325106,80849
62,2309674,2638317,328643,79378
63,2346997,2680503,333506,79451
64,2384332,2722631,338299,79599
65,2421881,2764540,342659,79327
66,2459400,2805572,346172,78714
67,2497143,2847155,350012,79271
68,2534897,2889141,354244,79515
69,2572494,2930454,357960,79966
70,2611204,2971647,360443,78861
71,2648937,3013940,365003,79559
72,2686269,3056770,370501,80105
73,2723608,3097929,374321,78615
74,2761098,3140132,379034,78175
75,2797119,3182796,385677,79498
76,2834028,3224237,390209,78959
77,2871602,3265789,394187,78863
78,2908953,3308018,399065,78389
79,2945185,3350764,405579,79690
80,2982206,3391963,409757,78557
81,3019609,3434122,414513,79400
82,3056884,3476574,419690,78564
83,3093058,3518496,425438,79044
84,3130258,3560817,430559,79625
85,3167641,3602980,435339,79605
86,3205135,3645011,439876,78003
87,3241189,3687441,446252,79392
88,3278230,3737651,459421,87581
89,3315667,3779722,464055,79358
90,3352993,3821384,468391,77729
91,3389109,3862898,473789,78832
92,3426489,3905813,479324,80420
93,3464073,3948099,484026,79872
94,3501737,3988903,487166,78575
95,3539567,4030391,490824,78898
96,3577037,4072560,495523,79484
97,3614425,4113669,499244,78427
98,3651786,4154802,503016,78428
99,3689128,4197084,507956,79626
100,3726550,4238067,511517,78330
101,3763953,4279740,515787,79099
102,3801440,4322090,520650,78323
103,3837491,4363596,526105,78949
104,3874986,4405944,530958,79717
105,3912407,4448399,535992,79693
106,3949694,4491116,541422,78765
107,3985807,4533388,547581,78959
108,4022572,4575535,552963,79767
109,4060270,4617682,557412,79595
110,4097772,4659783,562011,78068
111,4133810,4701742,567932,79417
112,4171337,4744343,573006,79906
113,4208686,4786971,578285,78563
114,4244686,4829574,584888,79864
115,4282001,4870478,588477,78321
116,4319451,4912773,593322,78369
117,4355600,4954943,599343,78982
118,4392493,4997074,604581,79783
119,4430237,5038309,608072,78781
120,4467841,5080724,612883,79936
121,4505443,5123556,618113,80360
122,4543050,5164430,621380,78185
123,4580403,5205960,625557,78789
124,4617719,5248016,630297,79822
125,4655569,5290792,635223,80411
126,4693288,5332385,639097,79353
127,4731100,5374470,643370,79723
128,4768813,5417361,648548,80452
129,4806452,5458759,652307,78986
130,4844073,5499750,655677,76802
131,4879944,5542175,662231,79496
132,4917094,5585031,667937,80626
133,4954947,5626208,671261,78989
134,4992794,5668463,675669,78214
135,5028808,5710863,682055,79388
136,5065867,5751764,685897,78607
137,5103629,5793190,689561,79101
138,5141342,5835398,694056,78227
139,5177429,5877728,700299,78814
140,5213982,5920641,706659,80406
141,5251549,5962841,711292,80016
142,5289421,6004742,715321,77930
143,5325505,6047429,721924,79320
144,5362210,6090163,727953,80350
145,5399911,6132286,732375,79773
146,5437620,6174421,736801,78208
147,5473765,6215568,741803,78155
148,5510828,6257042,746214,79149
149,5548556,6299724,751168,79945
150,5585874,6342062,756188,78536
151,5622128,6383454,761326,78196
152,5658994,6425615,766621,79850
153,5696761,6468404,771643,80455
154,5734484,6509654,775170,77252
155,5770536,6552061,781525,79952
156,5808154,6594151,785997,79602
157,5845755,6637025,791270,80471
158,5883415,6678339,794924,78816
159,5920963,6720463,799500,79872
160,5958782,6762861,804079,80126
161,5996593,6803806,807213,78708
162,6034415,6845371,810956,79174
163,6072184,6888174,815990,80389
164,6109952,6930336,820384,79720
165,6147581,6971561,823980,78604
166,6184993,7013909,828916,78191
167,6220890,7056819,835929,79358
168,6257407,7097803,840396,78711
169,6295193,7139410,844217,79368
170,6332993,7181534,848541,78169
171,6369106,7224018,854912,79094
172,6405801,7265752,859951,79437
173,6443578,7309754,866176,81485
174,6481105,7352622,871517,78848
175,6517155,7393939,876784,78622
176,6554507,7436047,881540,79892
177,6592361,7477490,885129,79197
178,6630146,7520063,889917,78432
179,6666064,7561797,895733,78021
180,6702404,7603637,901233,79475
181,6740121,7646385,906264,80548
182,6777974,7689130,911156,78575
183,6813867,7731596,917729,78879
184,6850352,7773675,923323,79821
185,6888178,7816173,927995,80305
186,6926042,7857601,931559,77452
187,6962117,7899573,937456,79052
188,6999266,7942159,942893,80252
189,7037003,7983373,946370,78952
190,7074771,8024530,949759,77292
191,7110959,8066635,955676,79054
192,7147979,8109546,961567,80396
193,7185539,8150800,965261,79311
194,7223642,8202967,979325,88225
195,7259763,8245359,985596,78754
196,7296197,8288175,991978,80466
197,7333930,8330599,996669,80050
198,7371614,8373679,1002065,79033
199,7407648,8416040,1008392,79630
200,7444980,8457605,1012625,77540
201,7480998,8499574,1018576,79738
202,7518842,8542050,1023208,78582
203,7555012,8583303,1028291,78142
204,7591967,8624531,1032564,79057
205,7629862,8666617,1036755,79754
206,7667614,8709455,1041841,80464
207,7705323,8750774,1045451,79058
208,7743121,8792114,1048993,78867
209,7780694,8834184,1053490,79544
210,7818211,8875379,1057168,77180
211,7854266,8916719,1062453,78667
212,7891658,8958567,1066909,79604
213,7929496,9000783,1071287,79904
214,7967230,9043187,1075957,78442
215,8003333,9094639,1091306,88053
216,8040016,9137154,1097138,80163
217,8077735,9178379,1100644,79045
218,8115586,9220442,1104856,77873
219,8151451,9262906,1111455,79994
220,8189065,9305942,1116877,80693
221,8226804,9348117,1121313,79734
222,8264445,9390143,1125698,79637
223,8302134,9433130,1130996,80468
224,8339680,9474360,1134680,78723
225,8377218,9515908,1138690,79491
226,8415211,9556723,1141512,76845
227,8451290,9598279,1146989,78661
228,8488456,9641261,1152805,80439
229,8525996,9683880,1157884,80191
230,8563625,9725434,1161809,77462
231,8599592,9767509,1167917,79505
232,8637104,9809641,1172537,79689
233,8674733,9852061,1177328,79886
234,8712247,9894240,1181993,78190
235,8748321,9936295,1187974,78457
236,8784804,9978699,1193895,80054
237,8822538,10021408,1198870,80286
238,8860171,10063663,1203492,78297
239,8896290,10105974,1209684,79282
240,8933333,10148350,1215017,80061
241,8971101,10190775,1219674,79960
242,9008709,10232193,1223484,78924
243,9046260,10273649,1227389,79344
244,9084215,10316096,1231881,80091
245,9121942,10357664,1235722,79070
246,9159479,10400684,1241205,78958
247,9195490,10443312,1247822,79919
248,9232864,10485070,1252206,79314
249,9270466,10526494,1256028,78953
250,9308045,10568692,1260647,80130
251,9346062,10610839,1264777,79703
252,9383701,10653413,1269712,80189
253,9421401,10694957,1273556,79032
254,9458918,10737301,1278383,78409
255,9495036,10778351,1283315,77648
256,9531664,10820310,1288646,77868
257,9567615,10861736,1294121,77900
258,9604136,10903934,1299798,79684
259,9641675,10947019,1305344,80819
260,9679468,10987883,1308415,76919
261,9715578,11029654,1314076,79219
262,9753092,11072320,1319228,80317
263,9790825,11113595,1322770,79057
264,9828668,11155026,1326358,79192
265,9866494,11197820,1331326,80368
266,9904138,11239080,1334942,78762
267,9941686,11280427,1338741,78930
268,9979326,11322377,1343051,79694
269,10017146,11363671,1346525,79108
270,10055033,11404575,1349542,78401
271,10092593,11446028,1353435,79056
272,10130253,11487417,1357164,78997
273,10167925,11530106,1362181,80344
274,10205636,11571416,1365780,77315
275,10241690,11612676,1370986,78614
276,10279098,11655562,1376464,80378
277,10316632,11697141,1380509,77800
278,10352932,11739807,1386875,80370
279,10390719,11781920,1391201,79861
280,10428549,11823313,1394764,78989
281,10466176,11864759,1398583,77397
282,10502180,11906946,1404766,79288
283,10539391,11949772,1410381,80269
284,10576907,11992029,1415122,79805
285,10614526,12033299,1418773,79253
286,10652545,12075340,1422795,78089
287,10688667,12116615,1427948,78522
288,10725971,12157930,1431959,78916
289,10763611,12200878,1437267,78836
290,10799574,12242865,1443291,78860
291,10836506,12284144,1447638,77465
292,10872743,12326598,1453855,79241
293,10909583,12369446,1459863,80362
294,10947145,12411927,1464782,78645
295,10983395,12452712,1469317,77551
296,11020219,12494211,1473992,79117
297,11057901,12537006,1479105,80446
298,11095607,12578156,1482549,76995
299,11131506,12620377,1488871,79556
300,11168913,12663015,1494102,80385
301,11206719,12704241,1497522,77099
302,11242625,12745311,1502686,77831
303,11279447,12788029,1508582,80407
304,11317220,12829331,1512111,79086
305,11355038,12871346,1516308,78106
306,11391196,12912382,1521186,78658
307,11428860,12953990,1525130,77464
308,11464766,12995024,1530258,78003
309,11501780,13036124,1534344,78923
310,11539637,13078547,1538910,78194
311,11575466,13121181,1545715,79359
312,11612274,13162648,1550374,79153
313,11649996,13204779,1554783,78185
314,11686115,13247069,1560954,79741
315,11723641,13289273,1565632,79927
316,11761436,13330286,1568850,78791
317,11799245,13371456,1572211,77191
318,11835326,13414323,1578997,80211
319,11872742,13455678,1582936,78882
320,11910321,13497066,1586745,79203
321,11948283,13539067,1590784,79709
322,11986097,13581326,1595229,78372
323,12022269,13622435,1600166,77916
324,12059146,13664868,1605722,80014
325,12096784,13707630,1610846,78702
326,12132798,13750660,1617862,79936
327,12169787,13792124,1622337,79053
328,12207424,13834305,1626881,79574
329,12244870,13876408,1631538,78221
330,12281053,13918342,1637289,78897
331,12318090,13960881,1642791,80060
332,12355691,14003515,1647824,80195
333,12393336,14044817,1651481,78867
334,12430933,14086124,1655191,77298
335,12466978,14128604,1661626,79558
336,12504126,14171517,1667391,80396
337,12541656,14213643,1671987,78192
338,12577785,14255720,1677935,78955
339,12614736,14298049,1683313,80032
340,12652523,14339708,1687185,79315
341,12690212,14381523,1691311,77773
342,12726234,14423627,1697393,79334
343,12763517,14466308,1702791,78455
344,12799350,14507506,1708156,77128
345,12835317,14549059,1713742,78839
346,12872644,14591985,1719341,78979
347,12908754,14633052,1724298,77724
348,12945473,14675440,1729967,80030
349,12983169,14717602,1734433,78183
350,13019255,14759751,1740496,78742
351,13055932,14801852,1745920,79784
352,13093698,14844021,1750323,79711
353,13131298,14886052,1754754,77901
354,13167223,14928254,1761031,79689
355,13204782,14969475,1764693,79022
356,13242646,15011635,1768989,79729
357,13280299,15053695,1773396,79703
358,13317999,15096170,1778171,78461
359,13354059,15139269,1785210,80608
360,13391624,15181411,1789787,78148
361,13427694,15223346,1795652,78247
362,13464054,15266180,1802126,78570
363,13499867,15308672,1808805,79125
364,13536575,15351551,1814976,80583
365,13574335,15392975,1818640,77318
366,13610279,15435289,1825010,79334
367,13647389,15478305,1830916,80615
368,13685072,15519232,1834160,78514
369,13722718,15561720,1839002,80257
370,13760533,15604508,1843975,78807
371,13796609,15647304,1850695,80423
372,13834310,15689030,1854720,79555
373,13872198,15730385,1858187,78973
374,13909882,15772485,1862603,79764
375,13947630,15814872,1867242,79993
376,13985320,15857723,1872403,80502
377,14023028,15900622,1877594,78855
378,14059036,15941950,1882914,78442
379,14096195,15983529,1887334,79169
380,14133836,16026259,1892423,80326
381,14171517,16067456,1895939,78848
382,14209227,16108669,1899442,78936
383,14247013,16151347,1904334,80281
384,14284700,16193179,1908479,79443
385,14322356,16234243,1911887,77157
386,14358535,16275398,1916863,78780
387,14396221,16318246,1922025,80422
388,14433865,16359637,1925772,78964
389,14471469,16401850,1930381,78178
390,14507509,16443672,1936163,78825
391,14544595,16485022,1940427,79111
392,14582385,16527598,1945213,78356
393,14618220,16570437,1952217,79721
394,14655186,16611296,1956110,78493
395,14692879,16652923,1960044,79093
396,14730398,16695199,1964801,79739
397,14767933,16738278,1970345,80569
398,14805500,16780403,1974903,79990
399,14843448,16822324,1978876,79596
400,14881200,16864731,1983531,80029
401,14918868,16907653,1988785,78926
402,14954942,16949959,1995017,79633
403,14992351,16992927,2000576,80408
404,15029885,17034216,2004331,78994
405,15067647,17075329,2007682,78597
406,15105184,17117355,2012171,79509
407,15142759,17159556,2016797,80139
408,15180770,17200752,2019982,78743
409,15218374,17243229,2024855,80041
410,15256022,17284983,2028961,79434
411,15293760,17326436,2032676,78991
412,15331359,17368598,2037239,79738
413,15368993,17410733,2041740,78211
414,15405153,17453581,2048428,80364
415,15442740,17495154,2052414,79047
416,15480248,17538141,2057893,78970
417,15516312,17580560,2064248,79961
418,15553938,17623401,2069463,80464
419,15591646,17665519,2073873,79690
420,15629301,17708307,2079006,80505
421,15667075,17749718,2082643,77365
422,15703080,17791217,2088137,78567
423,15740196,17832218,2092022,78498
424,15777738,17873245,2095507,78663
425,15815421,17915498,2100077,79973
426,15853225,17957633,2104408,79789
427,15890962,17998951,2107989,79035
428,15928711,18040279,2111568,77285
429,15964730,18083046,2118316,80197
430,16002244,18125215,2122971,79789
431,16039909,18166630,2126721,77426
432,16075967,18207531,2131564,77165
433,16112253,18249957,2137704,78392
434,16148271,18292084,2143813,78396
435,16184620,18334282,2149662,79944
436,16222422,18377274,2154852,78988
437,16258491,18418038,2159547,77797
438,16295556,18459703,2164147,77373
439,16331306,18501734,2170428,78246
440,16367581,18544251,2176670,79985
441,16405119,18586968,2181849,80696
442,16443155,18628169,2185014,77250
443,16479247,18669519,2190272,78219
444,16516183,18711822,2195639,79905
445,16553870,18753709,2199839,79573
446,16591612,18795727,2204115,77966
447,16627626,18837181,2209555,78666
448,16664887,18879615,2214728,79904
449,16702430,18922143,2219713,80103
450,16740077,18963547,2223470,79306
451,16778038,19004658,2226620,78734
452,16815728,19046915,2231187,79967
453,16853522,19087796,2234274,78601
454,16891302,19129287,2237985,79104
455,16928980,19171489,2242509,79951
456,16966802,19213777,2246975,79914
457,17004484,19256824,2252340,78964
458,17040470,19299726,2259256,79379
459,17077017,19342022,2265005,80063
460,17114868,19384101,2269233,79804
461,17152651,19426313,2273662,78199
462,17188711,19468352,2279641,79369
463,17226118,19509295,2283177,78404
464,17263603,19550725,2287122,77277
465,17299493,19593135,2293642,78742
466,17335896,19635226,2299330,79503
467,17373381,19677329,2303948,79604
468,17410955,19720219,2309264,80586
469,17448709,19761470,2312761,77396
470,17484912,19803568,2318656,79763
471,17522649,19846193,2323544,80291
472,17560387,19889060,2328673,80339
473,17597940,19931258,2333318,79813
474,17635640,19972313,2336673,78566
475,17673197,20013828,2340631,79007
476,17710720,20056675,2345955,78851
477,17746789,20099136,2352347,79123
478,17783534,20143187,2359653,81671
479,17821332,20186174,2364842,78899
480,17857416,20228479,2371063,79281
481,17894473,20270605,2376132,79885
482,17932313,20312748,2380435,79775
483,17969998,20354934,2384936,78165
484,18006042,20397174,2391132,78751
485,18042620,20440239,2397619,80871
486,18080506,20483179,2402673,80665
487,18118311,20525358,2407047,80026
488,18156212,20567588,2411376,77983
489,18192027,20609991,2417964,78630
490,18228336,20650872,2422536,78566
491,18266079,20691859,2425780,78645
492,18303799,20734230,2430431,79877
493,18341372,20776551,2435179,79787
494,18378891,20819450,2440559,78893
495,18414947,20861932,2446985,79214
496,18451760,20904518,2452758,80216
497,18489470,20947131,2457661,80348
498,18527294,20989269,2461975,79687
499,18564923,21031531,2466608,79876
500,18602591,21074596,2472005,79103
501,18638703,21117523,2478820,79939
502,18675782,21159662,2483880,79636
503,18713348,21201775,2488427,79910
504,18751224,21243956,2492732,79982
505,18789079,21287290,2498211,79376
506,18825217,21329532,2504315,79947
507,18863002,21372590,2509588,80664
508,18900688,21414685,2513997,79763
509,18938410,21456918,2518508,78232
510,18974478,21499640,2525162,79599
511,19011422,21542046,2530624,79938
512,19049004,21584692,2535688,78676
513,19085101,21627542,2542441,79893
514,19122224,21670597,2548373,80627
515,19159878,21712530,2552652,79631
516,19197659,21754822,2557163,79958
517,19235429,21797290,2561861,80081
518,19273124,21840087,2566963,80405
519,19310813,21882176,2571363,79761
520,19348553,21924197,2575644,79474
521,19386074,21966562,2580488,80362
522,19424152,22008673,2584521,79735
523,19461856,22050905,2589049,79961
524,19499639,22093155,2593516,78183
525,19535648,22135247,2599599,79501
526,19573139,22177583,2604444,80186
527,19611069,22220304,2609235,80304
528,19648737,22262580,2613843,79726
529,19686257,22304792,2618535,79727
530,19723817,22347197,2623380,78417
531,19759900,22390267,2630367,80335
532,19797245,22433097,2635852,80512
533,19835007,22475341,2640334,79848
534,19872691,22517495,2644804,79720
535,19910366,22559854,2649488,79850
536,19947911,22602743,2654832,78840
537,19983939,22644999,2661060,79535
538,20021288,22687166,2665878,79666
539,20059813,22729522,2669709,81602
540,22736078,22799246,63168,100768
541,22773726,22821147,47421,57855
542,22809732,22876652,66920,92193
543,22846495,22898283,51788,59239
544,22884145,22947651,63506,85283
545,22920097,22970290,50193,58873
546,22956411,23022504,66093,89794
547,22994088,23043343,49255,58313
548,23031591,23101025,69434,93812
549,23067791,23122579,54788,58890
550,23105152,23173244,68092,86622
551,23141151,23195648,54497,58788
552,23177594,23241520,63926,83333
553,23215129,23263193,48064,59380
554,23252872,23324932,72060,98012
555,23289199,23347293,58094,59154
556,23326064,23389013,62949,79246
557,23363622,23411053,47431,57981
558,23399628,23462171,62543,88653
559,23437193,23484007,46814,57909
560,23473323,23543596,70273,96667
561,23510466,23566191,55725,59982
562,23547920,23623275,75355,94532
563,23585447,23645720,60273,60130
564,23623198,23694637,71439,86392
565,23660747,23716596,55849,59257
566,23698109,23773318,75209,94170
567,23735635,23795946,60311,60251
568,23773331,23845595,72264,87273
569,23811034,23868173,57139,60139
570,23848664,23914734,66070,84157
571,23886341,23936065,49724,58938
572,23923979,23993633,69654,93670
573,23960132,24015840,55708,59359
574,23997349,24073885,76536,95631
575,24035015,24096183,61168,59919
576,24072714,24139187,66473,80630
577,24110419,24160023,49604,58405
578,24148021,24216344,68323,92452
579,24184205,24237228,53023,58062
580,24221411,24289649,68238,88514
581,24257554,24312257,54703,59455
582,24294463,24365502,71039,90811
583,24332103,24387644,55541,59418
584,24369440,24440320,70880,90098
585,24406938,24462745,55807,59755
586,24444332,24519548,75216,94199
587,24481802,24541806,60004,59695
588,24519306,24590332,71026,85995
589,24556852,24612755,55903,59759
590,24594251,24668427,74176,93079
591,24631736,24690782,59046,59596
592,24669042,24739886,70844,86522
593,24706536,24762434,55898,60105
594,24744155,24807127,62972,82080
595,24781618,24828682,47064,58967
596,24819068,24888654,69586,96199
597,24855354,24911059,55705,59896
598,24892909,24957481,64572,83984
599,24930502,24978872,48370,57373
600,24966543,25037018,70475,95261
601,25003733,25059116,55383,59387
602,25041085,25115490,74405,93863
603,25078648,25137931,59283,59720
604,25115991,25186939,70948,86391
605,25153450,25209063,55613,59440
606,25190829,25257082,66253,85426
607,25228310,25277798,49488,58293
608,25265936,25335618,69682,94086
609,25302261,25357629,55368,59289
610,25339603,25415057,75454,94898
611,25377167,25437206,60039,59696
612,25414779,25485523,70744,85764
613,25452302,25507621,55319,59544
614,25489813,25562737,72924,92610
615,25527403,25585548,58145,60061
616,25564719,25634908,70189,86839
617,25602273,25657426,55153,60067
618,25639885,25705969,66084,86020
619,25677437,25726639,49202,58323
620,25715124,25779701,64577,89210
621,25751313,25802150,50837,58986
622,25787930,25851541,63611,86687
623,25825256,25873353,48097,57756
624,25861248,25927615,66367,91233
625,25898294,25949003,50709,58988
626,25935924,26003628,67704,90740
627,25972081,26025771,53690,58646
628,26008650,26079413,70763,91027
629,26046110,26101780,55670,59671
630,26083482,26149471,65989,85253
631,26121123,26170726,49603,58735
632,26158650,26226927,68277,92313
633,26194815,26248808,53993,58762
634,26231758,26307066,75308,95749
635,26269323,26329405,60082,59827
636,26306877,26376961,70084,84993
637,26344475,26399193,54718,59485
638,26381868,26456101,74233,94465
639,26419499,26478117,58618,59533
640,26457080,26527906,70826,87233
641,26494599,26550099,55500,59554
642,26532023,26602976,70953,90358
643,26569583,26625175,55592,59547
644,26606995,26678093,71098,90432
645,26644587,26700071,55484,59300
646,26681973,26758021,76048,95495
647,26719594,26780900,61306,60552
648,26757343,26823181,65838,79741
649,26794877,26844319,49442,58754
650,26832525,26903624,71099,95428
651,26868693,26925749,57056,58942
652,26905574,26975816,70242,87528
653,26943110,26997813,54703,59316
654,26980491,27046434,65943,86126
655,27018071,27067187,49116,58234
656,27055585,27121878,66293,90815
657,27091762,27143404,51642,58480
658,27128743,27198115,69372,90764
659,27164853,27220225,55372,59374
660,27202178,27273187,71009,90469
661,27239761,27295586,55825,59699
662,27277125,27351138,74013,93066
663,27314713,27373454,58741,59624
664,27352086,27423010,70924,87000
665,27389606,27445750,56144,60085
666,27427013,27497938,70925,89657
667,27464557,27520267,55710,59628
668,27501918,27565132,63214,82406
669,27539534,27586306,46772,58638
670,27577030,27645754,68724,95519
671,27613147,27667759,54612,58852
672,27650057,27715760,65703,85425
673,27687556,27737177,49621,58822
674,27724995,27797384,72389,96415
675,27761254,27819580,58326,59490
676,27798613,27870640,72027,88508
677,27836138,27893559,57421,60361
678,27873649,27939508,65859,83725
679,27911501,27961148,49647,59259
680,27949154,28015560,66406,90583
681,27985385,28037139,51754,59108
682,28022944,28086870,63926,85613
683,28058866,28108712,49846,58033
684,28095108,28156594,61486,83810
685,28131067,28177806,46739,57318
686,28167206,28235266,68060,93691
687,28203478,28257489,54011,58677
688,28239995,28308355,68360,88371
689,28277575,28329764,52189,58778
690,28314978,28383605,68627,89851
691,28351041,28405561,54520,58757
692,28387912,28453214,65302,84958
693,28425293,28474858,49565,58928
694,28462603,28531913,69310,93116
695,28498724,28554359,55635,59768
696,28536114,28606866,70752,89982
697,28573663,28629304,55641,59703
698,28610995,28685301,74306,93407
699,28648482,28707576,59094,59540
700,28685811,28756703,70892,86554
701,28723312,28779168,55856,59796
702,28760707,28831635,70928,90026
703,28798341,28853745,55404,59373
704,28835671,28906510,70839,90164
705,28873146,28929002,55856,59758
706,28910474,28981627,71153,90298
707,28948222,29003642,55420,59298
708,28985573,29056379,70806,90182
709,29023094,29079063,55969,60007
710,29060487,29135940,75453,94556
711,29098240,29158492,60252,59903
712,29135658,29206656,70998,85703
713,29173274,29228986,55712,59640
714,29210648,29282178,71530,90989
715,29248520,29304461,55941,59551
716,29285850,29351546,65696,84719
717,29323561,29372586,49025,58478
718,29361032,29427616,66584,91222
719,29397274,29449209,51935,58580
720,29434292,29498902,64610,85802
721,29470452,29520412,49960,58549
722,29507523,29580228,72705,96022
723,29543782,29602737,58955,59547
724,29580884,29652180,71296,86926
725,29618442,29674150,55708,59372
726,29655907,29727009,71102,90346
727,29693468,29749133,55665,59464
728,29730872,29802335,71463,90799
729,29768544,29825119,56575,60061
730,29805883,29877047,71164,89448
731,29843480,29899314,55834,59543
732,29880821,29951636,70815,89820
733,29918394,29974162,55768,59812
734,29955750,30030876,75126,94099
735,29993211,30052941,59730,59388
736,30030597,30101613,71016,85995
737,30068003,30123750,55747,59423
738,30105352,30177056,71704,90887
739,30143008,30199132,56124,59396
740,30180390,30246392,66002,84706
741,30217911,30267875,49964,58940
742,30255399,30322869,67470,91113
743,30291564,30344564,53000,58254
744,30328188,30396097,67909,89279
745,30366009,30417738,51729,59245
746,30403643,30476892,73249,95171
747,30439706,30499389,59683,59246
748,30476523,30538571,62048,76671
749,30514042,30559937,45895,57365
750,30550097,30621691,71594,99433
751,30587842,30643575,55733,59082
752,30625099,30690164,65065,83839
753,30662400,30711039,48639,58050
754,30699605,30769140,69535,94074
755,30735629,30791652,56023,59553
756,30772733,30843601,70868,89537
757,30810402,30865822,55420,59480
758,30847729,30924211,76482,95813
759,30885230,30946105,60875,59370
760,30922775,30993548,70773,84946
761,30960348,31015577,55229,59268
762,30997653,31068485,70832,90397
763,31035217,31090789,55572,59596
764,31072577,31138741,66164,85498
765,31110199,31159962,49763,58474
766,31147481,31215218,67737,91377
767,31183650,31237786,54136,59397
768,31220542,31286767,66225,86471
769,31258109,31307731,49622,58223
770,31295400,31368845,73445,97310
771,31331641,31391080,59439,59072
772,31368546,31439460,70914,85907
773,31406149,31461343,55194,59159
774,31443494,31514576,71082,90926
775,31481263,31536951,55688,59633
776,31518589,31584230,65641,84705
777,31556090,31606551,50461,59730
778,31593575,31662034,68459,93170
779,31631326,31682927,51601,58336
780,31668815,31737863,69048,91062
781,31704995,31760210,55215,59169
782,31741886,31819308,77422,96718
783,31779581,31841792,62211,59916
784,31817079,31888444,71365,84131
785,31854636,31910276,55640,59079
786,31891953,31963019,71066,90215
787,31929500,31985279,55779,59579
788,31966881,32032703,65822,84848
789,32004380,32053745,49365,58397
790,32041766,32110285,68519,92578
791,32077855,32132120,54265,58677
792,32114761,32180558,65797,85828
793,32152225,32202124,49899,59084
794,32189776,32265207,75431,99132
795,32225950,32287269,61319,58831
796,32262867,32334257,71390,84467
797,32300420,32356184,55764,59195
798,32337752,32408952,71200,90143
799,32375203,32430936,55733,59310
800,32412591,32478680,66089,85213
801,32450134,32500203,50069,58965
802,32487608,32555824,68216,91828
803,32523859,32578069,54210,58870
804,32560548,32632359,71811,91950
805,32598283,32654443,56160,59407
806,32635668,32712554,76886,95684
807,32673316,32735243,61927,60250
808,32710948,32774127,63179,76604
809,32748702,32796284,47582,58197
810,32784814,32856370,71556,97652
811,32822444,32878606,56162,59564
812,32859835,32922843,63008,81842
813,32897471,32944365,46894,57515
814,32933521,33001120,67599,94032
815,32970863,33022516,51653,58847
816,33008348,33079069,70721,92745
817,33044616,33100947,56331,59150
818,33081953,33158732,76779,95393
819,33119636,33180486,60850,59185
820,33157136,33228979,71843,86025
821,33194745,33250874,56129,59194
822,33232108,33303612,71504,90324
823,33269768,33325688,55920,59373
824,33307130,33373336,66206,85269
825,33344826,33394233,49407,58266
826,33382228,33448913,66685,90786
827,33418379,33471086,52707,58670
828,33454938,33521225,66287,87613
829,33492487,33541867,49380,57921
830,33529798,33604771,74973,99028
831,33565975,33626935,60960,59178
832,33603059,33674306,71247,84757
833,33640521,33696268,55747,59229
834,33677852,33749412,71560,90759
835,33715542,33771422,55880,59276
836,33752874,33819254,66380,85314
837,33790432,33840176,49744,58149
838,33827706,33897862,70156,93891
839,33863962,33920135,56173,59579
840,33901328,33972674,71346,90114
841,33938979,33994537,55558,59140
842,33976319,34054043,77724,97162
843,34014050,34076688,62638,60151
844,34051622,34114477,62855,75223
845,34089086,34135736,46650,57205
846,34125089,34196461,71372,98376
847,34162804,34218402,55598,59248
848,34200173,34266107,65934,85150
849,34237694,34287248,49554,58512
850,34275097,34345136,70039,94089
851,34311349,34367675,56326,59397
852,34348268,34419642,71374,89454
853,34385831,34441726,55895,59363
854,34423173,34500664,77491,96450
855,34460761,34523440,62679,60062
856,34498111,34569650,71539,83668
857,34535644,34591588,55944,59210
858,34572980,34644643,71663,90595
859,34610598,34666871,56273,59551
860,34647984,34713950,65966,84569
861,34685549,34735575,50026,59178
862,34723134,34792200,69066,92601
863,34759163,34814083,54920,58782
864,34796132,34862004,65872,85460
865,34833745,34883609,49864,59157
866,34871330,34945969,74639,98583
867,34907600,34968346,60746,59450
868,34944744,35016289,71545,85612
869,34982489,35038517,56028,59553
870,35019875,35091403,71528,90441
871,35057505,35113311,55806,59270
872,35094932,35160772,65840,84986
873,35132531,35181359,48828,57995
874,35169973,35239794,69821,94517
875,35206113,35262317,56204,59839
876,35243490,35315108,71618,90457
877,35281232,35337713,56481,59930
878,35318618,35396107,77489,95911
879,35356211,35418431,62220,59803
880,35393758,35456549,62791,75737
881,35431409,35478605,47196,58154
882,35467574,35538909,71335,97881
883,35505214,35561299,56085,59744
884,35542632,35608672,66040,85018
885,35580352,35629710,49358,58494
886,35617842,35687694,69852,94171
887,35654103,35710253,56150,59907
888,35691514,35762647,71133,90004
889,35729199,35784605,55406,59207
890,35766509,35843387,76878,96120
891,35803921,35865260,61339,59273
892,35841395,35912454,71059,84708
893,35878984,35934522,55538,59370
894,35916349,35987629,71280,90537
895,35953854,36010123,56269,59819
896,35991241,36057315,66074,84682
897,36028807,36078702,49895,58793
898,36066244,36131486,65242,88889
899,36102393,36153384,50991,58383
900,36138941,36204567,65626,88437
901,36176271,36225234,48963,57975
902,36213628,36288645,75017,99540
903,36249809,36311268,61459,59624
904,36286881,36357821,70940,83859
905,36324262,36379788,55526,59238
906,36361597,36432704,71107,90284
907,36399039,36454699,55660,59268
908,36436375,36502388,66013,85266
909,36474029,36523397,49368,58454
910,36511506,36579942,68436,92749
911,36547756,36602754,54998,59641
912,36584649,36655906,71257,90635
913,36622207,36677996,55789,59415
914,36659595,36736786,77191,96349
915,36697231,36758550,61319,59213
916,36734749,36796775,62026,75709
917,36772265,36818671,46406,57867
918,36808283,36879174,70891,97240
919,36845090,36901939,56849,60093
920,36882483,36948169,65686,83572
921,36919900,36969321,49421,58590
922,36957371,37026950,69579,93814
923,36993608,37049092,55484,59472
924,37031004,37102399,71395,90633
925,37068407,37125054,56647,59961
926,37105776,37183306,77530,95725
927,37143326,37205718,62392,59765
928,37180743,37251726,70983,83410
929,37218221,37273872,55651,59354
930,37255492,37326793,71301,90398
931,37293044,37348774,55730,59302
932,37330429,37396071,65642,84907
933,37368114,37417707,49593,59199
934,37405709,37474794,69085,93196
935,37441867,37496712,54845,58936
936,37478959,37545304,66345,86050
937,37516491,37566964,50473,59151
938,37554015,37628811,74796,97924
939,37590140,37650794,60654,58819
940,37627045,37698359,71314,85077
941,37664633,37720761,56128,59695
942,37701988,37773401,71413,90263
943,37739685,37795842,56157,59740
944,37777047,37843294,66247,85018
945,37814688,37863893,49205,58098
946,37852221,37922121,69900,94400
947,37888453,37944483,56030,59699
948,37925854,37997259,71405,90209
949,37963385,38019951,56566,59957
950,38000712,38077833,77121,95341
951,38038247,38099978,61731,59410
952,38075578,38137773,62195,75214
953,38113083,38158774,45691,56906
954,38149099,38220044,70945,98736
955,38186631,38242338,55707,59580
956,38223980,38290308,66328,85577
957,38261663,38311781,50118,58701
958,38298926,38368198,69272,92588
959,38335149,38390691,55542,59340
960,38372058,38443880,71822,90632
961,38409576,38466032,56456,59429
962,38446918,38523977,77059,95544
963,38484593,38546113,61520,59560
964,38522086,38593528,71442,84769
965,38559513,38615497,55984,59224
966,38596832,38668034,71202,90031
967,38634399,38690755,56356,60023
968,38671764,38737906,66142,84594
969,38709282,38758616,49334,58016
970,38746620,38816103,69483,93607
971,38782793,38838713,55920,59474
972,38819719,38886134,66415,84974
973,38857346,38907608,50262,58923
974,38894830,38968991,74161,97595
975,38931087,38991070,59983,58985
976,38968061,39039130,71069,85557
977,39005633,39061316,55683,59496
978,39043006,39114873,71867,91284
979,39080809,39136880,56071,59336
980,39118200,39184262,66062,84939
981,39155832,39205691,49859,58838
982,39193273,39258769,65496,89168
983,39229406,39280833,51427,58558
984,39265967,39333693,67726,90258
985,39303445,39354841,51396,58531
986,39340860,39408798,67938,89972
987,39376918,39430777,53859,58815
988,39413817,39485134,71317,91840
989,39451401,39507650,56249,59782
990,39488729,39560152,71423,89997
991,39526300,39582177,55877,59376
992,39563715,39634901,71186,90239
993,39601304,39657706,56402,60086
994,39638648,39710222,71574,90008
995,39676217,39732043,55826,59079
996,39713538,39784890,71352,90408
997,39751174,39807643,56469,59998
998,39788482,39859025,70543,88786
999,39825962,39881009,55047,59211
1000,39863259,39929337,66078,86652
1001,39901658,39951705,50047,57772
