iteration,start,end,latency,execution
1,0,78688,78688,137410
2,1134,119799,118665,280600
3,42045,161056,119011,286009
4,82911,202113,119202,287727
5,123833,243505,119672,288652
6,165325,284887,119562,296360
7,206170,325792,119622,285594
8,247563,367251,119688,290447
9,288921,408515,119594,295329
10,330341,450897,120556,288420
11,371265,492912,121647,310689
12,413690,535022,121332,278771
13,456169,577321,121152,332822
14,499529,619510,119981,285796
15,541885,661790,119905,288732
16,584196,703655,119459,304054
17,626550,746177,119627,285965
18,668879,788660,119781,296336
19,711197,830303,119106,287740
20,753469,872249,118780,282867
21,794538,914518,119980,334193
22,837007,956846,119839,278604
23,879310,999019,119709,293739
24,921629,1041162,119533,293761
25,964023,1083339,119316,309117
26,1006335,1126133,119798,290499
27,1048676,1167319,118643,277806
28,1090929,1208796,117867,283521
29,1131644,1251025,119381,306515
30,1173642,1292936,119294,297512
31,1215985,1335096,119111,297988
32,1258250,1376203,117953,281854
33,1300635,1418714,118079,290124
34,1341409,1461479,120070,310146
35,1383956,1502836,118880,282070
36,1426243,1545175,118932,279173
37,1466989,1588044,121055,326311
38,1509487,1630179,120692,289485
39,1551772,1671565,119793,277533
40,1594079,1713659,119580,287175
41,1634855,1755834,120979,304711
42,1676837,1797892,121055,297245
43,1719197,1840781,121584,299952
44,1761525,1882251,120726,282060
45,1803890,1924184,120294,290225
46,1844643,1966543,121900,308328
47,1887084,2008511,121427,296001
48,1929625,2051048,121423,293644
49,1972214,2092997,120783,311460
50,2014718,2135329,120611,293457
51,2057221,2177407,120186,287359
52,2099567,2219625,120058,306073
53,2141852,2261767,119915,286459
54,2184193,2304144,119951,297822
55,2226711,2345960,119249,286406
56,2269177,2388049,118872,282505
57,2310287,2430301,120014,337618
58,2352939,2472291,119352,274779
59,2395262,2514396,119134,296147
60,2437827,2555930,118103,288145
61,2480399,2598001,117602,284749
62,2521262,2640156,118894,314922
63,2563695,2682516,118821,287748
64,2605989,2725453,119464,309834
65,2648459,2767911,119452,285911
66,2690973,2810806,119833,300013
67,2733519,2853658,120139,301663
68,2776113,2894852,118739,281500
69,2818609,2936500,117891,286437
70,2859509,2979396,119887,304850
71,2901509,3022152,120643,303898
72,2944128,3063485,119357,281121
73,2986563,3105701,119138,287109
74,3027364,3148029,120665,316537
75,3070087,3190125,120038,289949
76,3112627,3232117,119490,308395
77,3155184,3274442,119258,288052
78,3197745,3316704,118959,297578
79,3240270,3358861,118591,300110
80,3282765,3401761,118996,296270
81,3325361,3443760,118399,324127
82,3367867,3485190,117323,257943
83,3410360,3527489,117129,281451
84,3451144,3570538,119394,313097
85,3493617,3612754,119137,316440
86,3536254,3654759,118505,285357
87,3578709,3696957,118248,289878
88,3621204,3739137,117933,310492
89,3663759,3781408,117649,285631
90,3706269,3824144,117875,299708
91,3748788,3865607,116819,284527
92,3791281,3907793,116512,281866
93,3832239,3950837,118598,345430
94,3874961,3991922,116961,256467
95,3917514,4034465,116951,281829
96,3958438,4077357,118919,316333
97,4001173,4119546,118373,316851
98,4043722,4161691,117969,288314
99,4086278,4204576,118298,287507
100,4128775,4246942,118167,311307
101,4171314,4289000,117686,285529
102,4213859,4331032,117173,297093
103,4256381,4372466,116085,285428
104,4298904,4414456,115552,281792
105,4340004,4457424,117420,343240
106,4382655,4498742,116087,257882
107,4425332,4541142,115810,283069
108,4466257,4583110,116853,314824
109,4509023,4625454,116431,316098
110,4551603,4667516,115913,292807
111,4594244,4709700,115456,304762
112,4636795,4752016,115221,290001
113,4679525,4793907,114382,282976
114,4721851,4836099,114248,296431
115,4764334,4877075,112741,287510
116,4806624,4918603,111979,280083
117,4847720,4961469,113749,340226
118,4890315,5002531,112216,259021
119,4932724,5044113,111389,281366
120,4973530,5086266,112736,312955
121,5015938,5128381,112443,312932
122,5058383,5170282,111899,290558
123,5100874,5212462,111588,304520
124,5143434,5254752,111318,290017
125,5185874,5296917,111043,286908
126,5228459,5339788,111329,297476
127,5270771,5381148,110377,289689
128,5313382,5423261,109879,278851
129,5354183,5465555,111372,340025
130,5397008,5507558,110550,272601
131,5439417,5549918,110501,300863
132,5481998,5592624,110626,295085
133,5524516,5635250,110734,312194
134,5567066,5677906,110840,291686
135,5609546,5720419,110873,305832
136,5652125,5762703,110578,290440
137,5694572,5804596,110024,285762
138,5736944,5846688,109744,297046
139,5779532,5887982,108450,285618
140,5821825,5930166,108341,284242
141,5862906,5976143,113237,340795
142,5905393,6017344,111951,260815
143,5947733,6058701,110968,280320
144,5988582,6100740,112158,312787
145,6031084,6143076,111992,311978
146,6073577,6185046,111469,289762
147,6115970,6226912,110942,305332
148,6158421,6269562,111141,291184
149,6200928,6311584,110656,286141
150,6243394,6353796,110402,299578
151,6286036,6395679,109643,299087
152,6328507,6436962,108455,281533
153,6370727,6479141,108414,294230
154,6411853,6520271,108418,289648
155,6454277,6562459,108182,283581
156,6495277,6604518,109241,312107
157,6537631,6650727,113096,315054
158,6580199,6692573,112374,288421
159,6622475,6734139,111664,284569
160,6665062,6776128,111066,282742
161,6705987,6817374,111387,299361
162,6748761,6859635,110874,282464
163,6789691,6901801,112110,317240
164,6832420,6943710,111290,293264
165,6874847,6990734,115887,330004
166,6917764,7032094,114330,259374
167,6960292,7073423,113131,282550
168,7001325,7116236,114911,313461
169,7043812,7158610,114798,313765
170,7086590,7200564,113974,292492
171,7129166,7241833,112667,282498
172,7171438,7284144,112706,279356
173,7212451,7326374,113923,310136
174,7254975,7368565,113590,298116
175,7297596,7411341,113745,300438
176,7340068,7452756,112688,283280
177,7382668,7494652,111984,290245
178,7423661,7536091,112430,293735
179,7466238,7578093,111855,282065
180,7507104,7619413,112309,312671
181,7549732,7661733,112001,281068
182,7590827,7705620,114793,318327
183,7633479,7747725,114246,283103
184,7675968,7790832,114864,314653
185,7718587,7833378,114791,286169
186,7761071,7875394,114323,295650
187,7803383,7917471,114088,300965
188,7845998,7959660,113662,292769
189,7888314,8006261,117947,326569
190,7930930,8047877,116947,261720
191,7973259,8090040,116781,283511
192,8014182,8132067,117885,312214
193,8056703,8174385,117682,311970
194,8099022,8216358,117336,288323
195,8141341,8257527,116186,281514
196,8183636,8300098,116462,280396
197,8224660,8342094,117434,310968
198,8267225,8384463,117238,295906
199,8309564,8427122,117558,299554
200,8351923,8468220,116297,282331
201,8394185,8510408,116223,291088
202,8434955,8551905,116950,293180
203,8477440,8593886,116446,282120
204,8518202,8636088,117886,311964
205,8560710,8677427,116717,267191
206,8601167,8719677,118510,298716
207,8642476,8761737,119261,313065
208,8684974,8803615,118641,299615
209,8727282,8846095,118813,284540
210,8769642,8888629,118987,298443
211,8811966,8930236,118270,283496
212,8854222,8972397,118175,281422
213,8895139,9016380,121241,342452
214,8937609,9057529,119920,258445
215,8979960,9100036,120076,281167
216,9020674,9142071,121397,312992
217,9063182,9184458,121276,310649
218,9105521,9226402,120881,290602
219,9147882,9268502,120620,296238
220,9190181,9310494,120313,299947
221,9232517,9353066,120549,285677
222,9274839,9395530,120691,295275
223,9317154,9437198,120044,287300
224,9359448,9479442,119994,277646
225,9400214,9522977,122763,341862
226,9442700,9564623,121923,256831
227,9485019,9606591,121572,284816
228,9525946,9649056,123110,312023
229,9568390,9691106,122716,313894
230,9610904,9733402,122498,289918
231,9653219,9776167,122948,297109
232,9695498,9818585,123087,300513
233,9738065,9860692,122627,283605
234,9780388,9902786,122398,298135
235,9822852,9943893,121041,284496
236,9865337,9985964,120627,277308
237,9906035,10033804,127769,365904
238,9948049,10075127,127078,236883
239,9990539,10116032,125493,282217
240,10031357,10157168,125811,295424
241,10074385,10198826,124441,287439
242,10115050,10240840,125790,296657
243,10156302,10284080,127778,342057
244,10199076,10326111,127035,280313
245,10241886,10368480,126594,290501
246,10284687,10411010,126323,296553
247,10327142,10452556,125414,285692
248,10370248,10494827,124579,280842
249,10411032,10537469,126437,340632
250,10454013,10579116,125103,265507
251,10496803,10621130,124327,284471
252,10537807,10663545,125738,318274
253,10580765,10706298,125533,320132
254,10623517,10747798,124281,255445
255,10666266,10789981,123715,303033
256,10707422,10832357,124935,315850
257,10750331,10875270,124939,288418
258,10792874,10918023,125149,297990
259,10835375,10959356,123981,283329
260,10878024,11002047,124023,283711
261,10919074,11045441,126367,341575
262,10962090,11086962,124872,262462
263,11004846,11129101,124255,286304
264,11045872,11171414,125542,318451
265,11088885,11212138,123253,282409
266,11131532,11254714,123182,286545
267,11172478,11295796,123318,287356
268,11214415,11337939,123524,292006
269,11255746,11380162,124416,316870
270,11298404,11422976,124572,300441
271,11340956,11464311,123355,283289
272,11383496,11506518,123022,279809
273,11424287,11557398,133111,371848
274,11467039,11599784,132745,253671
275,11509684,11641752,132068,301570
276,11552401,11684117,131716,294666
277,11594980,11727069,132089,339251
278,11637700,11769422,131722,276193
279,11680564,11811419,130855,290211
280,11723197,11853467,130270,297339
281,11766031,11895869,129838,292059
282,11808734,11937794,129060,298550
283,11851385,11979758,128373,300550
284,11894083,12021093,127010,279014
285,11936779,12062112,125333,295497
286,11977734,12103626,125892,279474
287,12020409,12145436,125027,294959
288,12061667,12186901,125234,300971
289,12104604,12229057,124453,298956
290,12145733,12275098,129365,325731
291,12188471,12317396,128925,293112
292,12231051,12359441,128390,293909
293,12273753,12401826,128073,292287
294,12316351,12444443,128092,299599
295,12359211,12485944,126733,282715
296,12401812,12528075,126263,282934
297,12442997,12577145,134148,365962
298,12485978,12619406,133428,260119
299,12528830,12661448,132618,300645
300,12571437,12703411,131974,296591
301,12614153,12751019,136866,347069
302,12656909,12792674,135765,271264
303,12699526,12834239,134713,259023
304,12742312,12875028,132716,289264
305,12783324,12916581,133257,302773
306,12826266,12957344,131078,282409
307,12867321,12998691,131370,305018
308,12910275,13040802,130527,281049
309,12951260,13087658,136398,369571
310,12994125,13130082,135957,255953
311,13036935,13171989,135054,301207
312,13079592,13214380,134788,295644
313,13122387,13259495,137108,344300
314,13165156,13301842,136686,264964
315,13207690,13343859,136169,292941
316,13250245,13386140,135895,298046
317,13293047,13428061,135014,290783
318,13335608,13470760,135152,298985
319,13378362,13512091,133729,299635
320,13421077,13553669,132592,283221
321,13463718,13594848,131130,292164
322,13504693,13636675,131982,279742
323,13546016,13678014,131998,319681
324,13588851,13719264,130413,280343
325,13631469,13761439,129970,283138
326,13672475,13805386,132911,337208
327,13715364,13847778,132414,290391
328,13758119,13889792,131673,296257
329,13800764,13932108,131344,291601
330,13843500,13973980,130480,300912
331,13886227,14015207,128980,283816
332,13928947,14057454,128507,281096
333,13969980,14108084,138104,371437
334,14013024,14149870,136846,252541
335,14055681,14192766,137085,271163
336,14096637,14233992,137355,315614
337,14139264,14275055,135791,275214
338,14182020,14317345,135325,300298
339,14223194,14359449,136255,317105
340,14265854,14401793,135939,296433
341,14308474,14444020,135546,291375
342,14350902,14484974,134072,297677
343,14393743,14526046,132303,286664
344,14436392,14568429,132037,280606
345,14477523,14615323,137800,361160
346,14520395,14657253,136858,261159
347,14562964,14700032,137068,297234
348,14605504,14741691,136187,293367
349,14647990,14783052,135062,274598
350,14690419,14825032,134613,300746
351,14731553,14867597,136044,317720
352,14774196,14909280,135084,292888
353,14816540,14950994,134454,278194
354,14858977,14992603,133626,281321
355,14899784,15033856,134072,303769
356,14942373,15076023,133650,279474
357,14983294,15122040,138746,356839
358,15025575,15164410,138835,263521
359,15068069,15206391,138322,294295
360,15110578,15247639,137061,294918
361,15153059,15288554,135495,284402
362,15195512,15331251,135739,286911
363,15236606,15372344,135738,316933
364,15278897,15413356,134459,273439
365,15321390,15454706,133316,283720
366,15362472,15495531,133059,301279
367,15405065,15537614,132549,282657
368,15446063,15578940,132877,309373
369,15487994,15620143,132149,296075
370,15530558,15662648,132090,275092
371,15571541,15703692,132151,318006
372,15614330,15744735,130405,279908
373,15656813,15787108,130295,283059
374,15697751,15833148,135397,333997
375,15740413,15873923,133510,288907
376,15782752,15915306,132554,274784
377,15825086,15957551,132465,284840
378,15866321,15998545,132224,313592
379,15908975,16039775,130800,284598
380,15951418,16082124,130706,283931
381,15992534,16134325,141791,364756
382,16034980,16177109,142129,269498
383,16077518,16219502,141984,289690
384,16119871,16261163,141292,291145
385,16162319,16302951,140632,284678
386,16204845,16345730,140885,290563
387,16245859,16388030,142171,317793
388,16288453,16429019,140566,292333
389,16330877,16471084,140207,272401
390,16371661,16513341,141680,299146
391,16413600,16555234,141634,303720
392,16456029,16597680,141651,294425
393,16498520,16639962,141442,334876
394,16541037,16681251,140214,267874
395,16583479,16723748,140269,282169
396,16624417,16765292,140875,295858
397,16666857,16806421,139564,285730
398,16709384,16848881,139497,283609
399,16750208,16891673,141465,318967
400,16792877,16934254,141377,293639
401,16835187,16976197,141010,291705
402,16877704,17017163,139459,295791
403,16920197,17058290,138093,288038
404,16962554,17100809,138255,283579
405,17003544,17147705,144161,352449
406,17046178,17189786,143608,273852
407,17088701,17232101,143400,294077
408,17131131,17272989,141858,290354
409,17173621,17314562,140941,288622
410,17216262,17356268,140006,286460
411,17257076,17398695,141619,307907
412,17299515,17439771,140256,293122
413,17342000,17482357,140357,279907
414,17382819,17523945,141126,301256
415,17425473,17565455,139982,291338
416,17468064,17607428,139364,285478
417,17509073,17651685,142612,343327
418,17551751,17693716,141965,272256
419,17594240,17736092,141852,288616
420,17635321,17777870,142549,301804
421,17677964,17820427,142463,289645
422,17720446,17863256,142810,294894
423,17761404,17905277,143873,302584
424,17803876,17947796,143920,296070
425,17846332,17990589,144257,294944
426,17888668,18033247,144579,296959
427,17931026,18074890,143864,297066
428,17973486,18116617,143131,290811
429,18015881,18158421,142540,294421
430,18056816,18203028,146212,297810
431,18099319,18246774,147455,292397
432,18140328,18289636,149308,304412
433,18182804,18333194,150390,300088
434,18225305,18377223,151918,305792
435,18267869,18420081,152212,297137
436,18310302,18462322,152020,297590
437,18352720,18507275,154555,292964
438,18395129,18549599,154470,294034
439,18435999,18593814,157815,304034
440,18478636,18638523,159887,292888
441,18519378,18681106,161728,325553
442,18562007,18727266,165259,283180
443,18604335,18770697,166362,292641
444,18645091,18814111,169020,306956
445,18687560,18859388,171828,299485
446,18729896,18904177,174281,295520
447,18770774,18947708,176934,309371
448,18813269,18992839,179570,302596
449,18855682,19035700,180018,299752
450,18898222,19082068,183846,306928
451,18940701,19127699,186998,303627
452,18983047,19172302,189255,296429
453,19024156,19218370,194214,329717
454,19066699,19264574,197875,286430
455,19109179,19309425,200246,296475
456,19150021,19354495,204474,311618
457,19192606,19400968,208362,306966
458,19234997,19445674,210677,308870
459,19277327,19490714,213387,302691
460,19319672,19535925,216253,306412
461,19361972,19582973,221001,308024
462,19404500,19630016,225516,309401
463,19446938,19674993,228055,306032
464,19489689,19722128,232439,300341
465,19530760,19769320,238560,333571
466,19573507,19814333,240826,286829
467,19615918,19861585,245667,302036
468,19656829,19908292,251463,315572
469,19699572,19954312,254740,301475
470,19742105,20001944,259839,308824
471,19783184,20048614,265430,318222
472,19825540,20095510,269970,311126
473,19868213,20153113,284900,319598
474,19910547,20194548,284001,306585
475,19953231,20237945,284714,305328
476,19995787,20285983,290196,304327
477,20036875,20331816,294941,333370
478,20079454,20380035,300581,291394
479,20121829,20428192,306363,302282
480,20162540,20476999,314459,312460
481,20203728,20524786,321058,316799
482,20246431,20572303,325872,306995
483,20287397,20621112,333715,324037
484,20330178,20669993,339815,314217
485,20372915,20717081,344166,313237
486,20415539,20766599,351060,317404
487,20458261,20815436,357175,313843
488,20501120,20864124,363004,306566
489,20542096,20912248,370152,333417
490,20584419,20961556,377137,301245
491,20626784,21011228,384444,309332
492,20667774,21059241,391467,320774
493,20709921,21109285,399364,319373
494,20752430,21159321,406891,321147
495,20794839,21207312,412473,315703
496,20837170,21258352,421182,319796
497,20879515,21306130,426615,312401
498,20921900,21356097,434197,318036
499,20964255,21404655,440400,313691
500,21006521,21455504,448983,319214
501,21047537,21506203,458666,331276
502,21090189,21554443,464254,300529
503,21132553,21603636,471083,309840
504,21173539,21653719,480180,324637
505,21216130,21702640,486510,317651
506,21258583,21752932,494349,321127
507,21299448,21802527,503079,322956
508,21341621,21850808,509187,322844
509,21382593,21899639,517046,326339
510,21425103,21949780,524677,322574
511,21467422,21998827,531405,317168
512,21508450,22047468,539018,328441
513,21550997,22094537,543540,311782
514,21591997,22143934,551937,322614
515,21634087,22191653,557566,315695
516,21675010,22241506,566496,320369
517,21716847,22287693,570846,319254
518,21759483,22337186,577703,321199
519,21800461,22386286,585825,325214
520,21843139,22434945,591806,315750
521,21884124,22482062,597938,313308
522,21926642,22529158,602516,322079
523,21969053,22575658,606605,312352
524,22011355,22624113,612758,321476
525,22052267,22671847,619580,316904
526,22094852,22717102,622250,310577
527,22137287,22766579,629292,325171
528,22179982,22812883,632901,319886
529,22222413,22859266,636853,306398
530,22263438,22908198,644760,319260
531,22305915,22954288,648373,312676
532,22348441,23000919,652478,312683
533,22391063,23047412,656349,317805
534,22433790,23092411,658621,307363
535,22476414,23139551,663137,320696
536,22519027,23185910,666883,308576
537,22560073,23231739,671666,315036
538,22602541,23278946,676405,312496
539,22645035,23324819,679784,306499
540,22685687,23371560,685873,314405
541,22727998,23417365,689367,311503
542,22770804,23463289,692485,299356
543,22811851,23508256,696405,315672
544,22854684,23554246,699562,310560
545,22897439,23598568,701129,306051
546,22940121,23644732,704611,316776
547,22982741,23690621,707880,303921
548,23025421,23735203,709782,310302
549,23066585,23780981,714396,307592
550,23107710,23825981,718271,305678
551,23149800,23869995,720195,301204
552,23190834,23914296,723462,307217
553,23233641,23959371,725730,300975
554,23276361,24002967,726606,302338
555,23317118,24046495,729377,313780
556,23359810,24091822,732012,302756
557,23402538,24134913,732375,305355
558,23445277,24179866,734589,306799
559,23487803,24225820,738017,311924
560,23530584,24269333,738749,297134
561,23571509,24312230,740721,309730
562,23614490,24355451,740961,291756
563,23657031,24399657,742626,297030
564,23699479,24443549,744070,303487
565,23742033,24487139,745106,307614
566,23784584,24529988,745404,296931
567,23827250,24573268,746018,310750
568,23869963,24616331,746368,297967
569,23912704,24660595,747891,296497
570,23955358,24703389,748031,302826
571,23998211,24744656,746445,296251
572,24039358,24787827,748469,303278
573,24082165,24829980,747815,291253
574,24123201,24873047,749846,297791
575,24165990,24915267,749277,298777
576,24208647,24957432,748785,297671
577,24251321,25000458,749137,296642
578,24292464,25042567,750103,297548
579,24335417,25084814,749397,295579
580,24378102,25125838,747736,295429
581,24420675,25167946,747271,296367
582,24463331,25208968,745637,293680
583,24505862,25251441,745579,296292
584,24548737,25293303,744566,303468
585,24591374,25334544,743170,292094
586,24634195,25375920,741725,287507
587,24676894,25418106,741212,289642
588,24717680,25459994,742314,290287
589,24760636,25502460,741824,303965
590,24803276,25544552,741276,284732
591,24845972,25586453,740481,301710
592,24888493,25628942,740449,288603
593,24931323,25671898,740575,287230
594,24974033,25713944,739911,293767
595,25016708,25755535,738827,295712
596,25059254,25797508,738254,286918
597,25100135,25838737,738602,288988
598,25142444,25880911,738467,286416
599,25183705,25923799,740094,293764
600,25226520,25964999,738479,289101
601,25269246,26006284,737038,284063
602,25310045,26048467,738422,286202
603,25352448,26089409,736961,287026
604,25395048,26130941,735893,284723
605,25437616,26172828,735212,287321
606,25480349,26215211,734862,289816
607,25522966,26255954,732988,299350
608,25565831,26297546,731715,288613
609,25608524,26338828,730304,285196
610,25651265,26379766,728501,279200
611,25693965,26421385,727420,281313
612,25734993,26463364,728371,281600
613,25777630,26505252,727622,285598
614,25818676,26547607,728931,285973
615,25861590,26590398,728808,287973
616,25903929,26633135,729206,273514
617,25944812,26674956,730144,287452
618,25987245,26717437,730192,284225
619,26029789,26759161,729372,279973
620,26070689,26800885,730196,287772
621,26113369,26843598,730229,292226
622,26155868,26886189,730321,277034
623,26198351,26928911,730560,275406
624,26239339,26971172,731833,283780
625,26282025,27013371,731346,280065
626,26322973,27055151,732178,274814
627,26364027,27097690,733663,285255
628,26406128,27140037,733909,279661
629,26448712,27181455,732743,275529
630,26490953,27222896,731943,282151
631,26533386,27264242,730856,282904
632,26575879,27306190,730311,282739
633,26618336,27348759,730423,284232
634,26660864,27390342,729478,270034
635,26703278,27432090,728812,274076
636,26744247,27474818,730571,280205
637,26786653,27516326,729673,288520
638,26829210,27556939,727729,274476
639,26871483,27598911,727428,276458
640,26914038,27641637,727599,273956
641,26956479,27683985,727506,273364
642,26998984,27725996,727012,279819
643,27041520,27768331,726811,272429
644,27083971,27810356,726385,282367
645,27126254,27852766,726512,273897
646,27167531,27894810,727279,267240
647,27210116,27937571,727455,274181
648,27251201,27980018,728817,281917
649,27293800,28021972,728172,274497
650,27336300,28064516,728216,269884
651,27377127,28107279,730152,274936
652,27419514,28149609,730095,265234
653,27460307,28191455,731148,276012
654,27502501,28234083,731582,269704
655,27543525,28275737,732212,274555
656,27586158,28317332,731174,283215
657,27628513,28359249,730736,285533
658,27670929,28401590,730661,273011
659,27713536,28443614,730078,281527
660,27756034,28485765,729731,279710
661,27798537,28527900,729363,287839
662,27840827,28570504,729677,277097
663,27883205,28613155,729950,276961
664,27925717,28655097,729380,274347
665,27968202,28697616,729414,282956
666,28010502,28739612,729110,287536
667,28053056,28780810,727754,287983
668,28095551,28821942,726391,294039
669,28138029,28862946,724917,295950
670,28180491,28904608,724117,264355
671,28222884,28946585,723701,278921
672,28263889,28988632,724743,292168
673,28306497,29030944,724447,305777
674,28349098,29072946,723848,280181
675,28391522,29115240,723718,280434
676,28433961,29157294,723333,279651
677,28476596,29199637,723041,283148
678,28518925,29241634,722709,286359
679,28561563,29282627,721064,286421
680,28604051,29323941,719890,292471
681,28646528,29366287,719759,296460
682,28689022,29408230,719208,262635
683,28731501,29450629,719128,277914
684,28772593,29492657,720064,284191
685,28815177,29534966,719789,290518
686,28856285,29576947,720662,296844
687,28899131,29619253,720122,279808
688,28941775,29661319,719544,284891
689,28984053,29703656,719603,293028
690,29026575,29745621,719046,295840
691,29069027,29787459,718432,297443
692,29111338,29828898,717560,306970
693,29153760,29870405,716645,309826
694,29196289,29912448,716159,261727
695,29238581,29954420,715839,285255
696,29279563,29996705,717142,307653
697,29322207,30038731,716524,324307
698,29364757,30080974,716217,288380
699,29407128,30123024,715896,289402
700,29449568,30164977,715409,286448
701,29492046,30206316,714270,289878
702,29534530,30248601,714071,298344
703,29577233,30290428,713195,299787
704,29620065,30331885,711820,308700
705,29662779,30373887,711108,311994
706,29705419,30415162,709743,260243
707,29748107,30458206,710099,284017
708,29788756,30499500,710744,304436
709,29830871,30541609,710738,325358
710,29873276,30584126,710850,284501
711,29915581,30627095,711514,283865
712,29957875,30668969,711094,296089
713,30000210,30710217,710007,286875
714,30042495,30751751,709256,294915
715,30084872,30794437,709565,291056
716,30127152,30835814,708662,291182
717,30167948,30878223,710275,317780
718,30210378,30920999,710621,268531
719,30252700,30963114,710414,286019
720,30293459,31004386,710927,290517
721,30335529,31046673,711144,299473
722,30376585,31088701,712116,310045
723,30419219,31130952,711733,266459
724,30459909,31173076,713167,311356
725,30501908,31215344,713436,289490
726,30544387,31257384,712997,299040
727,30586950,31299804,712854,291108
728,30629813,31342840,713027,285817
729,30670489,31385906,715417,313403
730,30712461,31428231,715770,279758
731,30755062,31471078,716016,283023
732,30795775,31513362,717587,309816
733,30838343,31555435,717092,314201
734,30881009,31597678,716669,275502
735,30923701,31639775,716074,283839
736,30964432,31682550,718118,291823
737,31006404,31724057,717653,313576
738,31049476,31766436,716960,296610
739,31092053,31808919,716866,299290
740,31134465,31850499,716034,311122
741,31177001,31892743,715742,293578
742,31219421,31934873,715452,282079
743,31261977,31977169,715192,299611
744,31304504,32020127,715623,298922
745,31347060,32062427,715367,308276
746,31389597,32105313,715716,300438
747,31432112,32147888,715776,290128
748,31474537,32190389,715852,288216
749,31517039,32231912,714873,293873
750,31559552,32274260,714708,296474
751,31602105,32317046,714941,288683
752,31644611,32358179,713568,289312
753,31685449,32400803,715354,319656
754,31728141,32443642,715501,274768
755,31770655,32485989,715334,283738
756,31811265,32528035,716770,311474
757,31853991,32570111,716120,309201
758,31896543,32612472,715929,302368
759,31939032,32655444,716412,291296
760,31981591,32697717,716126,289343
761,32024125,32739787,715662,290996
762,32066587,32782064,715477,297779
763,32109138,32824842,715704,289313
764,32151639,32866292,714653,284840
765,32192290,32908480,716190,319588
766,32234612,32950847,716235,273389
767,32277231,32993738,716507,286674
768,32318022,33035864,717842,311910
769,32360927,33078235,717308,312526
770,32403507,33121152,717645,303822
771,32446280,33163328,717048,289513
772,32488899,33206026,717127,288886
773,32531402,33247487,716085,291068
774,32573948,33289669,715721,296795
775,32616449,33331814,715365,300085
776,32658968,33372955,713987,310470
777,32701531,33415327,713796,297191
778,32744040,33457485,713445,270428
779,32786502,33500271,713769,285130
780,32827253,33542856,715603,310070
781,32869702,33585074,715372,313432
782,32912231,33628085,715854,300198
783,32954752,33671006,716254,290514
784,32997366,33713882,716516,288985
785,33039911,33755275,715364,291843
786,33082366,33797586,715220,297847
787,33124909,33840169,715260,286531
788,33167419,33881656,714237,286715
789,33208058,33923780,715722,320726
790,33250368,33966057,715689,273371
791,33292918,34007143,714225,283394
792,33333663,34049676,716013,312665
793,33376368,34091729,715361,312518
794,33418845,34134072,715227,297974
795,33461387,34177142,715755,294223
796,33503930,34220036,716106,287973
797,33546439,34261369,714930,290566
798,33588936,34303270,714334,296805
799,33631495,34345370,713875,285964
800,33674052,34386884,712832,287296
801,33714837,34429088,714251,312198
802,33757068,34472048,714980,281714
803,33799942,34514222,714280,285498
804,33840818,34556441,715623,313833
805,33883712,34598711,714999,282422
806,33926353,34641642,715289,299786
807,33967232,34684175,716943,313963
808,34010024,34727088,717064,289725
809,34052592,34769459,716867,292229
810,34095067,34812211,717144,298003
811,34137615,34854356,716741,286755
812,34180210,34896641,716431,288560
813,34221109,34938684,717575,322983
814,34263888,34981076,717188,271448
815,34306432,35024026,717594,286252
816,34347158,35066436,719278,308971
817,34389479,35109372,719893,315097
818,34432080,35151710,719630,315601
819,34474786,35194799,720013,277424
820,34517338,35237332,719994,289438
821,34559906,35279057,719151,290609
822,34602362,35321877,719515,298101
823,34644942,35363808,718866,299643
824,34687464,35405478,718014,307908
825,34730054,35447509,717455,299410
826,34772592,35489587,716995,281877
827,34815183,35531765,716582,300241
828,34857713,35574103,716390,294577
829,34900246,35616120,715874,311581
830,34942753,35658302,715549,313856
831,34985320,35700581,715261,276362
832,35027808,35742804,714996,288858
833,35070371,35785777,715406,292655
834,35112877,35828042,715165,296652
835,35155393,35870915,715522,287842
836,35197965,35913307,715342,290954
837,35238812,35955522,716710,320919
838,35281787,35997789,716002,274667
839,35324658,36039813,715155,284287
840,35365424,36082153,716729,304805
841,35407463,36125031,717568,316725
842,35450149,36167526,717377,314918
843,35492706,36210457,717751,279124
844,35535233,36252867,717634,288086
845,35577756,36295647,717891,292671
846,35620264,36337694,717430,297024
847,35662799,36379883,717084,299425
848,35705342,36421255,715913,309530
849,35747870,36463291,715421,297068
850,35790369,36505341,714972,280916
851,35832830,36547458,714628,300199
852,35875368,36589781,714413,293501
853,35917889,36632151,714262,313066
854,35960404,36675160,714756,317527
855,36002937,36717377,714440,274227
856,36045485,36760203,714718,289196
857,36088069,36802545,714476,291695
858,36130610,36844578,713968,296652
859,36173204,36887442,714238,299486
860,36215663,36928901,713238,309247
861,36258179,36970393,712214,295302
862,36300684,37013197,712513,271661
863,36343217,37055417,712200,284298
864,36383856,37097697,713841,308873
865,36425942,37139743,713801,313839
866,36468473,37182090,713617,315507
867,36511008,37224897,713889,276097
868,36553565,37267404,713839,299952
869,36596123,37310429,714306,280458
870,36638610,37353419,714809,298493
871,36681147,37395500,714353,298338
872,36723705,37436849,713144,309583
873,36766245,37479144,712899,296423
874,36808793,37522137,713344,271317
875,36851335,37565074,713739,286507
876,36892008,37607448,715440,307269
877,36933996,37649816,715820,315377
878,36976600,37692725,716125,316779
879,37019102,37735122,716020,275822
880,37061687,37778170,716483,299399
881,37104229,37821054,716825,281156
882,37146740,37863249,716509,297259
883,37189319,37905998,716679,300916
884,37231891,37947519,715628,307422
885,37274405,37989726,715321,298451
886,37316970,38032151,715181,271882
887,37359466,38075066,715600,285873
888,37400117,38117276,717159,310537
889,37442605,38159362,716757,313553
890,37485146,38201727,716581,316086
891,37527684,38243553,715869,275109
892,37570204,38286761,716557,299366
893,37612754,38329142,716388,281480
894,37655273,38372083,716810,297977
895,37697783,38415035,717252,300987
896,37740362,38456315,715953,307922
897,37782855,38498725,715870,297900
898,37825371,38541690,716319,272028
899,37867923,38583541,715618,283196
900,37908565,38626061,717496,306305
901,37950500,38668502,718002,315326
902,37993135,38711430,718295,316095
903,38035616,38754501,718885,278954
904,38078260,38796652,718392,299272
905,38120758,38838819,718061,280113
906,38163247,38881099,717852,297329
907,38205817,38923394,717577,300720
908,38248360,38965144,716784,308258
909,38290801,39007359,716558,297381
910,38333315,39049788,716473,271552
911,38375825,39092778,716953,284374
912,38416511,39135035,718524,311382
913,38459036,39178148,719112,310956
914,38501591,39220874,719283,318396
915,38544455,39263234,718779,273728
916,38586886,39305176,718290,301172
917,38629451,39347778,718327,282594
918,38671989,39390760,718771,298650
919,38714511,39433768,719257,301577
920,38757305,39475068,717763,309841
921,38799817,39517379,717562,296007
922,38842304,39559507,717203,271120
923,38884858,39602493,717635,286900
924,38925674,39644736,719062,309768
925,38968361,39686742,718381,312841
926,39010887,39729115,718228,313761
927,39053424,39772146,718722,272708
928,39096032,39814379,718347,307013
929,39138513,39857485,718972,281858
930,39181084,39899736,718652,297970
931,39223675,39942492,718817,299220
932,39266247,39983924,717677,311506
933,39308749,40026116,717367,296862
934,39351263,40068479,717216,268886
935,39393822,40110864,717042,286787
936,39434827,40153779,718952,314326
937,39477844,40196593,718749,316170
938,39520398,40238787,718389,310343
939,39562927,40281091,718164,267638
940,39605511,40324096,718585,312018
941,39648095,40366433,718338,278949
942,39690522,40409267,718745,297653
943,39733066,40451433,718367,300104
944,39775587,40492260,716673,309311
945,39818095,40534099,716004,297049
946,39860676,40577108,716432,271865
947,39903177,40620138,716961,285451
948,39943991,40662465,718474,312829
949,39986672,40705259,718587,312700
950,40029238,40747754,718516,317570
951,40071799,40790731,718932,262179
952,40114329,40833582,719253,313196
953,40156943,40874892,717949,278173
954,40199379,40917394,718015,298836
955,40241959,40960122,718163,299984
956,40284507,41001451,716944,310737
957,40327068,41043798,716730,294643
958,40369599,41086623,717024,274070
959,40412194,41127863,715669,283559
960,40452879,41168915,716036,304341
961,40494848,41210337,715489,313907
962,40537427,41252789,715362,315493
963,40580080,41295783,715703,266352
964,40622852,41338365,715513,312070
965,40665418,41379901,714483,281556
966,40708043,41422626,714583,298798
967,40750603,41463877,713274,278845
968,40793280,41506103,712823,296572
969,40834636,41548134,713498,322402
970,40877664,41589571,711907,271590
971,40920249,41632009,711760,285833
972,40961180,41674149,712969,311757
973,41003985,41716055,712070,285061
974,41046615,41758351,711736,298728
975,41087672,41800536,712864,275086
976,41128650,41842762,714112,299076
977,41170039,41884900,714861,308577
978,41213123,41927082,713959,296355
979,41255650,41969330,713680,281230
980,41298388,42012111,713723,298772
981,41339530,42054463,714933,300020
982,41382541,42096543,714002,280562
983,41423594,42138767,715173,310350
984,41465707,42180910,715203,286516
985,41508543,42222976,714433,290143
986,41549313,42265327,716014,320095
987,41592085,42308106,716021,285176
988,41634685,42350669,715984,297451
989,41677202,42393666,716464,297435
990,41719646,42435999,716353,296902
991,41762145,42478115,715970,295351
992,41804657,42521025,716368,297780
993,41847144,42563224,716080,296006
994,41889628,42606283,716655,297946
995,41932121,42648535,716414,297669
996,41974629,42690682,716053,296729
997,42017134,42732832,715698,297773
998,42059599,42775105,715506,296407
999,42102086,42817104,715018,296766
1000,42144583,42859433,714850,292112
