iteration,start,end,latency,execution
1,0,79697,79697,120534
2,40909,120236,79327,81399
3,81789,161684,79895,82286
4,122662,202937,80275,82204
5,163642,244127,80485,82074
6,204556,285191,80635,81941
7,245476,326047,80571,82107
8,286760,367691,80931,83045
9,328200,410443,82243,84044
10,369573,451963,82390,85454
11,413540,493800,80260,82882
12,454662,535354,80692,84095
13,497237,577472,80235,83084
14,538280,619779,81499,84810
15,580861,662461,81600,85192
16,623449,703906,80457,84114
17,666148,746104,79956,83177
18,707204,788425,81221,84656
19,749634,830294,80660,84331
20,792154,872653,80499,84618
21,834468,914371,79903,84007
22,876815,955807,78992,83727
23,919127,997978,78851,83304
24,960313,1040297,79984,84603
25,1002652,1082297,79645,84252
26,1044957,1124899,79942,84855
27,1087263,1167703,80440,85004
28,1129535,1209237,79702,84004
29,1172039,1251303,79264,82936
30,1212987,1293403,80416,84603
31,1255567,1335735,80168,84836
32,1298148,1378495,80347,85222
33,1340684,1419959,79275,83937
34,1383190,1461786,78596,82765
35,1424201,1503238,79037,84660
36,1467449,1545418,77969,83064
37,1508423,1587796,79373,84889
38,1551008,1630779,79771,85403
39,1593500,1673809,80309,85496
40,1636039,1714904,78865,83622
41,1678599,1756423,77824,82396
42,1719544,1799185,79641,84745
43,1761599,1840603,79004,83892
44,1804105,1883500,79395,83783
45,1845059,1924891,79832,83856
46,1887555,1966555,79000,82494
47,1928430,2008151,79721,83565
48,1970426,2051008,80582,83724
49,2011367,2092297,80930,83779
50,2053889,2134594,80705,83100
51,2094766,2176662,81896,84556
52,2137331,2219139,81808,84916
53,2179844,2262168,82324,85504
54,2222394,2304530,82136,84836
55,2264944,2347378,82434,85273
56,2307446,2389510,82064,84532
57,2349920,2431866,81946,84802
58,2392444,2473956,81512,84559
59,2434989,2516080,81091,85057
60,2477995,2558045,80050,84384
61,2520486,2600552,80066,84944
62,2562995,2643410,80415,85221
63,2605432,2685429,79997,84435
64,2647927,2726913,78986,84090
65,2690573,2769792,79219,83828
66,2731568,2811105,79537,81947
67,2772239,2853341,81102,83267
68,2813346,2896182,82836,85625
69,2856205,2937652,81447,84201
70,2898970,2980364,81394,83591
71,2939926,3022000,82074,84437
72,2982761,3064810,82049,83667
73,3023692,3106141,82449,83801
74,3066209,3148448,82239,83143
75,3107111,3190866,83755,84466
76,3149235,3233877,84642,85511
77,3191810,3276734,84924,85356
78,3234385,3319163,84778,84876
79,3276907,3362128,85221,85446
80,3319465,3404467,85002,84937
81,3362140,3447432,85292,85444
82,3404695,3489815,85120,85055
83,3447444,3532768,85324,85446
84,3490013,3575478,85465,85401
85,3532782,3616840,84058,84034
86,3575484,3659095,83611,83449
87,3616756,3701289,84533,84697
88,3659335,3743367,84032,84583
89,3701915,3785676,83761,84757
90,3744461,3827737,83276,84566
91,3787041,3870097,83056,84759
92,3829516,3912807,83291,85185
93,3872066,3954085,82019,83732
94,3914553,3996419,81866,83219
95,3955512,4038797,83285,84852
96,3998060,4081477,83417,85102
97,4040556,4122906,82350,84000
98,4083160,4165097,81937,83061
99,4124100,4207294,83194,84413
100,4166392,4250050,83658,85196
101,4208908,4291578,82670,83339
102,4250753,4334475,83722,83924
103,4291856,4375793,83937,83913
104,4334482,4418575,84093,84027
105,4375803,4459792,83989,83964
106,4418577,4501254,82677,82560
107,4459724,4544023,84299,84258
108,4501296,4585367,84071,84047
109,4544030,4627696,83666,83396
110,4585176,4670106,84930,84910
111,4627754,4712803,85049,85189
112,4670324,4754155,83831,83852
113,4712854,4796473,83619,83551
114,4754165,4839483,85318,85470
115,4796701,4880610,83909,83871
116,4839488,4922628,83140,83056
117,4880619,4963978,83359,83864
118,4923180,5006426,83246,83461
119,4964269,5049039,84770,85078
120,5006811,5090277,83466,83730
121,5049331,5132717,83386,83292
122,5090259,5175559,85300,85235
123,5132730,5217810,85080,84961
124,5175518,5259112,83594,83849
125,5218095,5301249,83154,83103
126,5259123,5343925,84802,84999
127,5301520,5385526,84006,84053
128,5344006,5427633,83627,83296
129,5385272,5470001,84729,84942
130,5427922,5512130,84208,84626
131,5470494,5554153,83659,84497
132,5513043,5596472,83429,84815
133,5555612,5638791,83179,84798
134,5598165,5681816,83651,85464
135,5640680,5724777,84097,85422
136,5683218,5765999,82781,83629
137,5725658,5808106,82448,83043
138,5766669,5849253,82584,83606
139,5809166,5891373,82207,83083
140,5850205,5933355,83150,84464
141,5892762,5974847,82085,83968
142,5935270,6017817,82547,83849
143,5976222,6059138,82916,83750
144,6018685,6102035,83350,83801
145,6059664,6143303,83639,83743
146,6102170,6185276,83106,83040
147,6143313,6226807,83494,83994
148,6185804,6269043,83239,83182
149,6226819,6311899,85080,85042
150,6269085,6354145,85060,84976
151,6311894,6396358,84464,84731
152,6354487,6438458,83971,84586
153,6397049,6479560,82511,83576
154,6439557,6522113,82556,83414
155,6480494,6564962,84468,85314
156,6523033,6606981,83948,84461
157,6565552,6648342,82790,83869
158,6608094,6690632,82538,83230
159,6649109,6732803,83694,84637
160,6691652,6775769,84117,85465
161,6734227,6817915,83688,84613
162,6776770,6860674,83904,85236
163,6819323,6902110,82787,83830
164,6861754,6944997,83243,83848
165,6902791,6986351,83560,83813
166,6945281,7028719,83438,83311
167,6986302,7070940,84638,84736
168,7028893,7113804,84911,85379
169,7071483,7154902,83419,83607
170,7114022,7197437,83415,83462
171,7155025,7239690,84665,84694
172,7197546,7282687,85141,85508
173,7240132,7324701,84569,84505
174,7282802,7367081,84279,84788
175,7325394,7410029,84635,85368
176,7367891,7452920,85029,85339
177,7410415,7494131,83716,83703
178,7452937,7536303,83366,83314
179,7494140,7577563,83423,83399
180,7536311,7619668,83357,83293
181,7577576,7661020,83444,83842
182,7620096,7703316,83220,83186
183,7661063,7746155,85092,85331
184,7703632,7788674,85042,85003
185,7746198,7830825,84627,84602
186,7788726,7872977,84251,84640
187,7831290,7914988,83698,84522
188,7873876,7957925,84049,85340
189,7916354,7999372,83018,83976
190,7958918,8042132,83214,83711
191,7999943,8084548,84605,84911
192,8042514,8126584,84070,84527
193,8085082,8168935,83853,84852
194,8127658,8211020,83362,84547
195,8170195,8253920,83725,85302
196,8212673,8295213,82540,83812
197,8255226,8337712,82486,83371
198,8296173,8380414,84241,85176
199,8338723,8421737,83014,83708
200,8381142,8464760,83618,83894
201,8422115,8506036,83921,83881
202,8464767,8548350,83583,83522
203,8506053,8591442,85389,85588
204,8548625,8632747,84122,84082
205,8591449,8675594,84145,84081
206,8632761,8717796,85035,84971
207,8675609,8759017,83408,83736
208,8718158,8800205,82047,82163
209,8759163,8842067,82904,82837
210,8800216,8884565,84349,85041
211,8842835,8926623,83788,84471
212,8885325,8970834,85509,86849
213,8928052,9013009,84957,84709
214,8970662,9055230,84568,84750
215,9013267,9097433,84166,84694
216,9055832,9139744,83912,84820
217,9098418,9182680,84262,85362
218,9140919,9224684,83765,84485
219,9183477,9266915,83438,84691
220,9226015,9309013,82998,84572
221,9268565,9351097,82532,84581
222,9311138,9393339,82201,84635
223,9353595,9435381,81786,84717
224,9396346,9482123,85777,89242
225,9438936,9523620,84684,84144
226,9481630,9565848,84218,83159
227,9522638,9607984,85346,84887
228,9565465,9650858,85393,85421
229,9608088,9692309,84221,84194
230,9650865,9734557,83692,83590
231,9692285,9776752,84467,84667
232,9734832,9818972,84140,84727
233,9777414,9860816,83402,84351
234,9819997,9902841,82844,84466
235,9862503,9944065,81562,83705
236,9905018,9986257,81239,83011
237,9945932,10027647,81715,83044
238,9987623,10069955,82332,83265
239,10028655,10112750,84095,85248
240,10071184,10154019,82835,83689
241,10113652,10196434,82782,83305
242,10154614,10239349,84735,85236
243,10197002,10286105,89103,89268
244,10239589,10327505,87916,84147
245,10282368,10369710,87342,83222
246,10323459,10410489,87030,83555
247,10366288,10452049,85761,84359
248,10409119,10494186,85067,83393
249,10450454,10536521,86067,84969
250,10493151,10579154,86003,85242
251,10535840,10620739,84899,84281
252,10578571,10662802,84231,83170
253,10619756,10705168,85412,84917
254,10662384,10748103,85719,85551
255,10705075,10790514,85439,85227
256,10747968,10832775,84807,84871
257,10790652,10875691,85039,85408
258,10833221,10917865,84644,84672
259,10875795,10959937,84142,84592
260,10918390,11004814,86424,87436
261,10961037,11046082,85045,83915
262,11003718,11088499,84781,83632
263,11045013,11130519,85506,84660
264,11087732,11172605,84873,84802
265,11130526,11213873,83347,83776
266,11173067,11256231,83164,83390
267,11214175,11299074,84899,85330
268,11256738,11340431,83693,83830
269,11299242,11382642,83400,83332
270,11340442,11428141,87699,88057
271,11383088,11469593,86505,84230
272,11425895,11511451,85556,82960
273,11467070,11552979,85909,84136
274,11509710,11595182,85472,83399
275,11550985,11637561,86576,85117
276,11593827,11680120,86293,85179
277,11636526,11721743,85217,84402
278,11679340,11763808,84468,83231
279,11720586,11805989,85403,84910
280,11763392,11847150,83758,83731
281,11805996,11889287,83291,83223
282,11847160,11930596,83436,83802
283,11889691,11972939,83248,83463
284,11930886,12017470,86584,87100
285,11973545,12058886,85341,84036
286,12016199,12101167,84968,83432
287,12057430,12143081,85651,84544
288,12100140,12185185,85045,84616
289,12142716,12226450,83734,83750
290,12185232,12268787,83555,83260
291,12226233,12310839,84606,84519
292,12268762,12353226,84464,84868
293,12311306,12400162,88856,89456
294,12353898,12444077,90179,86559
295,12396617,12486477,89860,84964
296,12439255,12529126,89871,85331
297,12482011,12570778,88767,84354
298,12524748,12612836,88088,83293
299,12566058,12655012,88954,84745
300,12608702,12697157,88455,84612
301,12651244,12739535,88291,85127
302,12694067,12786472,92405,89585
303,12736788,12828494,91706,84765
304,12779604,12870875,91271,84863
305,12822161,12911367,89206,83213
306,12864943,12952868,87925,84092
307,12907566,12995144,87578,83415
308,12948779,13037157,88378,84723
309,12991563,13078446,86883,84106
310,13034412,13120436,86024,83110
311,13075607,13161834,86227,83969
312,13118210,13203790,85580,82970
313,13159305,13245044,85739,83805
314,13201889,13287487,85598,83602
315,13243128,13329514,86386,84631
316,13285832,13371791,85959,84854
317,13328488,13418830,90342,89527
318,13371055,13462876,91821,86817
319,13413898,13503762,89864,83518
320,13456593,13545029,88436,84019
321,13499378,13587111,87733,83102
322,13540460,13628489,88029,84127
323,13583238,13670782,87544,83259
324,13624295,13713431,89136,85332
325,13667055,13754913,87858,84278
326,13709883,13796759,86876,83062
327,13751174,13838399,87225,84415
328,13793980,13880475,86495,82984
329,13834962,13926482,91520,88786
330,13877842,13971767,93925,87894
331,13920525,14013927,93402,84899
332,13963340,14054914,91574,83593
333,14006008,14096147,90139,83786
334,14048608,14138409,89801,83400
335,14089841,14179114,89273,83328
336,14132517,14220713,88196,84301
337,14175251,14262763,87512,83184
338,14216460,14311959,95499,91989
339,14259329,14352938,93609,83467
340,14301880,14394136,92256,83848
341,14344575,14436468,91893,83238
342,14385540,14481461,95921,87608
343,14428231,14523815,95584,84841
344,14470794,14565760,94966,84635
345,14513648,14613821,100173,90598
346,14556375,14655913,99538,84698
347,14599071,14697146,98075,83942
348,14641818,14739504,97686,83278
349,14682823,14781728,98905,84632
350,14725307,14822727,97420,83537
351,14767908,14863757,95849,83574
352,14810498,14906127,95629,83279
353,14851484,14948035,96551,84505
354,14894157,14990449,96292,85037
355,14936853,15032646,95793,84811
356,14979541,15073650,94109,83450
357,15022049,15114797,92748,83798
358,15064748,15157227,92479,83681
359,15106072,15198020,91948,83431
360,15148772,15239461,90689,84055
361,15191432,15281385,89953,82905
362,15232472,15329308,96836,90664
363,15275264,15370709,95445,83860
364,15317766,15412805,95039,83179
365,15358924,15455045,96121,84777
366,15401535,15498130,96595,85834
367,15444359,15540495,96136,85057
368,15487127,15582449,95322,84544
369,15529813,15632601,102788,92786
370,15572524,15673637,101113,83695
371,15615247,15714828,99581,84396
372,15658496,15755933,97437,82152
373,15699604,15797217,97613,83794
374,15742155,15838096,95941,81835
375,15783188,15879296,96108,83860
376,15825890,15921814,95924,83476
377,15866924,15963737,96813,84688
378,15909764,16007624,97860,86483
379,15952435,16050037,97602,85020
380,15995117,16091970,96853,84551
381,16037841,16141902,104061,92539
382,16080522,16184388,103866,85033
383,16123143,16227226,104083,85811
384,16166205,16268522,102317,83800
385,16208771,16310505,101734,84496
386,16251332,16351797,100465,82369
387,16292471,16392986,100515,83760
388,16335089,16435395,100306,83461
389,16376215,16477290,101075,84379
390,16418773,16519948,101175,85338
391,16461528,16560800,99272,83500
392,16504236,16601569,97333,83406
393,16546936,16643374,96438,84244
394,16589423,16685442,96019,83268
395,16630697,16731424,100727,89101
396,16673892,16773737,99845,84896
397,16716565,16815941,99376,84930
398,16759366,16859908,100542,86439
399,16801899,16901099,99200,83885
400,16844642,16942954,98312,82903
401,16885766,16985645,99879,85384
402,16928536,17029308,100772,86159
403,16971123,17071890,100767,85205
404,17013845,17113464,99619,84169
405,17056503,17155109,98606,84290
406,17099194,17197200,98006,83182
407,17140374,17238366,97992,84292
408,17183563,17279326,95763,83454
409,17226101,17322037,95936,83766
410,17267230,17369378,102148,90180
411,17310133,17410663,100530,83898
412,17352781,17453046,100265,83410
413,17393883,17495053,101170,84635
414,17436586,17538666,102080,86060
415,17479120,17581294,102174,85216
416,17521821,17624018,102197,85309
417,17564480,17670859,106379,89506
418,17607234,17711605,104371,83388
419,17649941,17753181,103240,84714
420,17693152,17794887,101735,82848
421,17734358,17837618,103260,85399
422,17777067,17879369,102302,82615
423,17817993,17921930,103937,85221
424,17860710,17965709,104999,84651
425,17901669,18007787,106118,84684
426,17944365,18050036,105671,85004
427,17987195,18092693,105498,85353
428,18029967,18134020,104053,83800
429,18072493,18176227,103734,84742
430,18115073,18219367,104294,84044
431,18156042,18263635,107593,87347
432,18199170,18305867,106697,83232
433,18240232,18349849,109617,86529
434,18282828,18393095,110267,84284
435,18323930,18437376,113446,86871
436,18366573,18479351,112778,82953
437,18407613,18523769,116156,87103
438,18450349,18567761,117412,84795
439,18491228,18611643,120415,86427
440,18533863,18654963,121100,85789
441,18576381,18699989,123608,87576
442,18618990,18742978,123988,83885
443,18659933,18789058,129125,89042
444,18702950,18831468,128518,83388
445,18743987,18875451,131464,86747
446,18786803,18920625,133822,86320
447,18828013,18965709,137696,87824
448,18870800,19009689,138889,85011
449,18911901,19053967,142066,86826
450,18954538,19100202,145664,88843
451,18997222,19143830,146608,86266
452,19039923,19190510,150587,89225
453,19082540,19236545,154005,88622
454,19125189,19282315,157126,86632
455,19166141,19325655,159514,86449
456,19209314,19371591,162277,88557
457,19252013,19416791,164778,87717
458,19294569,19462729,168160,86806
459,19335507,19508774,173267,88505
460,19378015,19554974,176959,87240
461,19419130,19601042,181912,88662
462,19461820,19645816,183996,87451
463,19504559,19692561,188002,89355
464,19547237,19739056,191819,89146
465,19589950,19786044,196094,89650
466,19632659,19831434,198775,86386
467,19673730,19879334,205604,90769
468,19716657,19926042,209385,87573
469,19757610,19970371,212761,87097
470,19800429,20018756,218327,89294
471,19841388,20066711,225323,90472
472,19883967,20114296,230329,90233
473,19926659,20160722,234063,87308
474,19967587,20208677,241090,89477
475,20009186,20254956,245770,88846
476,20051817,20303995,252178,91488
477,20094347,20349936,255589,88669
478,20137118,20397004,259886,88045
479,20178170,20445035,266865,90927
480,20221108,20494006,272898,89988
481,20262200,20542978,280778,91570
482,20304862,20591515,286653,89643
483,20346056,20640046,293990,91115
484,20388703,20686294,297591,87396
485,20429919,20737222,307303,93242
486,20472468,20784491,312023,89984
487,20515249,20834730,319481,92853
488,20557949,20883652,325703,91393
489,20600495,20932589,332094,91575
490,20643513,20982519,339006,91759
491,20989878,21128150,138272,179267
492,21030923,21169495,138572,82699
493,21072329,21219795,147466,92808
494,21114896,21262764,147868,85635
495,21157620,21308639,151019,86714
496,21198553,21351046,152493,84703
497,21240933,21395027,154094,86702
498,21283737,21437539,153802,85153
499,21326463,21483398,156935,88525
500,21369186,21525547,156361,84765
501,21411886,21567723,155837,84666
502,21454436,21610647,156211,83972
503,21495570,21651856,156286,84221
504,21538637,21693886,155249,84756
505,21581438,21735304,153866,83945
506,21624001,21777538,153537,83287
507,21665153,21819747,154594,84714
508,21707720,21861626,153906,82987
509,21748913,21904074,155161,84971
510,21791504,21946759,155255,85363
511,21834266,21988180,153914,84051
512,21876953,22030033,153080,84559
513,21919731,22071429,151698,83970
514,21962339,22113465,151126,83144
515,22003529,22154687,151158,84337
516,22046719,22196986,150267,83369
517,22087928,22238201,150273,83849
518,22130611,22280217,149606,82985
519,22171653,22321506,149853,83764
520,22214163,22362960,148797,82431
521,22255213,22405155,149942,84913
522,22297989,22447806,149817,83460
523,22338883,22490214,151331,84998
524,22381529,22531374,149845,83693
525,22424130,22572506,148376,83730
526,22466762,22614608,147846,83091
527,22507820,22655834,148014,83801
528,22550426,22697977,147551,82958
529,22591305,22739400,148095,84033
530,22633948,22781430,147482,83088
531,22675082,22823632,148550,84703
532,22717644,22864830,147186,82307
533,22758818,22907182,148364,84770
534,22801292,22949766,148474,83324
535,22842101,22991205,149104,82934
536,22883659,23033253,149594,84686
537,22926374,23074620,148246,83957
538,22969000,23116321,147321,82696
539,23010073,23159081,149008,85907
540,23053281,23201080,147799,82971
541,23094338,23249112,154774,90646
542,23137034,23291295,154261,84798
543,23179734,23333449,153715,84636
544,23222297,23376296,153999,85550
545,23265085,23417673,152588,83907
546,23307671,23459501,151830,84456
547,23350377,23500860,150483,83938
548,23392992,23543141,150149,83482
549,23434271,23585398,151127,84847
550,23476921,23628226,151305,83764
551,23517940,23669488,151548,84382
552,23561117,23711190,150073,84426
553,23603933,23754035,150102,85829
554,23646976,23796204,149228,83036
555,23687934,23839455,151521,86034
556,23730787,23882297,151510,85335
557,23773364,23924534,151170,84932
558,23816131,23966609,150478,84729
559,23858839,24007842,149003,82033
560,23899678,24049640,149962,82914
561,23940874,24090364,149490,83367
562,23983565,24133090,149525,83726
563,24024635,24180291,155656,90171
564,24067664,24222623,154959,84969
565,24110383,24263416,153033,83249
566,24152874,24306033,153159,83665
567,24194006,24348948,154942,85484
568,24236635,24391244,154609,83167
569,24277580,24433243,155663,84614
570,24320276,24475397,155121,84849
571,24363056,24517637,154581,84673
572,24405570,24559825,154255,84913
573,24448380,24602536,154156,85219
574,24490970,24643779,152809,83946
575,24533734,24686071,152337,85444
576,24576960,24727233,150273,83934
577,24619771,24769372,149601,83268
578,24660974,24810565,149591,83930
579,24703747,24852815,149068,83381
580,24744949,24893998,149049,83623
581,24787427,24936056,148629,83174
582,24828613,24977492,148879,83900
583,24871135,25019742,148607,83406
584,24912348,25061741,149393,82846
585,24953270,25104169,150899,84102
586,24995049,25145806,150757,84260
587,25037734,25187251,149517,84602
588,25080958,25230036,149078,85305
589,25123537,25271389,147852,82272
590,25164510,25313680,149170,84769
591,25207065,25356047,148982,84937
592,25249696,25398193,148497,83177
593,25290802,25441661,150859,86065
594,25333481,25483183,149702,84168
595,25376190,25524833,148643,84280
596,25418890,25567753,148863,85574
597,25461604,25610464,148860,83681
598,25502655,25651649,148994,83846
599,25545377,25693639,148262,85269
600,25588723,25735014,146291,84014
601,25631399,25776310,144911,82235
602,25672403,25818371,145968,84722
603,25715122,25860688,145566,83236
604,25756099,25902887,146788,84913
605,25798869,25943944,145075,81844
606,25839696,25985330,145634,82890
607,25881276,26026585,145309,83792
608,25923847,26067599,143752,82089
609,25964990,26108926,143936,84119
610,26007815,26151022,143207,83121
611,26048911,26192084,143173,83808
612,26091692,26233377,141685,82421
613,26132890,26275363,142473,84676
614,26175640,26316518,140878,82200
615,26216745,26357761,141016,83887
616,26259450,26400283,140833,84974
617,26301970,26448701,146731,89445
618,26343067,26490608,147541,84505
619,26385736,26533347,147611,85216
620,26428272,26575546,147274,83281
621,26469439,26617620,148181,84718
622,26512163,26660532,148369,85408
623,26554745,26703112,148367,85706
624,26597952,26744824,146872,84205
625,26640505,26786462,145957,84239
626,26683169,26827289,144120,83478
627,26725856,26868590,142734,82301
628,26766919,26911483,144564,85524
629,26809598,26955788,146190,85335
630,26850682,26998010,147328,84920
631,26893457,27040558,147101,85169
632,26936153,27083089,146936,83732
633,26977439,27124483,147044,84084
634,27020184,27165770,145586,83891
635,27062856,27206779,143923,84142
636,27106044,27248003,141959,82222
637,27147113,27290215,143102,84853
638,27189812,27331114,141302,82012
639,27231002,27373788,142786,85295
640,27273679,27415424,141745,82454
641,27314543,27457186,142643,83296
642,27356140,27498670,142530,84148
643,27398840,27540228,141388,82674
644,27440017,27582514,142497,84868
645,27482647,27623546,140899,82132
646,27523799,27665807,142008,84442
647,27566053,27706864,140811,84237
648,27609267,27748081,138814,82268
649,27650385,27789162,138777,83754
650,27693092,27830387,137295,82118
651,27734065,27872618,138553,84971
652,27776850,27914862,138012,83129
653,27817877,27965522,147645,93302
654,27860600,28008035,147435,85133
655,27903293,28049864,146571,84462
656,27945995,28092142,146147,84907
657,27988700,28134131,145431,84598
658,28031391,28176337,144946,84703
659,28073960,28219665,145705,86378
660,28117091,28262710,145619,85719
661,28159839,28305908,146069,85737
662,28202432,28348087,145655,84787
663,28245127,28390529,145402,85058
664,28287802,28432195,144393,82816
665,28329014,28473591,144577,84100
666,28371783,28515743,143960,84655
667,28414335,28560435,146100,85691
668,28455415,28602914,147499,85056
669,28498065,28644930,146865,84507
670,28540637,28687548,146911,85204
671,28583307,28729046,145739,84586
672,28626451,28770801,144350,84315
673,28669083,28812318,143235,84206
674,28711807,28853995,142188,82832
675,28753034,28896920,143886,85578
676,28795747,28938020,142273,82225
677,28836933,28979173,142240,83782
678,28879625,29021917,142292,85228
679,28922159,29066581,144422,85517
680,28963094,29107875,144781,83898
681,29005761,29148991,143230,83776
682,29048485,29190246,141761,84001
683,29091269,29231196,139927,82220
684,29132603,29273906,141303,85407
685,29175348,29319556,144208,86691
686,29216443,29361659,145216,84716
687,29259213,29404124,144911,84916
688,29301832,29445775,143943,82549
689,29342790,29487321,144531,84000
690,29385320,29529207,143887,84563
691,29428044,29571637,143593,83317
692,29468999,29613687,144688,84702
693,29511725,29655877,144152,84692
694,29554309,29698123,143814,84848
695,29596986,29739074,142088,84096
696,29640182,29780431,140249,84010
697,29682904,29821485,138581,83672
698,29725554,29862983,137429,82545
699,29766668,29905350,138682,85082
700,29809430,29946935,137505,82485
701,29850397,29990298,139901,86031
702,29893140,30032375,139235,83973
703,29935109,30081163,146054,91491
704,29977881,30123914,146033,85373
705,30020576,30164577,144001,83304
706,30063272,30206066,142794,84164
707,30106007,30247590,141583,84099
708,30148615,30289339,140724,82774
709,30189706,30330917,141211,84267
710,30232428,30372865,140437,82929
711,30273474,30414160,140686,83551
712,30315767,30456155,140388,83108
713,30356948,30498971,142023,85428
714,30399620,30540208,140588,82393
715,30440838,30581226,140388,83620
716,30483503,30623937,140434,85274
717,30526112,30666809,140697,83838
718,30567159,30707901,140742,83868
719,30609997,30749061,139064,84281
720,30653181,30790232,137051,83956
721,30696004,30831540,135536,82401
722,30737174,30872537,135363,83794
723,30780009,30913683,133674,82263
724,30821188,30955953,134765,85035
725,30864004,31007796,143792,92922
726,30905138,31049122,143984,83962
727,30947847,31091781,143934,85343
728,30990593,31134306,143713,83674
729,31031815,31176614,144799,84802
730,31074390,31218799,144409,84798
731,31117075,31261699,144624,86044
732,31160298,31302764,142466,83705
733,31202999,31344633,141634,84507
734,31245699,31385792,140093,83780
735,31288369,31426601,138232,81872
736,31329487,31467570,138083,83582
737,31372157,31508892,136735,82565
738,31413435,31550092,136657,82186
739,31454489,31592647,138158,85285
740,31497292,31634399,137107,82744
741,31538349,31676964,138615,85172
742,31581010,31719842,138832,83854
743,31622055,31763303,141248,86603
744,31665252,31804916,139664,84317
745,31708018,31845854,137836,83554
746,31750695,31888475,137780,83688
747,31791810,31932381,140571,85015
748,31833000,31974799,141799,85277
749,31875931,32016576,140645,84344
750,31918553,32058079,139526,84153
751,31961271,32099999,138728,84541
752,32003951,32141971,138020,83111
753,32045164,32184310,139146,84980
754,32087887,32226122,138235,84396
755,32130545,32270505,139960,87578
756,32173820,32311706,137886,83813
757,32216512,32353850,137338,84811
758,32259238,32396153,136915,83335
759,32300341,32440372,140031,86963
760,32343168,32482376,139208,84469
761,32385704,32526847,141143,87080
762,32428394,32568486,140092,84285
763,32471102,32609466,138364,83602
764,32513812,32651806,137994,84795
765,32556318,32693815,137497,83152
766,32597528,32736514,138986,85336
767,32640237,32780087,139850,86686
768,32683404,32821915,138511,84402
769,32726047,32863482,137435,84115
770,32768630,32905177,136547,82902
771,32809918,32947567,137649,84997
772,32852584,32989429,136845,82898
773,32893687,33031513,137826,84778
774,32936453,33072765,136312,82405
775,32977668,33114751,137083,84623
776,33020385,33155814,135429,83808
777,33063193,33200763,137570,87597
778,33105910,33243575,137665,85463
779,33148633,33285246,136613,84918
780,33191938,33326533,134595,83906
781,33234590,33367576,132986,82079
782,33275684,33409611,133927,84143
783,33317839,33456803,138964,88367
784,33359083,33498985,139902,84665
785,33401638,33540095,138457,83810
786,33444393,33581585,137192,84160
787,33487130,33622286,135156,83431
788,33529906,33663827,133921,82526
789,33570947,33704558,133611,83465
790,33613715,33745831,132116,82184
791,33654670,33788276,133606,85760
792,33698031,33831174,133143,84072
793,33739277,33872345,133068,83891
794,33782055,33914594,132539,84980
795,33824833,33961602,136769,88071
796,33865953,34004100,138147,84854
797,33908380,34046538,138158,84980
798,33950976,34088508,137532,84741
799,33993846,34130008,136162,84121
800,34036500,34171774,135274,82889
801,34077703,34212422,134719,83318
802,34120405,34253951,133546,82632
803,34161574,34294628,133054,83607
804,34204534,34336182,131648,82683
805,34245723,34378265,132542,84734
806,34288418,34420172,131754,83071
807,34329653,34461497,131844,83975
808,34372353,34503932,131579,85189
809,34415153,34551562,136409,88787
810,34456376,34593080,136704,84177
811,34499103,34633917,134814,83481
812,34541792,34675679,133887,82855
813,34582942,34716272,133330,83242
814,34625624,34757681,132057,82532
815,34666804,34798556,131752,84023
816,34709977,34840122,130145,82483
817,34750935,34882264,131329,84828
818,34793669,34925043,131374,83749
819,34834713,34966414,131701,84056
820,34877471,35008638,131167,84918
821,34920211,35055683,135472,88066
822,34961315,35097221,135906,84252
823,35004093,35137917,133824,83481
824,35046910,35179300,132390,82349
825,35087933,35223430,135497,86752
826,35130604,35265718,135114,83344
827,35171733,35308727,136994,86294
828,35215073,35349817,134744,83752
829,35257833,35391989,134156,84862
830,35300573,35434302,133729,83245
831,35341562,35479255,137693,87529
832,35384208,35521552,137344,85020
833,35427004,35562237,135233,83280
834,35469645,35604163,134518,84711
835,35512487,35645406,132919,83881
836,35555159,35686491,131332,82089
837,35596220,35727926,131706,83921
838,35638738,35769535,130797,82754
839,35679940,35810249,130309,83281
840,35722532,35851665,129133,82600
841,35763771,35893937,130166,84739
842,35806284,35935900,129616,83081
843,35847489,35977275,129786,83878
844,35890043,36019641,129598,85079
845,35932802,36067359,134557,88702
846,35973872,36109139,135267,84450
847,36016608,36150434,133826,84012
848,36059358,36191264,131906,81838
849,36100425,36233665,133240,85055
850,36143129,36274447,131318,81822
851,36184221,36315499,131278,84232
852,36227460,36357426,129966,84447
853,36270026,36398995,128969,82604
854,36311112,36441588,130476,85368
855,36353935,36483113,129178,82696
856,36395165,36524262,129097,83829
857,36437871,36565569,127698,82393
858,36479091,36607592,128501,84740
859,36521956,36648680,126724,82528
860,36563448,36691055,127607,85013
861,36606138,36741350,135212,91477
862,36647389,36783469,136080,84713
863,36690052,36825261,135209,85085
864,36733400,36866534,133134,83984
865,36776169,36907572,131403,83743
866,36818900,36948825,129925,82484
867,36860187,36990957,130770,84846
868,36902948,37033302,130354,83479
869,36944155,37080207,136052,89422
870,36986740,37121494,134754,83917
871,37029422,37162597,133175,83791
872,37072170,37204958,132788,85074
873,37114932,37248288,133356,84365
874,37156036,37289057,133021,83312
875,37198631,37330317,131686,84410
876,37241845,37372385,130540,84591
877,37284415,37413616,129201,82148
878,37325395,37455637,130242,84683
879,37368105,37496821,128716,82195
880,37409172,37537875,128703,83655
881,37451800,37579292,127492,82578
882,37493012,37621254,128242,84623
883,37535727,37662590,126863,82583
884,37577027,37704566,127539,84721
885,37619824,37745656,125832,82318
886,37661105,37788279,127174,85357
887,37703887,37837326,133439,90321
888,37745247,37879253,134006,84726
889,37788120,37922616,134496,86037
890,37830863,37964575,133712,84632
891,37873608,38007609,134001,85754
892,37916397,38049836,133439,84829
893,37959071,38092957,133886,85566
894,38001586,38135303,133717,84932
895,38044248,38180268,136020,87593
896,38086943,38222611,135668,85052
897,38129725,38264504,134779,84603
898,38172503,38305714,133211,83974
899,38215320,38346825,131505,84366
900,38258636,38389247,130611,84953
901,38301215,38431923,130708,83606
902,38342214,38473465,131251,84041
903,38384769,38515608,130839,84912
904,38427586,38557545,129959,83141
905,38468862,38608461,139599,93596
906,38511611,38650861,139250,85245
907,38554528,38692738,138210,84482
908,38597215,38735274,138059,85237
909,38639989,38777236,137247,84518
910,38682611,38819690,137079,85154
911,38725384,38861526,136142,84864
912,38768492,38903876,135384,85034
913,38811249,38949838,138589,88542
914,38853898,38991882,137984,84695
915,38896623,39034286,137663,84988
916,38939290,39076262,136972,84611
917,38981998,39117240,135242,83640
918,39024715,39158857,134142,84150
919,39067320,39199543,132223,83544
920,39110212,39241113,130901,82492
921,39151191,39281849,130658,83455
922,39193936,39323427,129491,82693
923,39235107,39366141,131034,85735
924,39278175,39407771,129596,82643
925,39319244,39449838,130594,84718
926,39361941,39492794,130853,84159
927,39403222,39534101,130879,84061
928,39446036,39576240,130204,84705
929,39488649,39619874,131225,84655
930,39529755,39661550,131795,84428
931,39572564,39702552,129988,83681
932,39615291,39743751,128460,82350
933,39656498,39786203,129705,85169
934,39699265,39828871,129606,83722
935,39740396,39870420,130024,84845
936,39783745,39912562,128817,84902
937,39826556,39956721,130165,85162
938,39867629,39998904,131275,84676
939,39910196,40041757,131561,85430
940,39952842,40084203,131361,85096
941,39995583,40134330,138747,92558
942,40038083,40175442,137359,83818
943,40080850,40216742,135892,83943
944,40123554,40257687,134133,83468
945,40166111,40298810,132699,82012
946,40207059,40340123,133064,84045
947,40249816,40381196,131380,82313
948,40291117,40423428,132311,84965
949,40333898,40464470,130572,82208
950,40375123,40506888,131765,84988
951,40417740,40548785,131045,82795
952,40458705,40590895,132190,84806
953,40501474,40633257,131783,85082
954,40544260,40675220,130960,84498
955,40586851,40716527,129676,84026
956,40629629,40758502,128873,84670
957,40672374,40800888,128514,83551
958,40713611,40843381,129770,85131
959,40756325,40885080,128755,84709
960,40799388,40927259,127871,84855
961,40842114,40974117,132003,87990
962,40883318,41015579,132261,84004
963,40925902,41057485,131583,84571
964,40968615,41099877,131262,83583
965,41009880,41148958,139078,91644
966,41052510,41190106,137596,83878
967,41095302,41231282,135980,83788
968,41137989,41273403,135414,84777
969,41180691,41314636,133945,82251
970,41221770,41355631,133861,83639
971,41264450,41397059,132609,82462
972,41305545,41437994,132449,83682
973,41348329,41479188,130859,82218
974,41389434,41521552,132118,85130
975,41432251,41563493,131242,83300
976,41473677,41605881,132204,85127
977,41516485,41648381,131896,85199
978,41559251,41689972,130721,84138
979,41601849,41731853,130004,84527
980,41644541,41773388,128847,82658
981,41685721,41815548,129827,84744
982,41728351,41857799,129448,83415
983,41769588,41899895,130307,84667
984,41812228,41942480,130252,85109
985,41854830,41984052,129222,84253
986,41897569,42026275,128706,84852
987,41940245,42068520,128275,83306
988,41981371,42110587,129216,84409
989,42023786,42153828,130042,85900
990,42066512,42195904,129392,84656
991,42109168,42238276,129108,84948
992,42151811,42280226,128415,84487
993,42194424,42323585,129161,86035
994,42237170,42365522,128352,84627
995,42279936,42408592,128656,85785
996,42322722,42450948,128226,85054
997,42365495,42493914,128419,85574
998,42408174,42536286,128112,85083
999,42450962,42579436,128474,85711
1000,42493601,42621722,128121,85788
