iteration,start,end,latency,execution
1,0,79229,79229,120107
2,40992,120632,79640,82300
3,81910,161904,79994,82200
4,122860,202646,79786,81620
5,163805,244644,80839,83290
6,205163,286131,80968,85116
7,248861,328445,79584,85098
8,291714,370183,78469,84613
9,334652,411540,76888,83024
10,376468,453562,77094,83170
11,417692,495042,77350,84007
12,460259,537917,77658,83838
13,501279,579416,78137,82412
14,542232,622192,79960,83858
15,583408,662820,79412,83569
16,626381,704707,78326,82656
17,667217,747322,80105,84780
18,709463,790294,80831,85430
19,752002,833305,81303,85390
20,794463,875467,81004,84865
21,837244,917577,80333,84848
22,880063,960347,80284,85161
23,922528,1001707,79179,83814
24,965016,1043962,78946,83109
25,1005952,1085080,79128,83778
26,1048646,1127253,78607,82991
27,1089539,1168483,78944,83738
28,1132081,1210653,78572,82972
29,1172961,1252967,80006,84771
30,1215492,1295285,79793,84709
31,1257957,1338311,80354,85488
32,1300492,1380629,80137,84743
33,1342989,1423633,80644,85501
34,1385559,1466319,80760,85110
35,1428089,1507610,79521,83812
36,1470644,1550666,80022,83878
37,1511544,1592114,80570,84212
38,1554341,1634231,79890,82954
39,1595252,1676547,81295,84988
40,1638003,1718623,80620,84762
41,1680770,1760928,80158,84873
42,1723409,1803851,80442,85336
43,1765895,1845961,80066,84518
44,1808384,1887275,78891,83853
45,1850956,1929575,78619,83167
46,1891906,1971930,80024,84734
47,1934357,2014659,80302,85158
48,1976860,2057625,80765,85456
49,2019424,2098989,79565,83826
50,2061922,2141270,79348,83181
51,2102891,2183281,80390,84436
52,2145390,2225395,80005,84585
53,2187935,2267714,79779,84785
54,2230475,2309797,79322,84587
55,2273051,2351885,78834,84502
56,2315539,2394234,78695,84802
57,2358065,2437326,79261,85619
58,2400666,2479629,78963,84746
59,2443183,2522638,79455,85441
60,2485715,2565477,79762,85357
61,2528307,2606726,78419,83783
62,2570880,2649003,78123,83204
63,2611878,2692009,80131,85455
64,2654400,2733289,78889,83872
65,2697043,2775341,78298,82965
66,2738026,2817488,79462,84629
67,2780581,2859521,78940,84497
68,2823120,2901065,77945,84228
69,2865842,2943274,77432,83117
70,2906824,2985291,78467,84518
71,2949398,3028339,78941,85476
72,2991900,3071328,79428,85375
73,3034360,3112624,78264,83898
74,3077001,3154679,77678,83021
75,3118013,3195946,77933,81906
76,3158686,3238321,79635,83328
77,3199712,3280523,80811,84662
78,3242245,3323245,81000,85202
79,3284798,3364561,79763,83754
80,3327283,3406958,79675,83238
81,3368180,3449555,81375,84643
82,3410301,3491146,80845,84091
83,3452836,3533282,80446,83084
84,3493871,3576266,82395,85241
85,3536204,3617533,81329,83769
86,3578739,3659957,81218,83270
87,3619689,3702938,83249,85409
88,3662192,3745231,83039,84796
89,3704771,3787384,82613,84592
90,3747309,3829606,82297,84668
91,3789830,3872669,82839,85484
92,3832325,3914956,82631,84755
93,3874869,3958018,83149,85653
94,3917536,4000437,82901,84899
95,3960093,4041974,81881,83978
96,4002567,4083996,81429,82868
97,4043482,4125368,81886,83095
98,4085244,4168301,83057,83902
99,4126288,4209599,83311,83733
100,4168754,4251920,83166,83327
101,4209836,4294262,84426,84854
102,4252421,4337304,84883,85494
103,4294948,4379596,84648,84766
104,4337496,4422610,85114,85534
105,4380092,4465001,84909,84867
106,4422650,4507508,84858,85085
107,4465303,4548973,83670,83909
108,4507775,4591214,83439,83364
109,4548985,4634117,85132,85240
110,4591395,4676631,85236,85170
111,4634129,4719540,85411,85419
112,4676715,4762385,85670,85605
113,4719552,4803601,84049,84002
114,4762371,4845844,83473,83354
115,4803561,4887231,83670,83913
116,4846121,4930059,83938,83871
117,4887242,4971384,84142,84118
118,4930066,5013570,83504,83402
119,4971361,5054825,83464,83728
120,5013864,5096815,82951,82940
121,5054891,5138183,83292,83882
122,5097435,5180033,82598,82766
123,5138426,5221473,83047,83928
124,5180950,5264006,83056,83442
125,5221935,5306771,84836,85287
126,5264531,5348934,84403,84699
127,5307142,5391373,84231,84907
128,5349686,5434200,84514,85311
129,5392246,5476601,84355,84862
130,5434782,5519174,84392,85077
131,5477362,5560759,83397,84057
132,5519879,5603554,83675,83823
133,5560983,5644799,83816,83796
134,5603562,5687187,83625,83553
135,5644790,5730029,85239,85180
136,5687206,5771340,84134,84109
137,5730033,5813552,83519,83418
138,5771334,5854985,83651,83982
139,5813915,5897759,83844,83797
140,5855015,5939039,84024,84001
141,5897766,5981665,83899,83832
142,5939047,6024256,85209,85144
143,5981678,6065552,83874,83838
144,6024263,6107577,83314,83251
145,6065563,6148784,83221,83460
146,6107846,6191252,83406,83389
147,6148843,6234097,85254,85336
148,6191410,6276439,85029,84948
149,6234094,6318594,84500,84800
150,6276815,6360875,84060,84746
151,6319355,6402948,83593,84513
152,6361872,6445194,83322,84722
153,6404424,6487988,83564,85220
154,6446925,6530250,83325,84703
155,6489442,6571577,82135,83841
156,6531990,6613875,81885,83172
157,6572940,6656010,83070,84640
158,6615522,6699030,83508,85467
159,6658046,6740091,82045,83519
160,6700537,6782285,81748,82987
161,6741400,6823593,82193,83127
162,6783271,6866647,83376,84057
163,6824348,6908691,84343,84494
164,6866874,6951612,84738,85452
165,6909467,6992789,83322,83300
166,6951616,7034760,83144,82929
167,6992634,7076313,83679,83655
168,7034766,7118584,83818,83237
169,7075812,7160860,85048,84982
170,7118595,7203592,84997,85279
171,7161218,7244698,83480,83538
172,7203679,7287083,83404,83335
173,7244706,7329499,84793,84920
174,7287384,7372690,85306,85636
175,7330000,7415489,85489,85425
176,7372702,7457962,85260,85194
177,7415502,7500795,85293,85388
178,7458133,7542784,84651,84586
179,7500807,7584393,83586,84083
180,7543309,7626441,83132,83051
181,7584423,7668548,84125,84626
182,7627016,7711479,84463,85429
183,7669588,7752623,83035,83584
184,7712059,7794880,82821,83197
185,7753073,7836202,83129,83855
186,7795640,7878569,82929,83267
187,7836616,7921480,84864,85394
188,7879173,7963515,84342,84534
189,7921746,8004794,83048,83824
190,7964327,8046945,82618,83042
191,8005294,8088022,82728,83594
192,8047847,8130591,82744,83470
193,8088834,8173673,84839,85334
194,8131162,8216488,85326,85309
195,8173734,8258712,84978,84912
196,8216500,8301796,85296,85570
197,8259061,8344042,84981,84915
198,8301809,8386142,84333,84656
199,8344440,8428450,84010,84756
200,8386948,8470648,83700,84672
201,8429498,8512827,83329,84656
202,8472050,8554884,82834,84500
203,8514570,8597968,83398,85543
204,8557106,8642654,85548,87432
205,8599941,8684106,84165,83993
206,8642512,8726364,83852,83397
207,8683714,8768448,84734,83928
208,8725638,8810852,85214,85148
209,8768461,8853920,85459,85596
210,8811064,8896088,85024,84958
211,8853933,8939295,85362,85711
212,8896513,8982075,85562,85496
213,8939304,9023182,83878,83855
214,8982080,9065874,83794,83732
215,9023193,9108487,85294,85230
216,9065887,9149841,83954,83935
217,9108501,9192116,83615,83527
218,9149844,9234183,84339,84637
219,9192489,9276955,84466,85239
220,9235032,9318494,83462,84052
221,9277577,9360678,83101,83124
222,9318592,9401956,83364,83763
223,9361091,9443662,82571,82541
224,9401963,9485070,83107,82758
225,9443348,9527095,83747,83121
226,9484521,9568391,83870,83846
227,9527102,9610612,83510,83429
228,9568402,9663887,95485,95885
229,9611095,9705345,94250,84244
230,9653942,9746921,92979,84118
231,9696524,9789020,92496,82989
232,9737497,9831338,93841,84851
233,9780104,9873396,93292,84654
234,9822774,9915187,92413,84456
235,9865514,9957701,92187,84987
236,9908069,9999717,91648,84656
237,9950783,10040614,89831,83552
238,9993514,10082270,88756,84144
239,10036036,10124297,88261,83233
240,10077316,10168247,90931,86733
241,10120177,10209418,89241,83804
242,10162848,10251716,88868,83144
243,10203763,10294006,90243,84525
244,10246072,10335642,89570,84321
245,10288838,10377375,88537,84375
246,10331521,10419211,87690,83120
247,10372879,10460315,87436,83805
248,10415634,10501650,86016,84108
249,10458437,10543622,85185,83008
250,10499566,10585092,85526,84021
251,10542150,10627311,85161,83338
252,10583347,10676387,93040,91773
253,10626123,10717328,91205,83681
254,10668916,10758726,89810,84109
255,10711669,10799884,88215,82274
256,10752858,10840850,87992,83650
257,10795579,10883055,87476,83294
258,10836740,10925122,88382,84657
259,10879406,10966285,86879,84022
260,10922320,11007614,85294,84102
261,10965127,11050310,85183,83933
262,11006444,11091913,85469,84183
263,11049056,11134012,84956,83304
264,11090340,11176374,86034,85073
265,11133129,11218766,85637,85064
266,11175881,11259690,83809,83561
267,11218551,11301851,83300,83217
268,11259698,11344874,85176,85321
269,11302071,11386132,84061,84034
270,11344879,11428893,84014,83948
271,11386144,11470364,84220,84194
272,11428897,11512713,83816,83551
273,11470177,11555575,85398,85411
274,11512803,11596797,83994,83970
275,11555580,11639242,83662,83573
276,11596789,11684039,87250,87324
277,11639388,11726303,86915,84899
278,11682101,11768374,86273,84839
279,11724949,11812288,87339,86628
280,11767745,11853704,85959,83935
281,11810299,11896030,85731,83576
282,11851630,11941651,90021,88294
283,11894381,11983274,88893,84169
284,11936961,12024904,87943,82871
285,11978276,12066282,88006,84022
286,12020948,12108691,87743,83506
287,12062117,12151249,89132,85139
288,12104770,12192002,87232,83463
289,12147512,12234008,86496,83163
290,12188743,12276365,87622,84849
291,12231295,12324197,92902,90598
292,12274141,12365299,91158,83629
293,12316707,12406669,89962,83983
294,12359355,12447614,88259,82162
295,12400623,12489026,88403,84107
296,12443352,12531283,87931,83359
297,12484528,12573350,88822,84584
298,12527103,12615284,88181,84658
299,12569900,12657673,87773,84919
300,12612488,12707719,95231,92578
301,12655097,12749521,94424,84485
302,12697855,12792024,94169,85050
303,12740476,12833973,93497,84592
304,12783192,12876545,93353,85102
305,12825802,12918206,92404,84479
306,12868679,12959697,91018,84174
307,12911404,13001633,90229,83071
308,12952613,13042654,90041,83640
309,12995284,13083989,88705,84174
310,13038157,13125884,87727,82964
311,13079313,13167455,88142,84290
312,13122063,13212693,90630,86369
313,13163271,13253295,90024,83330
314,13206052,13294932,88880,84358
315,13248805,13336948,88143,83172
316,13290035,13379335,89300,85031
317,13332761,13421271,88510,84433
318,13375332,13467306,91974,88827
319,13418198,13509832,91634,85231
320,13460984,13551312,90328,84096
321,13503683,13593039,89356,84360
322,13546348,13634618,88270,82745
323,13587588,13676268,88680,84316
324,13630284,13724008,93724,88978
325,13671595,13769330,97735,87962
326,13714310,13810576,96266,83869
327,13756993,13851453,94460,83556
328,13799714,13894020,94306,83542
329,13840765,13935978,95213,84627
330,13883507,13978332,94825,84959
331,13926186,14020355,94169,84630
332,13968867,14061559,92692,83829
333,14011555,14102644,91089,83863
334,14054374,14143614,89240,82050
335,14095507,14185022,89515,84144
336,14138277,14229140,90863,85244
337,14179476,14277227,97751,90882
338,14222324,14318122,95798,83656
339,14265129,14360637,95508,83561
340,14306248,14403510,97262,85329
341,14348787,14445967,97180,85121
342,14391526,14488034,96508,84730
343,14434262,14530264,96002,84904
344,14477008,14572491,95483,84927
345,14519869,14613556,93687,83784
346,14562677,14654663,91986,83807
347,14605419,14697015,91596,83421
348,14646576,14741032,94456,86673
349,14689306,14787888,98582,89393
350,14731917,14830501,98584,85300
351,14774678,14871989,97311,84266
352,14817518,14913670,96152,84300
353,14860180,14955644,95464,83105
354,14901386,14997934,96548,84813
355,14944005,15039923,95918,84696
356,14986786,15081187,94401,83982
357,15029565,15122259,92694,83591
358,15072116,15164840,92724,83602
359,15113211,15206250,93039,84196
360,15156058,15247844,91786,84312
361,15198810,15288622,89812,81936
362,15240027,15330199,90172,84230
363,15282711,15370773,88062,81757
364,15323948,15412504,88556,84373
365,15366623,15454606,87983,83018
366,15407597,15503476,95879,91527
367,15450305,15545127,94822,84201
368,15492896,15585890,92994,81807
369,15534001,15627233,93232,84063
370,15576763,15669424,92661,83233
371,15617880,15710279,92399,83477
372,15660564,15751601,91037,83972
373,15703244,15792599,89355,82127
374,15744425,15833955,89530,84107
375,15787209,15874902,87693,82130
376,15828466,15915788,87322,83518
377,15871129,15957653,86524,82766
378,15912095,16009635,97540,94307
379,15954495,16051501,97006,84509
380,15997211,16094289,97078,85437
381,16039936,16135879,95943,84201
382,16082608,16177245,94637,83914
383,16125199,16219259,94060,83093
384,16166348,16264826,98478,87863
385,16208718,16310564,101846,88546
386,16251588,16352409,100821,84504
387,16294298,16393897,99599,82650
388,16335520,16435764,100244,84521
389,16378218,16478500,100282,83758
390,16419313,16521159,101846,85312
391,16462054,16563793,101739,85129
392,16504636,16605158,100522,83978
393,16547312,16647167,99855,84453
394,16589819,16690112,100293,84007
395,16630968,16731118,100150,83681
396,16673705,16772746,99041,84373
397,16716495,16813524,97029,81926
398,16757704,16854844,97140,84094
399,16800537,16895787,95250,82129
400,16841787,16936927,95140,83960
401,16884654,16979303,94649,83420
402,16925774,17026430,100656,89891
403,16968613,17069098,100485,85270
404,17011303,17111827,100524,85376
405,17054038,17153204,99166,84008
406,17096731,17195003,98272,84493
407,17139471,17237928,98457,83940
408,17180560,17279128,98568,83841
409,17223261,17320145,96884,83766
410,17266054,17362882,96828,83870
411,17307262,17406573,99311,86453
412,17350086,17447948,97862,83961
413,17392719,17490190,97471,83391
414,17433943,17535857,101914,88258
415,17476620,17578546,101926,85293
416,17519312,17619888,100576,83941
417,17561972,17661906,99934,84667
418,17604666,17704291,99625,83392
419,17645760,17745835,100075,84172
420,17688428,17787908,99480,82971
421,17729391,17834161,104770,88621
422,17771820,17876353,104533,84767
423,17814450,17918146,103696,82916
424,17855634,17961661,106027,86004
425,17898165,18004324,106159,83598
426,17939185,18046800,107615,84824
427,17981606,18088786,107180,84419
428,18024113,18131207,107094,84940
429,18066709,18172011,105302,83442
430,18109402,18217077,107675,87567
431,18151952,18260655,108703,84739
432,18193200,18303861,110661,85848
433,18235927,18348002,112075,86723
434,18278593,18390842,112249,85522
435,18321362,18433011,111649,84642
436,18363896,18476082,112186,85602
437,18406475,18521487,115012,86272
438,18447426,18564638,117212,85762
439,18490125,18607311,117186,85176
440,18532703,18650863,118160,86020
441,18575235,18695226,119991,86891
442,18617827,18741150,123323,86826
443,18658793,18785104,126311,85754
444,18700669,18837926,137257,95240
445,18743163,18880281,137118,84927
446,18785808,18922190,136382,84538
447,18828510,18965129,136619,85649
448,18871300,19007790,136490,85302
449,18914014,19049810,135796,84651
450,18956719,19095098,138379,87928
451,18999426,19140834,141408,88213
452,19041939,19185939,144000,86250
453,19083169,19232908,149739,89590
454,19125851,19278314,152463,86425
455,19166958,19323441,156483,87711
456,19209600,19368508,158908,85812
457,19250433,19414862,164429,88952
458,19293118,19459731,166613,87565
459,19335902,19505838,169936,88603
460,19378472,19551235,172763,87908
461,19421056,19596887,175831,88119
462,19463566,19642665,179099,88272
463,19506095,19689991,183896,89900
464,19548714,19735801,187087,87054
465,19590020,19783286,193266,90195
466,19632779,19830096,197317,87855
467,19673913,19875282,201369,87787
468,19716565,19922896,206331,88651
469,19757686,19968630,210944,88367
470,19800404,20014368,213964,88347
471,19843054,20062503,219449,89147
472,19884116,20110855,226739,90821
473,19926643,20158595,231952,90249
474,19969200,20204281,235081,86550
475,20010099,20252735,242636,89545
476,20051258,20300761,249503,90466
477,20093786,20357544,263758,99403
478,20136492,20399560,263068,84495
479,20179017,20441741,262724,83275
480,20220169,20490864,270695,91217
481,20262322,20539891,277569,91525
482,20304906,20587953,283047,90675
483,20347608,20636616,289008,91279
484,20390311,20683952,293641,89934
485,20432949,20734982,302033,92052
486,20474158,20783916,309758,91561
487,20516871,20833063,316192,91845
488,20559677,20882468,322791,91901
489,20602242,20931420,329178,91407
490,20645048,20981240,336192,91941
491,20987708,21168011,180303,220949
492,21028374,21209356,180982,82691
493,21069773,21250516,180743,83642
494,21112302,21291875,179573,82455
495,21153448,21334604,181156,85223
496,21195997,21377189,181192,83761
497,21237238,21429302,192064,93182
498,21278384,21470089,191705,83491
499,21321144,21512343,191199,84884
500,21363853,21554586,190733,84824
501,21406513,21597111,190598,85174
502,21449219,21638722,189503,82808
503,21490477,21680400,189923,84290
504,21533153,21723138,189985,85238
505,21575731,21764366,188635,83897
506,21618448,21807474,189026,84112
507,21659512,21849478,189966,84628
508,21702214,21891826,189612,85029
509,21744952,21936530,191578,85611
510,21785934,21977929,191995,83858
511,21828449,22019330,190881,84055
512,21871174,22061600,190426,84960
513,21913945,22102350,188405,83351
514,21956579,22143878,187299,82551
515,21997670,22185934,188264,84497
516,22040275,22228012,187737,84592
517,22082931,22269152,186221,82104
518,22123956,22312524,188568,85933
519,22166579,22355255,188676,85264
520,22209188,22396722,187534,84101
521,22251857,22438649,186792,82862
522,22292853,22480038,187185,83843
523,22335362,22521263,185901,83867
524,22378061,22562500,184439,82453
525,22419332,22604389,185057,84553
526,22462051,22647130,185079,83797
527,22503180,22692796,189616,88295
528,22545868,22734059,188191,82356
529,22587015,22775269,188254,83959
530,22629832,22818055,188223,85408
531,22672535,22859190,186655,83851
532,22715282,22900377,185095,82211
533,22756374,22943038,186664,85141
534,22798933,22984582,185649,84221
535,22841642,23025929,184287,82271
536,22882635,23067917,185282,84538
537,22925266,23109086,183820,83718
538,22967847,23151110,183263,82979
539,23008865,23194037,185172,85542
540,23051559,23235551,183992,83995
541,23094073,23277017,182944,82711
542,23135379,23318219,182840,83858
543,23178098,23359415,181317,83814
544,23220749,23400349,179600,82113
545,23261971,23443002,181031,83694
546,23303080,23483894,180814,83576
547,23345797,23525177,179380,82421
548,23387002,23569261,182259,86757
549,23429755,23610304,180549,83831
550,23472573,23651531,178958,82309
551,23513735,23695014,181279,86107
552,23556439,23737800,181361,85416
553,23599126,23779000,179874,82133
554,23640111,23827233,187122,90800
555,23682737,23870268,187531,85512
556,23725292,23912786,187494,85079
557,23767909,23955554,187645,83517
558,23808735,23996818,188083,83517
559,23851039,24038880,187841,84688
560,23893734,24081511,187777,85172
561,23936355,24122792,186437,83927
562,23979031,24164549,185518,82618
563,24019961,24207509,187548,85538
564,24062619,24250525,187906,85547
565,24105205,24291294,186089,81663
566,24146156,24333189,187033,84496
567,24188817,24376014,187197,85313
568,24231383,24418253,186870,84890
569,24274093,24462771,188678,85530
570,24315201,24504005,188804,83897
571,24357918,24545991,188073,84646
572,24400650,24588708,188058,85324
573,24443337,24629876,186539,83863
574,24486064,24671210,185146,82438
575,24527251,24713688,186437,85064
576,24569918,24756485,186567,85437
577,24612615,24797720,185105,82265
578,24653706,24840742,187036,85617
579,24696361,24882793,186432,84664
580,24739052,24925121,186069,85145
581,24781926,24969979,188053,85822
582,24822986,25011347,188361,83966
583,24865638,25053541,187903,84795
584,24908315,25096007,187692,85120
585,24951050,25137521,186471,84105
586,24993669,25179515,185846,83140
587,25034883,25222223,187340,85194
588,25077448,25264680,187232,84917
589,25119964,25306336,186372,82589
590,25160954,25348082,187128,84399
591,25203693,25390778,187085,85319
592,25246394,25431904,185510,83822
593,25289125,25473295,184170,82449
594,25330251,25514529,184278,83755
595,25372824,25556708,183884,84776
596,25415471,25602575,187104,86976
597,25456660,25644869,188209,84928
598,25499373,25686964,187591,84623
599,25541972,25731418,189446,86988
600,25584586,25773974,189388,85143
601,25627250,25815477,188227,84229
602,25670037,25857648,187611,84673
603,25712606,25898788,186182,83752
604,25755272,25939987,184715,83867
605,25797983,25982708,184725,84003
606,25839344,26023910,184566,83989
607,25882162,26065783,183621,82870
608,25923225,26107365,184140,83967
609,25965664,26148862,183198,84111
610,26008320,26191002,182682,83276
611,26049529,26235482,185953,86943
612,26092050,26277005,184955,82580
613,26133160,26319167,186007,84661
614,26175728,26361492,185764,84808
615,26218295,26402215,183920,83410
616,26261028,26444096,183068,83035
617,26302249,26486770,184521,85337
618,26344993,26527894,182901,83781
619,26387680,26569177,181497,82289
620,26428765,26610205,181440,83562
621,26471367,26651368,180001,83844
622,26514089,26693995,179906,83663
623,26555197,26741891,186694,90539
624,26597898,26783082,185184,82344
625,26639106,26825216,186110,84832
626,26681877,26867873,185996,85262
627,26724561,26909332,184771,84273
628,26767409,26950611,183202,82302
629,26808501,26992996,184495,85022
630,26851218,27034612,183394,84316
631,26893951,27076414,182463,82856
632,26935073,27119182,184109,85396
633,26977780,27161532,183752,84966
634,27020452,27203554,183102,83148
635,27061652,27249302,187650,88326
636,27104311,27290690,186379,84101
637,27147079,27332382,185303,84395
638,27189852,27374447,184595,84683
639,27232551,27415455,182904,83518
640,27275094,27456708,181614,82489
641,27316398,27499194,182796,84993
642,27358985,27540664,181679,84258
643,27401805,27582331,180526,82660
644,27442864,27623896,181032,84214
645,27485567,27665406,179839,84137
646,27528244,27707659,179415,83303
647,27569361,27752373,183012,87279
648,27611959,27793805,181846,82335
649,27652917,27835640,182723,84450
650,27695605,27881441,185836,88409
651,27738277,27924065,185788,83604
652,27779350,27966216,186866,84808
653,27822091,28008622,186531,85187
654,27864943,28051259,186316,85246
655,27907629,28092687,185058,84080
656,27950343,28133940,183597,83868
657,27993019,28176277,183258,84970
658,28035731,28217426,181695,83818
659,28078449,28258518,180069,82140
660,28119566,28301497,181931,85247
661,28161911,28342577,180666,83616
662,28204480,28385982,181502,84357
663,28245491,28428356,182865,84869
664,28288064,28469940,181876,84184
665,28330712,28511559,180847,82707
666,28371865,28553165,181300,84341
667,28414652,28594947,180295,84458
668,28457386,28637065,179679,83307
669,28498654,28678001,179347,83628
670,28541391,28719184,177793,82347
671,28582620,28761684,179064,85039
672,28625227,28804585,179358,85644
673,28668026,28845644,177618,81993
674,28709020,28887942,178922,84947
675,28751731,28928835,177104,83515
676,28794408,28970075,175667,84051
677,28837260,29012444,175184,83437
678,28878410,29054610,176200,84998
679,28921287,29095765,174478,82284
680,28962476,29137827,175351,84681
681,29005156,29178784,173628,83627
682,29047894,29222822,174928,86634
683,29090533,29264395,173862,82937
684,29131945,29305521,173576,83844
685,29174699,29346393,171694,82030
686,29215934,29392953,177019,89115
687,29258559,29433895,175336,82111
688,29299807,29475161,175354,83901
689,29342481,29518323,175842,84240
690,29383631,29559142,175511,83436
691,29426279,29600541,174262,82575
692,29467515,29645044,177529,87086
693,29510165,29685484,175319,83223
694,29552980,29731057,178077,86684
695,29594148,29773386,179238,85014
696,29636899,29815977,179078,85255
697,29679618,29858411,178793,83407
698,29720668,29903516,182848,87783
699,29763405,29945868,182463,84982
700,29806112,29986763,180651,83520
701,29848764,30028046,179282,82336
702,29889885,30068613,178728,83115
703,29932486,30109724,177238,83694
704,29975121,30152607,177486,83599
705,30015913,30194669,178756,83405
706,30057311,30235880,178569,82296
707,30098462,30278466,180004,85157
708,30141114,30319897,178783,84218
709,30183932,30361236,177304,82292
710,30224951,30403682,178731,85215
711,30267794,30444555,176761,83527
712,30310478,30485935,175457,82489
713,30351677,30526876,175199,83558
714,30394342,30568114,173772,84010
715,30437149,30611423,174274,84372
716,30478290,30660654,182364,91984
717,30521076,30703322,182246,83645
718,30562129,30745924,183795,85400
719,30604972,30787616,182644,82625
720,30645953,30829096,183143,83622
721,30688156,30871160,183004,84685
722,30730849,30914513,183664,85802
723,30773358,30956475,183117,83122
724,30814587,30999384,184797,85576
725,30857326,31041846,184520,85004
726,30899948,31084794,184846,85419
727,30942495,31125909,183414,83789
728,30985230,31167185,181955,83906
729,31027921,31208496,180575,83946
730,31070609,31251562,180953,85706
731,31113303,31294732,181429,84229
732,31154417,31335847,181430,83756
733,31197117,31376843,179726,83708
734,31239890,31418004,178114,83775
735,31282534,31460738,178204,83770
736,31323639,31502171,178532,83895
737,31366138,31543916,177778,82822
738,31407265,31591715,184450,90582
739,31450126,31634913,184787,85813
740,31492794,31677295,184501,83416
741,31533908,31719869,185961,85157
742,31576569,31762497,185928,85277
743,31619291,31804395,185104,84539
744,31662008,31845678,183670,83913
745,31704691,31886819,182128,83747
746,31747358,31929086,181728,84885
747,31790057,31971128,181071,84690
748,31832751,32013600,180849,83600
749,31873958,32058507,184549,87529
750,31916659,32100912,184253,84902
751,31959234,32141612,182378,83371
752,32001967,32183300,181333,84281
753,32044624,32224774,180150,84125
754,32087327,32266537,179210,84434
755,32130040,32307410,177370,82155
756,32171377,32348761,177384,84010
757,32214075,32389591,175516,81885
758,32255191,32431058,175867,84138
759,32297904,32473100,175196,83105
760,32339050,32516145,177095,85816
761,32381875,32559574,177699,84563
762,32423068,32601411,178343,84587
763,32465895,32643783,177888,84897
764,32508471,32689979,181508,87140
765,32549482,32732620,183138,85104
766,32592024,32775131,183107,85176
767,32634762,32817124,182362,84628
768,32677467,32858375,180908,83748
769,32720018,32899900,179882,84104
770,32762664,32941744,179080,84489
771,32805388,32983085,177697,83905
772,32847985,33023867,175882,81894
773,32889157,33065498,176341,84265
774,32931848,33106087,174239,83247
775,32974540,33147708,173168,82771
776,33015720,33189838,174118,83260
777,33056925,33231733,174808,84188
778,33099261,33274134,174873,83607
779,33140543,33323351,182808,91848
780,33183243,33364368,181125,83577
781,33225855,33405686,179831,83999
782,33268603,33447942,179339,84897
783,33311325,33488701,177376,83557
784,33354156,33529843,175687,82196
785,33395290,33572162,176872,85030
786,33438068,33614431,176363,84935
787,33480777,33657367,176590,84003
788,33521914,33701277,179363,86318
789,33564377,33743751,179374,85197
790,33607173,33786788,179615,85786
791,33649973,33830319,180346,84452
792,33690949,33872009,181060,83233
793,33732545,33913627,181082,84088
794,33775092,33955527,180435,84628
795,33817898,33996534,178636,83663
796,33860586,34037921,177335,82462
797,33901725,34079026,177301,83689
798,33944363,34119961,175598,83697
799,33987159,34161321,174162,82247
800,34028106,34202511,174405,83782
801,34070737,34244739,174002,83341
802,34111915,34286429,174514,84410
803,34154702,34328038,173336,82765
804,34195909,34369716,173807,84412
805,34238710,34411434,172724,84366
806,34281393,34454264,172871,84042
807,34322678,34495649,172971,84027
808,34365358,34538589,173231,84146
809,34406663,34583722,177059,87843
810,34449409,34624878,175469,82306
811,34490612,34666601,175989,84363
812,34533292,34707261,173969,81641
813,34574323,34748520,174197,83603
814,34616704,34790845,174141,83358
815,34657815,34838993,181178,90653
816,34700366,34880041,179675,81994
817,34741366,34921302,179936,83774
818,34783947,34963634,179687,84905
819,34826599,35005255,178656,84428
820,34869437,35046939,177502,82845
821,34910661,35087700,177039,83478
822,34953433,35128760,175327,83534
823,34995957,35169951,173994,82358
824,35037177,35211440,174263,84128
825,35079852,35253375,173523,83051
826,35121040,35294650,173610,83750
827,35163542,35335742,172200,82088
828,35204600,35376703,172103,82801
829,35246508,35417959,171451,84005
830,35289288,35459090,169802,82212
831,35330428,35500476,170048,84180
832,35373253,35542725,169472,83281
833,35414362,35592559,178197,92566
834,35457147,35633661,176514,82416
835,35498520,35676145,177625,85203
836,35541316,35721292,179976,87676
837,35583892,35763401,179509,83130
838,35624996,35806496,181500,85804
839,35667785,35849438,181653,85554
840,35710465,35890705,180240,84000
841,35753250,35932039,178789,83945
842,35795940,35974129,178189,84697
843,35838627,36017045,178418,85645
844,35881400,36058369,176969,82474
845,35922608,36099935,177327,84016
846,35965121,36140387,175266,83149
847,36007873,36182025,174152,84374
848,36050641,36224068,173427,83127
849,36091792,36266101,174309,84686
850,36134489,36308446,173957,83333
851,36175553,36356499,180946,90838
852,36218406,36397671,179265,83785
853,36261086,36438850,177764,83801
854,36303777,36481129,177352,84929
855,36346506,36523028,176522,84611
856,36389264,36566080,176816,84223
857,36430512,36610365,179853,86997
858,36473362,36651427,178065,83567
859,36515963,36693839,177876,84819
860,36558461,36736949,178488,85794
861,36601191,36779101,177910,83053
862,36642179,36822046,179867,85724
863,36685037,36865137,180100,85747
864,36727761,36906277,178516,83756
865,36770430,36947690,177260,84005
866,36813087,36989805,176718,84792
867,36855834,37031693,175859,84535
868,36898525,37072883,174358,82354
869,36939757,37114309,174552,84065
870,36982454,37156043,173589,84264
871,37025059,37197562,172503,84275
872,37067845,37238742,170897,82280
873,37109004,37280705,171701,84685
874,37151783,37322023,170240,82452
875,37192950,37364451,171501,83490
876,37234079,37407044,172965,85289
877,37276820,37448511,171691,82658
878,37318069,37490801,172732,84998
879,37360852,37532762,171910,84627
880,37403561,37574742,171181,83052
881,37444723,37616226,171503,84211
882,37487500,37658020,170520,84473
883,37530248,37699426,169178,84122
884,37573003,37741733,168730,83435
885,37614190,37783809,169619,84868
886,37657033,37826108,169075,83445
887,37698246,37877369,179123,93625
888,37740681,37918825,178144,84165
889,37783443,37960391,176948,84179
890,37826121,38003461,177340,85780
891,37868907,38045709,176802,84874
892,37911578,38089028,177450,84457
893,37952793,38130911,178118,84575
894,37995539,38172090,176551,83902
895,38038321,38214894,176573,85464
896,38081061,38259553,178492,87373
897,38123823,38301431,177608,82971
898,38164993,38343759,178766,84990
899,38207736,38386907,179171,85852
900,38250509,38427765,177256,83486
901,38293191,38469087,175896,83974
902,38335906,38511452,175546,84963
903,38378578,38553411,174833,84743
904,38421408,38595217,173809,82861
905,38462540,38636693,174153,84201
906,38505326,38678705,173379,84555
907,38547931,38719805,171874,83745
908,38590610,38762373,171763,83755
909,38631862,38804446,172584,84808
910,38674642,38846746,172104,83315
911,38715723,38893796,178073,89590
912,38758332,38935729,177397,84554
913,38801018,38978952,177934,85909
914,38843781,39022012,178231,85785
915,38886582,39064423,177841,85125
916,38929362,39107440,178078,85769
917,38972192,39150449,178257,85625
918,39014876,39192735,177859,85053
919,39057710,39233389,175679,83318
920,39100427,39275110,174683,84294
921,39143052,39317035,173983,84518
922,39185711,39358432,172721,84571
923,39228921,39400372,171451,83297
924,39270346,39441591,171245,83983
925,39313139,39483373,170234,83049
926,39354480,39524816,170336,84212
927,39397278,39567124,169846,83510
928,39438543,39609063,170520,84657
929,39481313,39651417,170104,83514
930,39522535,39693746,171211,84875
931,39565147,39735747,170600,84522
932,39607717,39785883,178166,91131
933,39648784,39828010,179226,84880
934,39691615,39871116,179501,86252
935,39734839,39913643,178804,85193
936,39777575,39955286,177711,84404
937,39820390,39996633,176243,83943
938,39863051,40039765,176714,85942
939,39905934,40080826,174892,83781
940,39948685,40121867,173182,81992
941,39989688,40164133,174445,84761
942,40032251,40213391,181140,92033
943,40075061,40254302,179241,82167
944,40116363,40295961,179598,84320
945,40159063,40338689,179626,83663
946,40200076,40381071,180995,85483
947,40243230,40423023,179793,82838
948,40284185,40465630,181445,85169
949,40326814,40507289,180475,84305
950,40369521,40548949,179428,84168
951,40412090,40590603,178513,84276
952,40454765,40632040,177275,84201
953,40497571,40672951,175380,82157
954,40538884,40715078,176194,84826
955,40581620,40756012,174392,82111
956,40622848,40797576,174728,84286
957,40665609,40839648,174039,83223
958,40706825,40880964,174139,83994
959,40749578,40921717,172139,82007
960,40790891,40964012,173121,85009
961,40833670,41005393,171723,84115
962,40876437,41048380,171943,83955
963,40917478,41090342,172864,84284
964,40959846,41131898,172052,82646
965,41000995,41173907,172912,84453
966,41043506,41216954,173448,85748
967,41086244,41258316,172072,82724
968,41127684,41299512,171828,83825
969,41170352,41341693,171341,83327
970,41211561,41384350,172789,85313
971,41254265,41425860,171595,82752
972,41295567,41467648,172081,84124
973,41337970,41509266,171296,84254
974,41380647,41552025,171378,83910
975,41421872,41593694,171822,84404
976,41464636,41636706,172070,84137
977,41505834,41678844,173010,84764
978,41548507,41719810,171303,82145
979,41589743,41762135,172392,84942
980,41632432,41803366,170934,83807
981,41675042,41845699,170657,83236
982,41716001,41888673,172672,85280
983,41758352,41932805,174453,85099
984,41799387,41975015,175628,84832
985,41842086,42018115,176029,85695
986,41884756,42060483,175727,84988
987,41927447,42102440,174993,84549
988,41970115,42145471,175356,85624
989,42012780,42186724,173944,83946
990,42055533,42228955,173422,84858
991,42098237,42271905,173668,85430
992,42140763,42313361,172598,82487
993,42181852,42355417,173565,84767
994,42224640,42398590,173950,85914
995,42267426,42441733,174307,83913
996,42308274,42483722,175448,84568
997,42350930,42526118,175188,84962
998,42393572,42571222,177650,87508
999,42436056,42613674,177618,84984
1000,42478666,42656633,177967,86481
