step,start,end,latency,execution
1,0,57426,57426,88392
2,31014,112328,81314,98868
3,75002,166825,91823,66157
4,86666,219643,132977,95105
5,128957,272270,143313,64243
6,140576,325001,184425,93049
7,180897,377677,196780,63928
8,192152,430339,238187,97404
9,236897,486571,249674,67456
10,248124,534745,286621,88946
11,288898,596271,307373,72749
12,300124,644922,344798,89424
13,340900,693102,352202,59378
14,352101,741278,389177,88970
15,392898,797945,405047,67917
16,404151,839306,435155,82132
17,444926,880580,435654,50600
18,454255,921930,467675,50673
19,463580,963329,499749,82778
20,504962,1004667,499705,50631
21,514259,1045947,531688,82632
22,555613,1087253,531640,57224
23,571535,1130270,558735,52339
24,580860,1172210,591350,79338
25,618268,1215462,597194,84653
26,659671,1258422,598751,52292
27,669006,1300629,631623,83502
28,710303,1342627,632324,51349
29,719656,1384390,664734,83085
30,760981,1425620,664639,50523
31,770278,1466882,696604,57504
32,786523,1508274,721751,82741
33,827875,1549637,721762,82723
34,869238,1590987,721749,82593
35,910484,1632351,721867,82739
36,951863,1673586,721723,82630
37,993261,1714949,721688,82670
38,1034571,1756260,721689,82646
39,1075909,1797603,721694,84222
40,1118793,1840024,721231,84189
41,1160564,1881373,720809,84380
42,1203602,1922727,719125,84408
43,1246658,1964503,717845,84205
44,1289090,2005721,716631,83182
45,1331056,2047062,716006,83308
46,1373025,2088399,715374,82602
47,1414294,2129682,715388,82539
48,1455552,2171171,715619,82777
49,1496843,2212534,715691,82723
50,1538206,2253798,715592,82626
51,1579570,2295177,715607,82726
52,1620920,2336545,715625,82729
53,1662283,2377827,715544,82542
54,1703547,2420021,716474,83525
55,1744881,2461608,716727,82865
56,1786163,2502875,716712,83618
57,1828517,2544151,715634,82774
58,1870019,2585545,715526,82725
59,1911353,2626878,715525,83095
60,1953118,2668273,715155,82708
61,1994435,2709484,715049,82426
62,2035653,2750818,715165,82701
63,2077023,2792149,715126,82607
64,2118302,2833512,715210,82729
65,2159672,2874830,715158,82747
66,2201104,2916127,715023,82627
67,2242437,2957544,715107,82708
68,2283731,2999156,715425,82987
69,2325114,3041311,716197,83487
70,2366449,3083496,717047,84117
71,2408385,3125479,717094,83857
72,2450262,3167446,717184,83270
73,2491568,3208825,717257,82573
74,2532765,3250082,717317,82571
75,2574083,3291380,717297,82689
76,2615477,3332744,717267,82752
77,2656867,3374002,717135,82593
78,2698205,3415261,717056,82466
79,2739416,3456624,717208,82694
80,2780750,3497975,717225,82675
81,2822081,3539313,717232,82699
82,2863445,3580704,717259,82706
83,2904763,3622763,718000,83419
84,2946126,3664249,718123,83039
85,2987682,3705639,717957,83599
86,3029894,3746894,717000,83352
87,3071994,3788252,716258,83313
88,3113953,3829615,715662,83314
89,3155906,3871068,715162,82960
90,3197417,3912351,714934,82591
91,3238729,3953849,715120,82780
92,3280014,3995476,715462,82921
93,3321312,4036868,715556,82726
94,3362648,4080191,717543,84607
95,3403935,4112777,708842,73739
96,3445192,4132901,687709,61458
97,3486532,4153006,666474,61476
98,3527907,4173010,645103,61336
99,3569245,4193266,624021,62217
100,3611211,4214099,602888,62427
101,3652809,4234525,581716,61828
102,3694221,4255050,560829,61870
103,3735571,4275373,539802,61575
104,3776827,4295354,518527,61332
105,3818184,4315402,497218,61498
106,3859638,4335282,475644,61236
107,3901000,4355236,454236,61307
108,3942359,4375267,432908,61708
109,3984040,4395004,410964,61098
110,4025407,4414831,389424,62252
111,4068197,4433752,365555,62481
112,4434765,4516890,82125,83492
113,4444370,4536018,91648,62804
114,4488053,4597098,109045,96029
115,4523005,4616224,93219,65122
116,4569004,4677215,108211,94988
117,4603004,4696014,93010,65000
118,4649207,4756333,107126,94113
119,4683004,4765773,82769,55169
120,4728735,4836125,107390,107394
121,4765779,4845622,79843,50717
122,4807005,4915158,108153,108157
123,4845630,4934033,88403,60891
124,4887649,5004464,116815,101783
125,4919004,5014012,95008,45552
126,4955013,5074331,119318,88312
127,4983008,5093198,110190,74855
128,5038999,5153738,114739,96543
129,5075004,5172643,97639,62897
130,5119000,5232947,113947,96305
131,5155004,5251771,96767,69181
132,5205364,5321329,115965,99195
133,5235004,5330721,95717,58889
134,5284505,5400401,115896,96176
135,5311004,5410394,99390,53985
136,5354999,5470981,115982,96587
137,5391004,5489979,98975,62990
138,5435000,5550403,115403,96425
139,5471005,5569295,98290,62883
140,5514999,5638901,123902,105623
141,5551019,5648476,97457,53552
142,5594999,5717315,122316,92053
143,5618217,5726861,108644,72498
144,5681172,5797172,116000,79636
145,5690501,5806719,116218,70042
146,5750999,5876488,125489,88507
147,5769741,5914042,144301,98809
148,5830999,5955833,124834,59655
149,5848867,5993405,144538,87701
150,5898999,6036062,137063,75997
151,5932343,6081618,149275,92209
152,5978999,6115348,136349,67116
153,6012392,6156892,144500,88148
154,6058999,6195115,136116,71549
155,6092328,6204753,112425,56307
156,6138999,6274516,135517,103184
157,6172447,6329405,156958,119934
158,6237504,6353752,116248,33673
159,6246833,6408600,161767,103012
160,6294999,6432970,137971,58779
161,6329411,6478458,149047,91074
162,6374999,6512164,137165,67311
163,6408607,6521707,113100,55933
164,6454999,6619466,164467,131113
165,6488356,6646462,158106,85637
166,6546999,6699767,152768,70117
167,6563815,6725258,161443,72673
168,6611000,6779740,168740,89948
169,6646468,6805268,158800,50057
170,6670999,6859781,188782,110483
171,6726972,6885326,158354,49569
172,6751000,6939941,188941,108887
173,6805275,6973567,168292,59347
174,6830999,7018361,187362,99125
175,6885332,7052061,166729,59364
176,6910999,7103960,192961,103899
177,6963017,7133113,170096,53132
178,6986999,7183749,196750,106635
179,7043002,7211574,168572,51820
180,7066999,7263953,196954,106640
181,7121263,7291333,170070,53114
182,7146999,7344002,197003,104669
183,7199016,7371496,172480,55474
184,7226999,7423840,196841,104343
185,7279002,7451077,172075,55231
186,7306999,7503654,196655,104577
187,7359002,7530087,171085,54427
188,7386999,7583719,196720,97631
189,7431002,7609220,178218,61496
190,7466999,7662995,195996,97775
191,7511002,7688467,177465,61465
192,7546999,7739766,192767,95298
193,7591002,7767746,176744,63974
194,7626999,7819813,192814,96066
195,7671002,7847522,176520,59703
196,7702999,7899766,196767,96243
197,7747002,7926947,179945,63176
198,7782999,7979789,196790,96841
199,7827002,8005966,178964,62171
200,7862999,8059643,196644,97676
201,7907002,8085082,178080,61433
202,7942999,8122653,179654,81570
203,7987002,8164336,177334,77677
204,8022999,8202649,179650,82313
205,8067002,8243698,176696,73043
206,8098999,8278625,179626,82926
207,8147002,8323039,176037,76408
208,8178999,8358471,179472,83431
209,8227002,8403356,176354,72880
210,8255000,8438892,183892,83534
211,8303002,8481989,178987,75091
212,8334999,8518461,183462,76471
213,8375002,8562419,187417,83952
214,8415000,8598526,183526,84105
215,8463002,8641576,178574,75044
216,8494999,8678721,183722,77145
217,8535002,8720902,185900,82176
218,8574999,8754774,179775,73872
219,8615002,8800313,185311,85534
220,8655000,8834512,179512,73520
221,8694325,8896085,201760,98245
222,8730999,8926453,195454,70368
223,8771002,8976141,205139,89683
224,8810999,8990711,179712,54569
225,8851002,9056585,205583,101869
226,8886999,9095178,208179,83975
227,8932384,9136848,204464,76283
228,8967000,9175601,208601,80106
229,9008357,9217104,208747,80142
230,9047000,9255422,208422,79725
231,9088410,9296967,208557,80131
232,9126999,9335271,208272,79753
233,9168451,9376779,208328,80054
234,9206999,9415082,208083,79684
235,9248383,9456626,208243,80157
236,9286999,9470876,183877,55603
237,9328356,9535265,206909,103030
238,9366999,9574361,207362,80450
239,9408356,9611950,203594,76230
240,9446999,9654521,207522,83925
241,9488356,9692010,203654,72129
242,9522999,9730276,207277,79619
243,9564356,9771850,207494,76214
244,9598999,9810412,211413,83918
245,9644357,9851967,207610,76196
246,9679000,9890065,211065,79451
247,9720356,9931620,211264,80195
248,9758999,9973840,214841,83575
249,9800356,10014178,213822,78978
250,9838999,10049836,210837,77012
251,9880356,10087439,207083,76244
252,9918999,10136383,217384,84943
253,9955002,10173928,218926,77540
254,9994999,10216912,221913,86983
255,10039001,10250394,211393,69475
256,10075000,10293894,218894,84880
257,10116384,10332173,215789,72893
258,10151002,10369923,218921,79136
259,10192391,10407467,215076,80151
260,10235001,10456804,221803,89334
261,10275002,10490277,215275,73467
262,10314999,10536613,221614,90335
263,10359001,10569426,210425,68808
264,10394999,10616583,221584,80511
265,10428356,10649131,220775,69087
266,10464898,10700989,236091,93958
267,10507002,10735130,228128,72034
268,10544898,10778385,233487,85354
269,10587002,10840404,253402,99940
270,10624927,10862286,237359,67957
271,10671006,10896402,225396,78108
272,10715002,10960670,245668,96266
273,10747004,10986323,239319,77647
274,10799001,11040578,241577,78254
275,10823004,11082001,258997,87408
276,10868991,11100796,231805,64805
277,10915004,11163015,248011,90254
278,10943042,11200576,257534,89518
279,10995002,11238147,243145,66342
280,11023776,11260341,236565,69416
281,11071002,11293743,222741,68499
282,11106103,11356539,250436,111692
283,11155002,11398118,243116,63567
284,11176993,11418830,241837,62717
285,11219002,11452281,233279,79343
286,11264897,11516442,251545,102263
287,11303002,11553987,250985,75438
288,11340898,11587482,246584,71596
289,11379001,11610514,231513,68926
290,11424898,11676410,251512,103996
291,11463002,11713954,250952,67437
292,11492898,11743527,250629,71673
293,11535001,11776965,241964,72660
294,11574226,11832521,258295,100328
295,11619002,11869974,250972,69715
296,11651267,11911546,260279,76874
297,11686571,11937104,250533,71659
298,11732675,11966579,233904,59544
299,11762748,12031397,268649,116068
300,11814001,12068913,254912,74873
301,11851362,12110390,259028,83037
302,11892926,12147979,255053,65620
303,11920961,12181416,260455,81372
304,11968898,12228569,259671,84063
305,12005812,12266116,260304,83592
306,12051859,12307677,255818,71587
307,12081888,12337220,255332,75621
308,12127968,12390723,262755,83582
309,12158062,12428843,270781,84159
310,12204111,12462360,258249,69969
311,12240567,12503928,263361,88772
312,12287774,12536199,248425,61165
313,12316671,12577637,260966,85661
314,12360898,12627718,266820,88183
315,12399005,12665262,266257,83435
316,12444898,12702771,257873,68912
317,12476304,12740295,263991,82116
318,12520898,12781839,260941,74205
319,12553563,12839360,285797,92881
320,12588926,12868937,280011,75649
321,12635002,12902429,267427,72715
322,12674227,12939975,265748,75630
323,12712314,12977503,265189,72752
324,12747540,13010865,263325,75091
325,12789272,13080384,291112,105155
326,12824911,13101945,277034,71648
327,12875002,13139440,264438,72718
328,12910228,13180914,270686,79530
329,12948287,13210458,262171,64769
330,12983514,13268667,285153,100372
331,13025680,13306161,280481,72854
332,13061043,13338041,276998,77835
333,13107002,13376865,269863,78046
334,13146227,13414381,268154,79606
335,13188321,13478983,290662,99853
336,13223576,13509023,285447,63337
337,13256876,13546500,289624,76701
338,13296104,13576601,280497,76996
339,13343002,13614145,271143,75438
340,13380898,13668431,287533,91616
341,13418232,13705948,287716,76768
342,13457486,13739532,282046,71097
343,13495002,13771587,276585,71276
344,13534226,13812359,278133,85544
345,13579002,13871261,292259,98153
346,13618255,13905789,287534,71856
347,13655585,13943241,287656,76698
348,13694835,13980785,285950,70927
349,13728221,14030152,301931,98042
350,13776898,14071717,294819,79665
351,13815001,14111955,296954,78194
352,13852959,14142123,289164,67523
353,13890318,14179579,289261,76657
354,13929522,14217110,287588,75008
355,13967002,14271209,304207,99992
356,14012898,14308753,295855,75644
357,14051001,14349461,298460,79902
358,14090199,14379642,289443,67535
359,14127557,14417185,289628,78882
360,14168899,14454623,285724,71537
361,14203002,14520154,317152,111424
362,14248898,14539265,290367,57212
363,14287002,14576636,289634,76622
364,14326255,14614106,287851,74825
365,14363613,14679626,316013,104715
366,14402811,14698554,295743,56282
367,14440169,14744091,303922,94263
368,14488898,14774229,285331,68239
369,14527002,14835787,308785,96752
370,14562199,14862706,300507,64273
371,14599557,14900273,300716,78905
372,14640898,14934464,293566,80291
373,14687002,14999524,312522,100253
374,14722199,15033041,310842,66843
375,14755529,15056672,301143,64998
376,14796898,15102244,305346,91672
377,14843002,15134935,291933,67912
378,14878226,15171442,293216,73862
379,14915584,15208851,293267,70721
380,14948898,15250303,301405,83552
381,14991002,15319843,328841,119499
382,15040963,15349336,308373,67528
383,15079002,15372896,293894,65511
384,15120956,15419799,298843,80945
385,15155002,15453316,298314,75411
386,15196898,15515779,318881,100564
387,15235002,15557216,322214,79358
388,15272926,15576836,303910,57693
389,15311002,15634246,323244,103302
390,15356898,15649856,292958,53712
391,15395004,15696319,301315,84355
392,15432898,15725713,292815,63494
393,15467002,15791262,324260,107444
394,15508900,15828791,319891,75628
395,15547002,15870234,323232,87335
396,15592898,15899781,306883,59647
397,15623002,15949291,326289,83431
398,15656926,15986808,329882,79590
399,15699002,16020381,321379,71494
400,15736926,16067602,330676,85293
401,15775001,16109147,334146,79438
402,15812898,16150746,337848,79700
403,15851001,16180297,329296,67472
404,15888926,16202063,313137,63840
405,15931004,16238781,307777,74637
406,15968926,16309040,340114,108332
407,16007001,16346511,339510,83393
408,16052926,16388028,335102,78463
409,16089875,16417273,327398,68441
410,16129073,16470733,341660,91385
411,16167001,16508256,341255,83417
412,16212898,16549765,336867,78456
413,16249849,16587332,337483,68789
414,16281075,16624752,343677,81569
415,16325227,16649672,324445,57317
416,16357627,16685272,327645,79329
417,16401359,16734788,333429,89052
418,16440898,16784233,343335,90409
419,16481866,16821777,339911,72886
420,16517211,16863271,346060,81715
421,16557435,16896839,339404,69029
422,16592898,16930263,337365,73570
423,16633048,16981201,348153,86834
424,16668947,17018692,349745,86389
425,16717848,17060265,342417,80854
426,16757131,17101688,344557,83291
427,16799002,17142701,343699,76965
428,16834956,17179431,344475,76772
429,16875001,17223036,348035,76843
430,16908242,17268593,360351,92317
431,16955006,17294137,339131,62644
432,16992110,17335515,343405,84266
433,17035001,17372990,337989,71903
434,17069432,17414533,345101,83110
435,17111002,17446899,335897,74258
436,17152898,17512533,359635,99734
437,17187002,17540223,353221,73583
438,17232898,17585715,352817,70790
439,17258199,17615247,357048,77483
440,17306154,17652684,346530,75307
441,17344028,17690256,346228,77496
442,17383955,17750593,366638,93636
443,17417258,17784166,366908,77529
444,17461217,17829581,368364,79198
445,17495004,17867615,372611,91925
446,17548898,17893053,344155,50791
447,17574255,17926539,352284,80710
448,17621481,17988088,366607,99695
449,17659631,18022292,362661,74157
450,17699586,18055865,356279,66899
451,17732915,18087843,354928,75931
452,17776871,18128600,351729,74054
453,17810172,18165982,355810,76605
454,17849398,18227529,378131,107147
455,17895002,18261026,366024,68719
456,17930227,18302569,372342,82897
457,17971585,18340768,369183,73421
458,18006811,18385686,378875,82244
459,18044141,18419932,375791,83001
460,18092898,18453405,360507,71573
461,18131009,18497559,366550,83398
462,18170263,18543131,372868,82951
463,18207645,18577289,369644,73353
464,18246843,18602818,355975,62883
465,18284200,18664310,380110,100744
466,18323455,18701747,378292,80980
467,18367002,18736050,369048,69552
468,18402254,18769537,367283,70841
469,18439612,18801468,361856,77232
470,18484915,18868342,383427,104261
471,18522306,18897831,375525,64745
472,18557565,18932514,374949,80132
473,18603017,18970013,366996,76678
474,18642199,19032811,390612,100152
475,18679557,19050338,370781,56721
476,18718754,19095938,377184,82929
477,18756087,19134134,378047,87031
478,18804926,19185665,380739,81603
479,18835002,19215190,380188,71418
480,18876898,19249174,372276,72084
481,18915002,19286613,371611,79360
482,18956926,19344164,387238,95624
483,18995002,19385707,390705,87436
484,19040898,19415173,374275,63566
485,19075002,19448876,373874,72980
486,19114282,19482422,368140,70918
487,19151658,19551922,400264,110737
488,19192898,19581429,388531,67607
489,19231002,19614147,383145,71967
490,19270255,19651642,381387,74849
491,19307613,19682661,375048,76301
492,19352898,19748208,395310,103648
493,19391002,19789725,398723,80739
494,19430227,19812597,382370,60199
495,19467557,19842501,374944,67273
496,19504929,19907985,403056,103554
497,19543002,19949481,406479,87388
498,19588898,19970494,381596,59114
499,19627002,20012066,385064,79466
500,19664898,20048392,383494,74426
501,19703002,20089884,386882,79403
502,19740916,20147530,406614,95728
503,19779002,20185048,406046,83411
504,19824899,20226592,401693,79644
505,19863002,20256164,393162,67465
506,19900898,20307982,407084,89918
507,19939002,20345419,406417,83358
508,19984926,20382886,397960,75539
509,20023002,20416431,393429,71438
510,20060898,20441551,380653,63220
511,20099002,20478293,379291,67964
512,20130226,20547777,417551,106839
513,20167584,20581312,413728,72729
514,20206781,20622777,415996,77682
515,20243001,20660240,417239,83384
516,20288926,20693734,404808,71567
517,20327001,20739757,412756,83318
518,20364300,20781301,417001,80242
519,20403001,20818747,415746,79340
520,20444898,20860278,415380,83631
521,20487002,20889715,402713,63654
522,20521221,20922004,400783,74967
523,20563903,20953842,389939,69921
524,20601988,20998161,396173,81329
525,20639001,21056889,417888,97950
526,20678226,21094327,416101,82210
527,20723001,21135926,412925,80854
528,20762259,21165391,403132,66204
529,20799001,21198935,399934,72775
530,20838236,21260822,422586,91762
531,20868114,21294366,426252,90321
532,20924893,21331939,407046,67682
533,20955004,21373405,418401,87358
534,21000898,21402914,402016,59609
535,21031001,21453920,422919,95777
536,21075775,21491492,415717,68966
537,21107172,21533110,425938,86200
538,21151757,21577677,425920,76073
539,21183265,21611277,428012,86051
540,21235719,21648794,413075,68796
541,21267002,21690280,423278,86228
542,21311747,21735930,424183,77035
543,21343135,21770745,427610,79425
544,21387748,21811424,423676,72159
545,21419232,21848956,429724,87223
546,21468926,21886371,417445,71428
547,21502942,21947931,444989,103513
548,21544898,21981476,436578,71646
549,21583002,22008105,425103,68522
550,21624898,22045650,420752,72915
551,21660272,22108879,448607,98426
552,21695471,22138423,442952,77071
553,21743002,22166554,423552,62024
554,21776898,22207384,430486,83658
555,21819730,22246985,427255,74882
556,21855029,22284002,428973,75056
557,21893072,22323577,430505,79289
558,21932788,22365122,432334,79558
559,21970805,22402674,431869,79670
560,22012925,22464248,451323,103634
561,22054988,22504636,449648,75584
562,22090187,22534924,444737,68370
563,22128272,22572524,444252,82253
564,22172927,22631709,458782,102039
565,22215784,22663590,447806,68993
566,22252898,22701135,448237,76422
567,22291778,22742679,450901,83195
568,22333432,22772478,439046,63365
569,22367002,22800439,433437,67155
570,22406199,22849825,443626,86741
571,22443557,22911309,467752,100678
572,22482754,22933310,450556,59358
573,22520114,22978826,458712,84738
574,22559340,23009093,449753,73925
575,22603001,23046637,443636,76768
576,22642227,23104210,461983,94928
577,22679585,23137727,458142,72683
578,22718754,23167743,448989,67347
579,22756088,23205288,449200,86351
580,22804897,23246798,441901,70837
581,22834226,23297590,463364,98044
582,22881481,23327863,446382,67791
583,22919002,23365407,446405,76765
584,22958227,23402952,444725,70899
585,22991585,23464513,472928,100756
586,23030782,23486797,456015,67639
587,23076140,23532369,456229,84881
588,23115451,23566630,451179,71588
589,23152781,23628159,475378,101643
590,23192898,23661618,468720,71560
591,23231002,23695161,464159,79435
592,23276898,23723768,446870,62707
593,23311002,23772055,461053,87509
594,23350226,23802236,452010,67536
595,23387584,23871765,484181,108724
596,23426781,23913161,486380,86722
597,23472111,23934573,462462,62196
598,23512898,23960040,447142,59567
599,23547001,24005478,458477,84633
600,23586199,24067607,481408,95456
601,23619528,24109083,489555,90872
602,23668926,24138617,469691,67606
603,23707002,24162240,455238,62844
604,23746227,24207707,461480,82821
605,23783585,24240384,456799,73988
606,23824898,24277223,452325,74939
607,23863002,24314732,451730,76758
608,23902254,24384289,482035,114912
609,23947611,24425835,478224,78830
610,23984898,24455308,470410,63574
611,24019002,24478832,459830,65416
612,24060898,24525734,464836,85003
613,24099009,24579285,480276,99432
614,24144899,24620829,475930,79645
615,24183002,24658370,475368,79434
616,24224898,24699925,475027,75655
617,24259002,24721469,462467,63436
618,24300898,24779543,478645,96174
619,24339002,24817020,478018,75371
620,24376898,24858592,481694,79672
621,24415002,24896086,481084,83387
622,24460898,24921630,460732,63644
623,24499002,24975176,476174,91466
624,24536926,25016583,479657,75480
625,24571001,25059141,488140,73780
626,24602226,25092577,490351,78208
627,24647001,25134095,487094,72741
628,24678227,25171652,493425,90328
629,24731002,25213101,482099,72670
630,24762226,25242645,480419,66898
631,24799584,25296734,497150,95399
632,24840898,25330210,489312,68471
633,24875896,25371732,495836,90521
634,24924898,25413277,488379,72620
635,24955977,25442820,486843,70461
636,24996898,25493025,496127,92305
637,25039002,25530569,491567,75437
638,25076898,25572142,495244,79674
639,25115001,25609714,494713,75470
640,25152901,25667208,514307,95592
641,25191001,25692649,501648,63334
642,25228898,25734131,505233,87583
643,25275001,25771607,496606,75398
644,25312925,25809124,496199,75590
645,25351001,25846561,495560,68710
646,25382277,25908135,525858,105725
647,25426430,25926873,500443,57232
648,25464926,25968061,503135,86107
649,25509849,26005554,495705,69479
650,25541837,26065745,523908,104393
651,25586043,26107288,521245,73440
652,25617942,26143686,525744,76545
653,25658093,26177213,519120,76815
654,25701384,26205363,503979,68325
655,25741561,26248953,507392,78952
656,25776926,26285709,508783,76792
657,25816965,26325244,508279,74848
658,25852281,26366519,514238,87992
659,25899001,26399906,500905,70591
660,25936209,26441451,505242,88334
661,25983001,26478880,495879,67922
662,26013496,26542093,528597,104715
663,26055002,26559587,504585,53418
664,26090928,26601104,510176,74844
665,26124258,26638541,514283,81445
666,26168269,26697659,529390,101847
667,26211002,26731125,520123,79360
668,26256898,26759356,502458,62331
669,26291001,26798229,507228,80794
670,26332926,26857426,524500,97269
671,26371002,26890893,519891,73382
672,26410920,26924438,513518,66901
673,26444278,26956469,512191,75930
674,26488181,26998040,509859,74924
675,26521537,27063602,542065,113514
676,26569492,27093082,523590,62986
677,26603002,27127340,524338,78223
678,26646970,27164514,517544,70611
679,26680410,27194000,513590,69401
680,26720328,27234733,514405,83404
681,26763001,27308215,545214,116077
682,26805599,27326922,521323,52106
683,26839002,27364457,525455,77459
684,26878928,27398001,519073,66900
685,26912287,27429939,517652,85236
686,26965589,27470618,505029,74089
687,26999002,27529522,530520,94097
688,27034198,27570420,536222,83476
689,27076780,27604437,527657,69324
690,27112090,27637982,525892,70926
691,27149474,27699441,549967,108880
692,27196898,27736985,540087,75645
693,27235016,27763138,528122,65361
694,27274227,27804636,530409,82883
695,27315615,27838968,523353,69527
696,27350812,27886211,535399,80597
697,27384170,27920466,536296,83008
698,27432926,27953876,520950,71497
699,27471017,28023399,552382,107401
700,27508898,28055404,546506,69331
701,27546227,28096948,550721,80768
702,27585453,28130519,545066,71117
703,27623002,28164064,541062,72767
704,27662227,28201608,539381,82898
705,27707584,28260582,552998,98197
706,27746809,28289989,543180,66761
707,27784167,28322739,538572,67975
708,27819395,28360230,540835,81095
709,27863001,28419327,556326,98319
710,27902226,28460836,558610,78864
711,27939585,28491346,551761,69733
712,27978810,28519260,540450,65269
713,28016168,28560769,544601,90237
714,28064898,28598297,533399,75628
715,28103002,28656012,553010,92964
716,28138255,28697496,559241,78811
717,28175585,28727069,551484,68767
718,28214782,28756582,541800,66868
719,28252140,28794067,541927,82239
720,28296898,28852554,555656,96588
721,28335002,28894029,559027,80697
722,28374226,28923513,549287,66839
723,28411584,28972201,560617,87855
724,28450754,29009693,558939,81738
725,28495002,29051238,556236,80796
726,28534255,29074084,539829,60200
727,28571613,29132718,561105,95917
728,28608898,29170193,561295,75575
729,28647002,29211752,564750,80780
730,28686226,29232743,546517,66346
731,28731585,29274264,542679,78830
732,28768898,29310483,541585,74319
733,28807002,29372161,565159,99598
734,28844926,29409624,564698,75535
735,28883002,29447140,564138,83408
736,28928898,29488652,559754,75613
737,28963002,29510224,547222,59465
738,29000898,29572524,571626,100400
739,29039002,29605904,566902,79273
740,29084898,29647449,562551,79645
741,29123002,29684879,561877,75322
742,29160898,29718368,557470,71590
743,29199002,29764604,565602,92129
744,29244898,29806061,561163,79557
745,29283002,29843555,560553,75388
746,29320898,29885020,564122,79566
747,29359002,29914505,555503,60708
748,29390227,29946393,556166,69216
749,29427558,29977928,550370,70729
750,29466755,30030847,564092,97162
751,29511002,30084392,573390,92739
752,29550198,30125802,575604,78766
753,29587556,30163378,575822,75619
754,29625603,30204807,579204,78824
755,29663002,30242342,579340,76292
756,29701762,30291262,589500,94275
757,29747120,30328833,581713,75641
758,29785193,30364151,578958,65880
759,29815758,30397532,581774,78866
760,29861246,30451163,589917,84179
761,29891797,30484724,592927,90663
762,29948901,30522649,573748,68022
763,29979001,30556036,577035,67430
764,30013047,30593581,580534,79496
765,30055009,30653968,598959,102453
766,30097086,30695541,598455,75486
767,30131002,30735912,604910,82495
768,30173129,30769468,596339,67426
769,30207002,30794966,587964,67540
770,30249048,30835676,586628,74661
771,30283002,30873153,590151,91371
772,30336898,30910671,573773,67618
773,30367002,30971253,604251,105352
774,30411774,31004810,593036,64985
775,30443206,31046251,603045,94034
776,30495801,31075824,580023,60770
777,30527002,31113395,586393,82342
778,30571775,31154865,583090,72858
779,30603166,31212411,609245,99275
780,30644898,31244384,599486,67496
781,30680423,31288770,608347,88857
782,30724897,31322287,597390,66273
783,30757656,31367773,610117,96725
784,30808898,31394019,585121,61090
785,30843745,31455564,611819,106695
786,30888898,31485067,596169,54858
787,30914255,31526602,612347,84731
788,30957454,31560202,602748,71145
789,30995002,31597666,602664,76685
790,31034226,31655239,621013,102900
791,31079556,31692782,613226,76738
792,31118754,31722327,603573,66927
793,31156139,31763900,607761,81529
794,31196097,31797417,601320,66814
795,31229398,31834955,605557,77036
796,31268898,31896457,627559,103530
797,31310928,31926001,615073,64768
798,31346155,31954763,608608,78088
799,31395485,32003215,607730,83674
800,31430709,32033487,602778,68328
801,31468769,32070953,602184,72665
802,31503970,32102657,598687,74306
803,31546575,32172158,625583,104725
804,31581803,32209647,627844,87546
805,31631862,32241243,609381,66793
806,31667061,32286773,619712,78884
807,31700418,32319825,619407,72247
808,31739616,32350007,610391,73545
809,31782981,32419076,636095,104293
810,31818208,32452620,634412,78900
811,31863567,32490131,626564,80678
812,31906736,32519731,612995,62954
813,31940093,32557168,617075,76689
814,31979348,32615448,636100,95605
815,32016677,32652983,636306,76786
816,32055932,32686450,630518,80533
817,32103016,32719219,616203,67977
818,32138227,32756652,618425,78787
819,32179584,32794176,614592,76719
820,32218782,32852397,633615,95579
821,32256143,32889730,633587,76557
822,32295370,32923290,627920,70885
823,32332699,32972002,639303,87937
824,32371926,33013517,641591,78840
825,32409255,33043617,634362,81739
826,32460898,33065785,604887,56268
827,32495002,33132057,637055,105511
828,32534244,33169601,635357,70903
829,32567606,33207095,639489,76687
830,32606803,33240611,633808,70870
831,32644161,33265329,621168,73452
832,32692898,33301355,608457,74126
833,32731002,33344910,613908,82776
834,32770226,33380513,610287,68930
835,32803556,33424201,620645,82995
836,32842866,33495089,652223,108243
837,32880224,33529332,649108,82914
838,32928898,33562769,633871,67538
839,32963002,33604212,641210,80666
840,33002227,33625755,623528,66314
841,33047001,33662385,615384,74523
842,33084898,33723929,639031,95644
843,33119002,33761426,642424,76691
844,33158199,33802943,644744,78871
845,33195556,33840436,644880,86869
846,33244934,33881930,636996,79558
847,33283002,33926465,643463,86456
848,33324925,33972019,647094,83627
849,33363002,34001564,638562,71467
850,33404928,34039109,634181,75616
851,33443002,34080650,637648,79434
852,33480898,34118141,637243,63768
853,33507178,34163697,656519,91274
854,33552899,34201107,648208,66735
855,33582228,34238651,656423,96210
856,33640898,34280117,639219,71566
857,33671002,34317638,646636,83413
858,33716898,34379191,662293,88321
859,33743669,34401422,657753,63457
860,33784897,34434963,650066,69252
861,33820611,34476512,655901,81861
862,33860926,34517967,657041,85254
863,33904728,34545727,640999,67927
864,33944898,34615196,670298,106416
865,33981848,34638849,657001,62699
866,34020898,34696339,675441,94489
867,34057900,34717828,659928,60483
868,34096898,34755190,658292,74471
869,34134010,34792761,658751,76853
870,34173295,34834305,661010,85725
871,34217480,34884821,667341,82634
872,34249601,34922264,672663,81441
873,34293602,34951759,658157,61517
874,34325627,34993303,667676,85606
875,34369691,35026774,657083,72696
876,34408919,35088217,679298,106371
877,34453849,35121817,667968,64761
878,34485012,35150291,665279,70460
879,34527002,35193943,666941,79574
880,34562927,35230686,667759,80945
881,34607133,35270303,663170,81379
882,34648898,35311638,662740,78281
883,34685848,35345183,659335,72742
884,34725047,35386720,661673,83490
885,34767002,35456881,689879,106098
886,34802942,35481328,678386,64504
887,34843001,35517842,674841,69765
888,34876255,35563364,687109,96265
889,34927002,35590176,663174,61320
890,34961513,35626975,665462,78284
891,35003002,35694300,691298,99090
892,35034771,35731859,697088,81787
893,35079001,35775254,696253,76998
894,35112606,35802956,690350,78095
895,35163002,35856739,693737,91677
896,35200898,35883995,683097,69357
897,35243002,35913539,670537,63436
898,35276898,35971563,694665,104124
899,35323002,36014963,691961,75324
900,35354928,36048510,693582,66874
901,35388258,36091907,703649,87385
902,35432249,36129423,697174,70871
903,35465606,36158910,693304,68804
904,35504927,36196434,691507,74821
905,35542228,36233591,691363,87825
906,35592898,36288493,695595,89002
907,35627016,36331924,704908,83353
908,35666942,36365330,698388,70733
909,35704271,36416881,712610,90776
910,35743498,36438425,694927,62871
911,35784827,36470034,685207,70806
912,35824027,36514375,690348,83312
913,35863002,36555949,692947,76824
914,35898255,36593014,694759,85809
915,35947002,36657005,710003,99213
916,35982227,36666430,684203,50780
917,36023592,36733771,710179,102530
918,36058790,36775327,716537,82939
919,36100176,36810669,710493,74539
920,36139375,36852216,712841,74873
921,36172704,36896895,724191,89283
922,36217310,36922361,705051,59154
923,36251002,36968909,717907,92442
924,36296898,37002425,705527,75617
925,36339002,37052881,713879,85705
926,36374254,37091000,716746,71327
927,36407464,37130426,722962,86648
928,36454690,37167960,713270,74861
929,36492019,37207391,715372,78656
930,36531246,37244799,713553,74734
931,36568575,37288122,719547,83643
932,36608898,37325617,716719,75595
933,36647001,37372921,725920,86555
934,36686255,37402466,716211,66872
935,36723585,37448883,725298,89640
936,36766810,37486369,719559,70814
937,36800141,37525808,725667,84193
938,36844898,37566671,721773,81672
939,36885710,37606081,720371,82637
940,36928939,37643595,714656,68517
941,36959945,37692881,732936,98264
942,37008926,37722426,713500,63617
943,37043002,37768895,725893,87724
944,37084259,37798245,713986,64089
945,37119001,37844896,725895,88573
946,37160926,37882272,721346,71449
947,37195002,37928896,733894,88516
948,37236898,37958440,721542,67645
949,37275001,38001898,726897,85352
950,37316898,38042184,725286,74387
951,37351002,38081612,730610,78625
952,37390201,38121897,731696,82574
953,37432492,38170698,738206,85204
954,37468898,38207449,738551,78851
955,37511002,38252896,741894,91340
956,37556898,38278305,721407,63510
957,37595002,38328895,733893,92482
958,37636898,38354467,717569,59673
959,37671002,38408896,737894,93651
960,37710226,38438551,728325,67011
961,37747584,38492909,745325,93581
962,37786809,38518043,731234,61323
963,37823002,38576882,753880,98061
964,37862226,38601831,739605,69723
965,37907002,38652959,745957,84050
966,37939928,38678136,738208,72248
967,37987002,38736882,749880,95470
968,38023730,38757611,733881,67997
969,38071002,38816881,745879,91374
970,38103109,38834332,731223,53340
971,38139001,38900882,761881,108445
972,38180898,38910462,729564,43681
973,38215002,38973900,758898,109358
974,38260926,39007359,746433,60923
975,38288393,39048881,760488,90024
976,38336898,39074414,737516,59633
977,38371001,39136882,765881,108362
978,38416898,39147988,731090,40432
979,38446226,39216881,770655,107562
980,38484898,39242405,757507,71624
981,38531002,39292896,761894,88384
982,38568898,39318368,749470,63574
983,38607002,39372884,765882,92409
984,38644898,39382358,737460,47575
985,38683001,39428882,745881,84418
986,38720898,39447000,726102,63094
987,38765877,39480882,715005,65187
988,38797185,39490397,693212,53661
989,38841333,39548882,707549,90833
990,38873684,39567000,693316,65928
991,38921496,39590245,668749,58673
992,38956926,39599794,642868,50322
993,38997702,39617298,619596,52727
994,39032928,39626742,593814,55513
995,39079001,39636289,557288,41744
996,39111201,39645699,534498,52000
997,39153794,39655136,501342,52660
998,39197020,39664565,467545,43408
999,39231002,39674025,443023,53615
1000,39275159,39683419,408260,42721
1001,39308489,39692880,384391,49593
