step,start,end,latency,execution
1,0,49058,49058,63490
2,14576,69262,54686,30054
3,24449,89360,64911,29842
4,34199,109550,75351,30207
5,44223,129662,85439,29973
6,54090,149732,95642,29954
7,63981,169658,105677,29783
8,73844,189649,115805,29850
9,83709,209496,125787,29706
10,93572,229391,135819,29773
11,103455,249229,145774,29692
12,113315,269061,155746,29689
13,123178,288991,165813,29784
14,133039,308637,175598,29494
15,142893,328352,185459,29454
16,152638,348130,195492,29546
17,162411,367789,205378,29383
18,172140,387421,215281,29406
19,181920,407072,225152,29342
20,191617,426585,234968,29224
21,201333,446218,244885,29361
22,211066,465921,254855,29460
23,220827,485484,264657,29282
24,230552,505029,274477,29284
25,240296,524709,284413,29398
26,250019,544305,294286,29296
27,259724,563955,304231,29404
28,269483,583531,314048,29220
29,279131,603306,324175,29528
30,288889,622995,334106,39204
31,308412,642640,334228,39323
32,328098,662621,334523,39779
33,347904,682478,334574,39480
34,367535,702402,334867,39550
35,387167,722293,335126,39574
36,406857,742150,335293,39326
37,426334,761783,335449,39254
38,445963,781488,335525,39429
39,465694,801104,335410,39171
40,485257,820649,335392,39075
41,504794,840255,335461,39309
42,524505,859930,335425,39198
43,544035,879682,335647,39442
44,563732,899447,335715,39331
45,583305,919231,335926,39520
46,603055,938953,335898,39417
47,622758,958558,335800,39236
48,642396,978068,335672,39501
49,662395,997606,335211,39425
50,682290,1017234,334944,39488
51,702158,1036764,334606,39425
52,722061,1056323,334262,39387
53,741896,1075890,333994,39224
54,761561,1095457,333896,39237
55,781239,1115058,333819,39183
56,800828,1134672,333844,39196
57,820418,1154364,333946,39267
58,840000,1173989,333989,39332
59,859714,1193574,333860,39320
60,879457,1213649,334192,39841
61,899231,1233442,334211,39555
62,919000,1253010,334010,39322
63,938760,1272836,334076,39390
64,958331,1292604,334273,39257
65,977828,1312576,334748,39520
66,997383,1332207,334824,39259
67,1017018,1352046,335028,39352
68,1036539,1371625,335086,39102
69,1056070,1391105,335035,39067
70,1075665,1410751,335086,39204
71,1095231,1430355,335124,39190
72,1114825,1449948,335123,39206
73,1134446,1469516,335070,39241
74,1154126,1489181,335055,39299
75,1173767,1508891,335124,39276
76,1193340,1528433,335093,39590
77,1213396,1548043,334647,39428
78,1233221,1567504,334283,39048
79,1252815,1586965,334150,39216
80,1272578,1606630,334052,39465
81,1292391,1626240,333849,39589
82,1312378,1645779,333401,39123
83,1331969,1665391,333422,39443
84,1351807,1684935,333128,39100
85,1371371,1704483,333112,39059
86,1390890,1723957,333067,39084
87,1410507,1743495,332988,39130
88,1430107,1763101,332994,39203
89,1449712,1782790,333078,39265
90,1469294,1802447,333153,39327
91,1488972,1822247,333275,39490
92,1508670,1841856,333186,39139
93,1528208,1861814,333606,39558
94,1547816,1881640,333824,39276
95,1567274,1901463,334189,39268
96,1586727,1921259,334532,39446
97,1606384,1941040,334656,39404
98,1626014,1960625,334611,39118
99,1645555,1980118,334563,39063
100,1665132,1999783,334651,39246
101,1684719,2019423,334704,39181
102,1704268,2039008,334740,39034
103,1723724,2058534,334810,39064
104,1743270,2078091,334821,39157
105,1762878,2097672,334794,39228
106,1782533,2117198,334665,39214
107,1802234,2136788,334554,39362
108,1822014,2156408,334394,39240
109,1841641,2176042,334401,39566
110,1861581,2195587,334006,39368
111,1881411,2215158,333747,39390
112,1901237,2234713,333476,39298
113,1920988,2254393,333405,39464
114,1940780,2273996,333216,39250
115,1960434,2293433,332999,38886
116,1979890,2312977,333087,39176
117,1999529,2332483,332954,39103
118,2019133,2352057,332924,39234
119,2038801,2371738,332937,39192
120,2058319,2391327,333008,39150
121,2077887,2410968,333081,39133
122,2097386,2430593,333207,39161
123,2116930,2450166,333236,39199
124,2136563,2470019,333456,39469
125,2156185,2489864,333679,39469
126,2175817,2509693,333876,39367
127,2195363,2529583,334220,39483
128,2214963,2549417,334454,39389
129,2234526,2568967,334441,39180
130,2254164,2588576,334412,39208
131,2273771,2608217,334446,39058
132,2293196,2627748,334552,39090
133,2312762,2647348,334586,39089
134,2332258,2666948,334690,39176
135,2351841,2686544,334703,39229
136,2371482,2706111,334629,39184
137,2391106,2725770,334664,39284
138,2410738,2745419,334681,39232
139,2430329,2764977,334648,39165
140,2449942,2784595,334653,39454
141,2469785,2804260,334475,39511
142,2489638,2823839,334201,39435
143,2509501,2843385,333884,39385
144,2529348,2863068,333720,39486
145,2549158,2882557,333399,39068
146,2568744,2902218,333474,39256
147,2588346,2921780,333434,39199
148,2607991,2941392,333401,39136
149,2627522,2960924,333402,39067
150,2647064,2980527,333463,39249
151,2666717,3000053,333336,39113
152,2686312,3020023,333711,39537
153,2705886,3039713,333827,39341
154,2725544,3059528,333984,39429
155,2745165,3079336,334171,39418
156,2764783,3099184,334401,39462
157,2784404,3118929,334525,39330
158,2804030,3138833,334803,39505
159,2823638,3158493,334855,39144
160,2843129,3178060,334931,39269
161,2862837,3197764,334927,39193
162,2882333,3217309,334976,39189
163,2901985,3236836,334851,39090
164,2921555,3256364,334809,39127
165,2941162,3275904,334742,39043
166,2960673,3295675,335002,39393
167,2980302,3315420,335118,39264
168,2999829,3335092,335263,39644
169,3019809,3354667,334858,39278
170,3039519,3374329,334810,39390
171,3059267,3394023,334756,39500
172,3079080,3413752,334672,39586
173,3098944,3433313,334369,39290
174,3118680,3453025,334345,39623
175,3138599,3472719,334120,39387
176,3158299,3492362,334063,39151
177,3177815,3511939,334124,39282
178,3197527,3531380,333853,38978
179,3217070,3551050,333980,39199
180,3236605,3570625,334020,39104
181,3256141,3590115,333974,38991
182,3275649,3609830,334181,39483
183,3295440,3629682,334242,39537
184,3315132,3649468,334336,39483
185,3334838,3669435,334597,39552
186,3354431,3689350,334919,39572
187,3374096,3709242,335146,39583
188,3393795,3729141,335346,39603
189,3413507,3748890,335383,39321
190,3433087,3768485,335398,39269
191,3452768,3788133,335365,39337
192,3472465,3807624,335159,39132
193,3492113,3827190,335077,39158
194,3511713,3846755,335042,38978
195,3531133,3866232,335099,39161
196,3550824,3885841,335017,39176
197,3570398,3905495,335097,39107
198,3589857,3925077,335220,39316
199,3609599,3944713,335114,39483
200,3629454,3964356,334902,39435
201,3649253,3983918,334665,39503
202,3669202,4003323,334121,39360
203,3689165,4022802,333637,39312
204,3709006,4042327,333321,39399
205,3728888,4062669,333781,40052
206,3748693,4083169,334476,40092
207,3768295,4103519,335224,40000
208,3787954,4123532,335578,39452
209,3807401,4143734,336333,39787
210,3826993,4164244,337251,40034
211,3846523,4184845,338322,40056
212,3865985,4205699,339714,40479
213,3885617,4225711,340094,39627
214,3905242,4245296,340054,39161
215,3924826,4264472,339646,38802
216,3944459,4283647,339188,38818
217,3964109,4303003,338894,38943
218,3983702,4322469,338767,38824
219,4003067,4341709,338642,38733
220,4022567,4360920,338353,38695
221,4042313,4380041,337728,39061
222,4381080,4435351,54271,63794
223,4390635,4445434,54799,20398
224,4400960,4455517,54557,19954
225,4410836,4465597,54761,19971
226,4420732,4475678,54946,19991
227,4430646,4485756,55110,19938
228,4440510,4495835,55325,19940
229,4450375,4505913,55538,19942
230,4460243,4515997,55754,19947
231,4470108,4526075,55967,19943
232,4479975,4536154,56179,19940
233,4489839,4546232,56393,19940
234,4499703,4556312,56609,19941
235,4509566,4566389,56823,19943
236,4519435,4576468,57033,19939
237,4529298,4586546,57248,19938
238,4539161,4596625,57464,19941
239,4549025,4606702,57677,19938
240,4558889,4616781,57892,19939
241,4568753,4626859,58106,19934
242,4578612,4637034,58422,20037
243,4588476,4647114,58638,19936
244,4598337,4657194,58857,19941
245,4608201,4667273,59072,19940
246,4618064,4677364,59300,19953
247,4627929,4687444,59515,19940
248,4637792,4697522,59730,19940
249,4647657,4707601,59944,19935
250,4657516,4717786,60270,20047
251,4667380,4727868,60488,19983
252,4677286,4737946,60660,19935
253,4687147,4748025,60878,19933
254,4697005,4758103,61098,19938
255,4706868,4768182,61314,19941
256,4716732,4778259,61527,19938
257,4726595,4788338,61743,19940
258,4736460,4798416,61956,19935
259,4746320,4808504,62184,19950
260,4756184,4818588,62404,19943
261,4766047,4828672,62625,19945
262,4775911,4838752,62841,19940
263,4785774,4848832,63058,19941
264,4795639,4858910,63271,19947
265,4805513,4868989,63476,19953
266,4815391,4879067,63676,19941
267,4825258,4889146,63888,19940
268,4835123,4899225,64102,19937
269,4844984,4909303,64319,19938
270,4854848,4919382,64534,19941
271,4864712,4929459,64747,19966
272,4874603,4939539,64936,19941
273,4884468,4949617,65149,19938
274,4894331,4959696,65365,19935
275,4904189,4969773,65584,19938
276,4914052,4979853,65801,19941
277,4923916,4989930,66014,19938
278,4933779,5000009,66230,19941
279,4943644,5010087,66443,19938
280,4953507,5020165,66658,19940
281,4963371,5030243,66872,19938
282,4973234,5040322,67088,19940
283,4983097,5050399,67302,19939
284,4992962,5060478,67516,19938
285,5002825,5070556,67731,19939
286,5012689,5080635,67946,19939
287,5022552,5090713,68161,19939
288,5032416,5100792,68376,19940
289,5042279,5110869,68590,19939
290,5052144,5120948,68804,19938
291,5062007,5131026,69019,19932
292,5071865,5141105,69240,19939
293,5081728,5151182,69454,19938
294,5091592,5161261,69669,19938
295,5101455,5171340,69885,19940
296,5111319,5181418,70099,19934
297,5121179,5191497,70318,19938
298,5131040,5201577,70537,19941
299,5140904,5211656,70752,19939
300,5150768,5221734,70966,19939
301,5160632,5231813,71181,19937
302,5170492,5241890,71398,19939
303,5180357,5251969,71612,19938
304,5190220,5262051,71831,19943
305,5200085,5272130,72045,19938
306,5209948,5282208,72260,19938
307,5219812,5292287,72475,19939
308,5229675,5302364,72689,19939
309,5239539,5312456,72917,19941
310,5249402,5322535,73133,19965
311,5259292,5332614,73322,19940
312,5269170,5342692,73522,19939
313,5279034,5352771,73737,19941
314,5288899,5362849,73950,19938
315,5298762,5372928,74166,19940
316,5308627,5383006,74379,19941
317,5318493,5393085,74592,19945
318,5328361,5403162,74801,19940
319,5338226,5413252,75026,19953
320,5348093,5423339,75246,19946
321,5357956,5433418,75462,19934
322,5367814,5443498,75684,19940
323,5377677,5453578,75901,19941
324,5387541,5463660,76119,19942
325,5397404,5473739,76335,19956
326,5407289,5483818,76529,19946
327,5417159,5493896,76737,19941
328,5427025,5503976,76951,19944
329,5436892,5514054,77162,19939
330,5446756,5524142,77386,19949
331,5456621,5534220,77599,19938
332,5466484,5544299,77815,19941
333,5476348,5554376,78028,19933
334,5486207,5564455,78248,19940
335,5496071,5574533,78462,19934
336,5505930,5584612,78682,19942
337,5515796,5594690,78894,19937
338,5525659,5604769,79110,19941
339,5535523,5614846,79323,19938
340,5545386,5624925,79539,19940
341,5555250,5635003,79753,19938
342,5565113,5645082,79969,19936
343,5574972,5655159,80187,19939
344,5584837,5665238,80401,19965
345,5594726,5675317,80591,19936
346,5604586,5685395,80809,19967
347,5614479,5695474,80995,19940
348,5624343,5705552,81209,19937
349,5634204,5715630,81426,19940
350,5644069,5725708,81639,19936
351,5653930,5735787,81857,19942
352,5663795,5745864,82069,19938
353,5673658,5755943,82285,19940
354,5683523,5766021,82498,19937
355,5693386,5776100,82714,19940
356,5703250,5786177,82927,19938
357,5713113,5796256,83143,19938
358,5722976,5806334,83358,19939
359,5732840,5816413,83573,19940
360,5742703,5826490,83787,19935
361,5752563,5836569,84006,19939
362,5762426,5846647,84221,19939
363,5772291,5856726,84435,19938
364,5782153,5866804,84651,19939
365,5792017,5876882,84865,19938
366,5801880,5886960,85080,19939
367,5811744,5897039,85295,19940
368,5821607,5907116,85509,19936
369,5831469,5917195,85726,19938
370,5841331,5927274,85943,19940
371,5851194,5937352,86158,19940
372,5861059,5947430,86371,19938
373,5870921,5957508,86587,19939
374,5880786,5967587,86801,19938
375,5890649,5977665,87016,19944
376,5900519,5987744,87225,19939
377,5910382,5997821,87439,19939
378,5920246,6007903,87657,19942
379,5930109,6017995,87886,19951
380,5939973,6028077,88104,19942
381,5949836,6038157,88321,19935
382,5959695,6048238,88543,19940
383,5969558,6058317,88759,19936
384,5979419,6068396,88977,19938
385,5989282,6078474,89192,19937
386,5999145,6088554,89409,19962
387,6009033,6098631,89598,19943
388,6018902,6108710,89808,19952
389,6028779,6118788,90009,19937
390,6038641,6128866,90225,19940
391,6048506,6138944,90438,19942
392,6058374,6149023,90649,19943
393,6068240,6159100,90860,19940
394,6078106,6169180,91074,19941
395,6087971,6179259,91288,19939
396,6097834,6189336,91502,19936
397,6107695,6199416,91721,19940
398,6117558,6209493,91935,19939
399,6127422,6219572,92150,19933
400,6137279,6229650,92371,19935
401,6147139,6239729,92590,19940
402,6157004,6249807,92803,19936
403,6166865,6259886,93021,19943
404,6176732,6269963,93231,19939
405,6186596,6280042,93446,19942
406,6196463,6290124,93661,19942
407,6206326,6300203,93877,19940
408,6216191,6310281,94090,19935
409,6226051,6320360,94309,19941
410,6235916,6330438,94522,19938
411,6245779,6340517,94738,19945
412,6255647,6350595,94948,19939
413,6265511,6360677,95166,19941
414,6275372,6370755,95383,19937
415,6285235,6380834,95599,19939
416,6295098,6390912,95814,19941
417,6304964,6400990,96026,19938
418,6314827,6411068,96241,19939
419,6324691,6421147,96456,19940
420,6334554,6431226,96672,19941
421,6344418,6441304,96886,19939
422,6354281,6451383,97102,19940
423,6364144,6461460,97316,19938
424,6374007,6471539,97532,19939
425,6383869,6481617,97748,19938
426,6393732,6491696,97964,19941
427,6403596,6501773,98177,19933
428,6413455,6511852,98397,19940
429,6423319,6521930,98611,19935
430,6433179,6532009,98830,19940
431,6443042,6542086,99044,19939
432,6452907,6552166,99259,19939
433,6462770,6562243,99473,19939
434,6472634,6572322,99688,19939
435,6482497,6582400,99903,19940
436,6492361,6592479,100118,19940
437,6502224,6602557,100333,19940
438,6512089,6612641,100552,19941
439,6521948,6622721,100773,19935
440,6531806,6632803,100997,19942
441,6541669,6642882,101213,19940
442,6551534,6652964,101430,19941
443,6561397,6663042,101645,19939
444,6571261,6673121,101860,19940
445,6581124,6683199,102075,19938
446,6590987,6693278,102291,19940
447,6600851,6703356,102505,19941
448,6610716,6713434,102718,19942
449,6620584,6723513,102929,19942
450,6630450,6733591,103141,19941
451,6640316,6743670,103354,19941
452,6650181,6753748,103567,19941
453,6660047,6763827,103780,19941
454,6669912,6773904,103992,19939
455,6679776,6783983,104207,19978
456,6689678,6794061,104383,19938
457,6699542,6804140,104598,19936
458,6709402,6814217,104815,19938
459,6719266,6824296,105030,19935
460,6729126,6834374,105248,19934
461,6738985,6844462,105477,19941
462,6748849,6854540,105691,19938
463,6758712,6864619,105907,19941
464,6768577,6874697,106120,19937
465,6778439,6884776,106337,19941
466,6788304,6894853,106549,19937
467,6798175,6904932,106757,19940
468,6808040,6915010,106970,19938
469,6817903,6925089,107186,19938
470,6827765,6935167,107402,19938
471,6837627,6945246,107619,19941
472,6847492,6955325,107833,19939
473,6857355,6965402,108047,19939
474,6867219,6975481,108262,19939
475,6877082,6985559,108477,19937
476,6886945,6995638,108693,19943
477,6896812,7005716,108904,19939
478,6906675,7015795,109120,19941
479,6916539,7025872,109333,19938
480,6926402,7035951,109549,19940
481,6936267,7046029,109762,19937
482,6946130,7056108,109978,19948
483,6956001,7066185,110184,19938
484,6965865,7076264,110399,19939
485,6975729,7086342,110613,19937
486,6985592,7096421,110829,19941
487,6995456,7106498,111042,19980
488,7005361,7116578,111217,19941
489,7015226,7126655,111429,19937
490,7025089,7136734,111645,19938
491,7034952,7146812,111860,19938
492,7044816,7156891,112075,19940
493,7054679,7166968,112289,19939
494,7064543,7177047,112504,19939
495,7074406,7187125,112719,19936
496,7084268,7197204,112936,19936
497,7094127,7207283,113156,19953
498,7104003,7217368,113365,19946
499,7113866,7227450,113584,19943
500,7123731,7237530,113799,19939
501,7133594,7247613,114019,19945
502,7143458,7257691,114233,19939
503,7153321,7267771,114450,19940
504,7163184,7277848,114664,19939
505,7173049,7287927,114878,19938
506,7182912,7298005,115093,19939
507,7192776,7308084,115308,19940
508,7202639,7318187,115548,19964
509,7212503,7328267,115764,19942
510,7222368,7338345,115977,19943
511,7232236,7348424,116188,19940
512,7242099,7358502,116403,19943
513,7251967,7368582,116615,19940
514,7261830,7378660,116830,19932
515,7271687,7388739,117052,19939
516,7281550,7398817,117267,19937
517,7291411,7408895,117484,19939
518,7301274,7418973,117699,19938
519,7311137,7429052,117915,19942
520,7321003,7439130,118127,19940
521,7330868,7449209,118341,19944
522,7340736,7459288,118552,19941
523,7350600,7469365,118765,19940
524,7360466,7479444,118978,19940
525,7370331,7489522,119191,19941
526,7380197,7499601,119404,19942
527,7390062,7509679,119617,19939
528,7399927,7519758,119831,19976
529,7409827,7529835,120008,19939
530,7419691,7539914,120223,19939
531,7429554,7549992,120438,19939
532,7439419,7560071,120652,19937
533,7449279,7570148,120869,19938
534,7459143,7580228,121085,19940
535,7469007,7590305,121298,19938
536,7478870,7600384,121514,19941
537,7488734,7610462,121728,19939
538,7498597,7620540,121943,19940
539,7508462,7630618,122156,19934
540,7518322,7640697,122375,19940
541,7528186,7650775,122589,19938
542,7538049,7660854,122805,19941
543,7547913,7670932,123019,19938
544,7557776,7681010,123234,19940
545,7567640,7691088,123448,19938
546,7577503,7701167,123664,19941
547,7587368,7711246,123878,19939
548,7597231,7721324,124093,19930
549,7607085,7731403,124318,19941
550,7616949,7741480,124531,19938
551,7626812,7751559,124747,19940
552,7636677,7761637,124960,19937
553,7646540,7771716,125176,19940
554,7656404,7781794,125390,19935
555,7666264,7791872,125608,19949
556,7676137,7801950,125813,19938
557,7686000,7812033,126033,19944
558,7695865,7822113,126248,19939
559,7705728,7832196,126468,19944
560,7715592,7842275,126683,19939
561,7725455,7852355,126900,19938
562,7735317,7862434,127117,19932
563,7745173,7872513,127340,19940
564,7755036,7882591,127555,19940
565,7764901,7892669,127768,19938
566,7774764,7902747,127983,19938
567,7784628,7912826,128198,19938
568,7794491,7922904,128413,19939
569,7804355,7932983,128628,19941
570,7814220,7943060,128840,19941
571,7824087,7953139,129052,19940
572,7833952,7963218,129266,19941
573,7843818,7973296,129478,19940
574,7853683,7983375,129692,19942
575,7863548,7993453,129905,19939
576,7873411,8003531,130120,19940
577,7883275,8013609,130334,19938
578,7893138,8023688,130550,19933
579,7902995,8033766,130771,19939
580,7912859,8043845,130986,19936
581,7922719,8053922,131203,19939
582,7932583,8064002,131419,19939
583,7942445,8074079,131634,19939
584,7952309,8084158,131849,19939
585,7962173,8094236,132063,19940
586,7972037,8104315,132278,19937
587,7981897,8114392,132495,19954
588,7991776,8124471,132695,19939
589,8001639,8134549,132910,19939
590,8011503,8144628,133125,19937
591,8021363,8154706,133343,19939
592,8031228,8164785,133557,19940
593,8041091,8174862,133771,19938
594,8050954,8184941,133987,19940
595,8060818,8195019,134201,19938
596,8070681,8205098,134417,19941
597,8080546,8215176,134630,19936
598,8090407,8225255,134848,19938
599,8100269,8235333,135064,19938
600,8110132,8245411,135279,19951
601,8120008,8255490,135482,19939
602,8129871,8265568,135697,19939
603,8139735,8275649,135914,19941
604,8149598,8285728,136130,19940
605,8159463,8295807,136344,19939
606,8169325,8305885,136560,19938
607,8179188,8315964,136776,19940
608,8189053,8326042,136989,19932
609,8198910,8336121,137211,19941
610,8208774,8346199,137425,19939
611,8218637,8356277,137640,19940
612,8228502,8366355,137853,19934
613,8238361,8376441,138080,19944
614,8248228,8386519,138291,19938
615,8258091,8396599,138508,19941
616,8267956,8406679,138723,19937
617,8277816,8416815,138999,20000
618,8287683,8426898,139215,19942
619,8297548,8436981,139433,19944
620,8307412,8447060,139648,19939
621,8317275,8457142,139867,19942
622,8327146,8467222,140076,19938
623,8337007,8477300,140293,19939
624,8346870,8487379,140509,19937
625,8356731,8497456,140725,19937
626,8366593,8507539,140946,19951
627,8376465,8517619,141154,19939
628,8386328,8527710,141382,19953
629,8396192,8537787,141595,19936
630,8406053,8547866,141813,19941
631,8415919,8557944,142025,19939
632,8425784,8568023,142239,19943
633,8435651,8578101,142450,19939
634,8445515,8588180,142665,19944
635,8455383,8598257,142874,19940
636,8465248,8608336,143088,19940
637,8475112,8618414,143302,19939
638,8484977,8628493,143516,19938
639,8494840,8638571,143731,19939
640,8504704,8648650,143946,19943
641,8514570,8658728,144158,19941
642,8524436,8668807,144371,19937
643,8534297,8678887,144590,19942
644,8544162,8688967,144805,19939
645,8554025,8699045,145020,19936
646,8563886,8709124,145238,19939
647,8573749,8719202,145453,19940
648,8583613,8729281,145668,19938
649,8593476,8739360,145884,19941
650,8603340,8749438,146098,19939
651,8613203,8759516,146313,19938
652,8623066,8769594,146528,19939
653,8632930,8779674,146744,19940
654,8642793,8789752,146959,19938
655,8652655,8799831,147176,19940
656,8662518,8809909,147391,19940
657,8672384,8819988,147604,19941
658,8682249,8830065,147816,19941
659,8692116,8840144,148028,19940
660,8701980,8850222,148242,19941
661,8711847,8860301,148454,19933
662,8721705,8870379,148674,19940
663,8731569,8880458,148889,19936
664,8741429,8890535,149106,19939
665,8751293,8900614,149321,19939
666,8761156,8910700,149544,19947
667,8771020,8920780,149760,19935
668,8780878,8930858,149980,19941
669,8790743,8940937,150194,19937
670,8800604,8951015,150411,19937
671,8810465,8961093,150628,19939
672,8820329,8971171,150842,19970
673,8830224,8981250,151026,19940
674,8840089,8991329,151240,19938
675,8849952,9001407,151455,19937
676,8859814,9011489,151675,19943
677,8869677,9021570,151893,19942
678,8879541,9031652,152111,19935
679,8889398,9041732,152334,19938
680,8899259,9051813,152554,19941
681,8909122,9061891,152769,19939
682,8918985,9071970,152985,19941
683,8928850,9082048,153198,19937
684,8938713,9092127,153414,19941
685,8948577,9102205,153628,19939
686,8958440,9112284,153844,19941
687,8968305,9122361,154056,19936
688,8978167,9132440,154273,19939
689,8988030,9142518,154488,19938
690,8997893,9152597,154704,19952
691,9007768,9162675,154907,19941
692,9017633,9172754,155121,19943
693,9027500,9182832,155332,19940
694,9037365,9192910,155545,19943
695,9047232,9203013,155781,19961
696,9057093,9213094,156001,19942
697,9066958,9223172,156214,19938
698,9076820,9233251,156431,19936
699,9086680,9243330,156650,19940
700,9096545,9253408,156863,19937
701,9106408,9263487,157079,19939
702,9116271,9273565,157294,19938
703,9126134,9283644,157510,19934
704,9135992,9293725,157733,19941
705,9145855,9303805,157950,19936
706,9155714,9313883,158169,19935
707,9165574,9323962,158388,19941
708,9175438,9334040,158602,19939
709,9185301,9344119,158818,19941
710,9195166,9354197,159031,19939
711,9205030,9364276,159246,19942
712,9214895,9374354,159459,19942
713,9224762,9384433,159671,19942
714,9234628,9394511,159883,19940
715,9244493,9404593,160100,19943
716,9254356,9414672,160316,19939
717,9264219,9424752,160533,19935
718,9274077,9434830,160753,19940
719,9283941,9444909,160968,19943
720,9293808,9454987,161179,19941
721,9303675,9465069,161394,19943
722,9313539,9475147,161608,19942
723,9323406,9485226,161820,19940
724,9333271,9495305,162034,19940
725,9343136,9505385,162249,19943
726,9353003,9515464,162461,19941
727,9362868,9525541,162673,19940
728,9372734,9535620,162886,19936
729,9382595,9545698,163103,19941
730,9392462,9555777,163315,19939
731,9402325,9565855,163530,19941
732,9412192,9575934,163742,19941
733,9422057,9586011,163954,19941
734,9431923,9596090,164167,19939
735,9441787,9606168,164381,19939
736,9451651,9616251,164600,19944
737,9461514,9626331,164817,19942
738,9471378,9636414,165036,19986
739,9481284,9646492,165208,19934
740,9491143,9656572,165429,19941
741,9501008,9666650,165642,19933
742,9510866,9676730,165864,19941
743,9520731,9686808,166077,19938
744,9530594,9696887,166293,19941
745,9540458,9706964,166506,19938
746,9550321,9717043,166722,19940
747,9560186,9727121,166935,19937
748,9570049,9737200,167151,19937
749,9579911,9747279,167368,19938
750,9589773,9757357,167584,19937
751,9599635,9767436,167801,19940
752,9609498,9777514,168016,19942
753,9619365,9787592,168227,19940
754,9629230,9797670,168440,19933
755,9639089,9807749,168660,19942
756,9648956,9817827,168871,19938
757,9658819,9827906,169087,19943
758,9668686,9837984,169298,19938
759,9678549,9848063,169514,19949
760,9688421,9858140,169719,19938
761,9698284,9868219,169935,19934
762,9708142,9878297,170155,19938
763,9718005,9888376,170371,19940
764,9727870,9898454,170584,19938
765,9737733,9908542,170809,19942
766,9747597,9918620,171023,19939
767,9757460,9928699,171239,19941
768,9767325,9938777,171452,19938
769,9777188,9948856,171668,19930
770,9787042,9958933,171891,19934
771,9796902,9969012,172110,19964
772,9806791,9979090,172299,19940
773,9816655,9989169,172514,19940
774,9826518,9999248,172730,19941
775,9836382,10009325,172943,19934
776,9846241,10019404,173163,19940
777,9856112,10029482,173370,19935
778,9865973,10039561,173588,19941
779,9875837,10049638,173801,19934
780,9885696,10059718,174022,19941
781,9895561,10069795,174234,19937
782,9905423,10079874,174451,19940
783,9915288,10089952,174664,19937
784,9925151,10100031,174880,19939
785,9935014,10110108,175094,19938
786,9944878,10120187,175309,19939
787,9954741,10130265,175524,19936
788,9964603,10140344,175741,19939
789,9974466,10150422,175956,19940
790,9984330,10160501,176171,19940
791,9994193,10170578,176385,19939
792,10004058,10180657,176599,19939
793,10013921,10190735,176814,19939
794,10023785,10200814,177029,19939
795,10033648,10210892,177244,19940
796,10043512,10220978,177466,19940
797,10053369,10231058,177689,19941
798,10063233,10241139,177906,19942
799,10073096,10251222,178126,19943
800,10082958,10261300,178342,19937
801,10092820,10271380,178560,19963
802,10102706,10281457,178751,19944
803,10112576,10291536,178960,19938
804,10122439,10301614,179175,19938
805,10132303,10311693,179390,19939
806,10142166,10321771,179605,19938
807,10152028,10331849,179821,19939
808,10161891,10341927,180036,19952
809,10171768,10352006,180238,19936
810,10181627,10362084,180457,19940
811,10191491,10372163,180672,19940
812,10201354,10382240,180886,19939
813,10211219,10392319,181100,19941
814,10221084,10402397,181313,19940
815,10230949,10412476,181527,19944
816,10240817,10422553,181736,19931
817,10250674,10432632,181958,19945
818,10260543,10442710,182167,19935
819,10270404,10452789,182385,19941
820,10280268,10462867,182599,19939
821,10290131,10472945,182814,19934
822,10299989,10483023,183034,19938
823,10309852,10493102,183250,19941
824,10319717,10503180,183463,19976
825,10329619,10513259,183640,19941
826,10339483,10523338,183855,19936
827,10349343,10533415,184072,19938
828,10359207,10543495,184288,19939
829,10369070,10553572,184502,19935
830,10378930,10563651,184721,19940
831,10388795,10573729,184934,19938
832,10398658,10583808,185150,19935
833,10408516,10593886,185370,19938
834,10418379,10603965,185586,19942
835,10428244,10614042,185798,19971
836,10438140,10624122,185982,19941
837,10448004,10634199,186195,19938
838,10457867,10644278,186411,19941
839,10467731,10654356,186625,19939
840,10477594,10664435,186841,19941
841,10487459,10674512,187053,19938
842,10497322,10684591,187269,19959
843,10507205,10694669,187464,19932
844,10517063,10704748,187685,19939
845,10526926,10714826,187900,19939
846,10536790,10724905,188115,19936
847,10546649,10734982,188333,19939
848,10556514,10745061,188547,19935
849,10566373,10755139,188766,19939
850,10576238,10765218,188980,19938
851,10586100,10775297,189197,19941
852,10595964,10785375,189411,19939
853,10605827,10795454,189627,19941
854,10615692,10805532,189840,19938
855,10625554,10815614,190060,19940
856,10635414,10825695,190281,19941
857,10645277,10835777,190500,19941
858,10655140,10845855,190715,19939
859,10665004,10855935,190931,19965
860,10674891,10866013,191122,19939
861,10684756,10876092,191336,19938
862,10694619,10886170,191551,19938
863,10704482,10896249,191767,19940
864,10714345,10906327,191982,19940
865,10724210,10916405,192195,19931
866,10734065,10926483,192418,19939
867,10743929,10936562,192633,19940
868,10753792,10946640,192848,19940
869,10763657,10956719,193062,19939
870,10773520,10966796,193276,19939
871,10783385,10976875,193490,19938
872,10793248,10986953,193705,19931
873,10803104,10997032,193928,19940
874,10812969,11007110,194141,19941
875,10822835,11017189,194354,19943
876,10832702,11027268,194566,19941
877,10842567,11037346,194779,19940
878,10852433,11047425,194992,19934
879,10862291,11057502,195211,19938
880,10872155,11067581,195426,19938
881,10882018,11077659,195641,19939
882,10891882,11087738,195856,19939
883,10901745,11097816,196071,19955
884,10911625,11107895,196270,19939
885,10921488,11117973,196485,19935
886,10931347,11128052,196705,19940
887,10941210,11138129,196919,19937
888,10951073,11148209,197136,19941
889,10960937,11158286,197349,19938
890,10970800,11168365,197565,19940
891,10980665,11178443,197778,19937
892,10990528,11188522,197994,19940
893,11000391,11198599,198208,19938
894,11010254,11208679,198425,19941
895,11020118,11218756,198638,19938
896,11029981,11228835,198854,19935
897,11039840,11238913,199073,19938
898,11049703,11248994,199291,19943
899,11059567,11259072,199505,19938
900,11069430,11269151,199721,19941
901,11079295,11279230,199935,19939
902,11089158,11289308,200150,19938
903,11099020,11299386,200366,19940
904,11108885,11309464,200579,19937
905,11118748,11319543,200795,19941
906,11128612,11329621,201009,19939
907,11138475,11339701,201226,19942
908,11148340,11349778,201438,19937
909,11158202,11359858,201656,19937
910,11168062,11369936,201874,19939
911,11177925,11380015,202090,19941
912,11187790,11390093,202303,19937
913,11197652,11400172,202520,19941
914,11207516,11410250,202734,19938
915,11217379,11420328,202949,19940
916,11227243,11430406,203163,19939
917,11237108,11440492,203384,19942
918,11246973,11450570,203597,19939
919,11256837,11460649,203812,19940
920,11266700,11470727,204027,19940
921,11276564,11480806,204242,19937
922,11286424,11490884,204460,19939
923,11296288,11500975,204687,19952
924,11306151,11511054,204903,19939
925,11316015,11521133,205118,19939
926,11325879,11531212,205333,19942
927,11335746,11541290,205544,19939
928,11345611,11551369,205758,19942
929,11355477,11561446,205969,19939
930,11365342,11571525,206183,19941
931,11375208,11581603,206395,19939
932,11385079,11591682,206603,19940
933,11394942,11601760,206818,19940
934,11404807,11611839,207032,19938
935,11414669,11621916,207247,19935
936,11424529,11631995,207466,19968
937,11434422,11642073,207651,19939
938,11444286,11652152,207866,19939
939,11454148,11662230,208082,19940
940,11464012,11672309,208297,19940
941,11473876,11682386,208510,19931
942,11483733,11692465,208732,19939
943,11493597,11702543,208946,19937
944,11503460,11712622,209162,19939
945,11513322,11722700,209378,19939
946,11523185,11732804,209619,19959
947,11533042,11742882,209840,19938
948,11542905,11752961,210056,19940
949,11552769,11763039,210270,19965
950,11562659,11773118,210459,19937
951,11572519,11783195,210676,19938
952,11582382,11793274,210892,19939
953,11592245,11803353,211108,19939
954,11602108,11813431,211323,19938
955,11611972,11823510,211538,19939
956,11621835,11833587,211752,19938
957,11631698,11843666,211968,19939
958,11641561,11853744,212183,19938
959,11651425,11863823,212398,19937
960,11661287,11873901,212614,19937
961,11671149,11883980,212831,19940
962,11681013,11894058,213045,19938
963,11690875,11904136,213261,19939
964,11700738,11914214,213476,19937
965,11710601,11924293,213692,19939
966,11720464,11934371,213907,19937
967,11730326,11944450,214124,19939
968,11740188,11954527,214339,19937
969,11750051,11964606,214555,19939
970,11759914,11974684,214770,19937
971,11769776,11984763,214987,19940
972,11779640,11994841,215201,19937
973,11789502,12004920,215418,19940
974,11799366,12014998,215632,19937
975,11809228,12025076,215848,19937
976,11819090,12035154,216064,19938
977,11828954,12045233,216279,19937
978,11838816,12055312,216496,19939
979,11848680,12065390,216710,19936
980,11858542,12075469,216927,19940
981,11868405,12085441,217036,19832
982,11878267,12095385,217118,19805
983,11888131,12105340,217209,19814
984,11897993,12115272,217279,19792
985,11907856,12125238,217382,19825
986,11917719,12135147,217428,19769
987,11927582,12145130,217548,19838
988,11937441,12155039,217598,19769
989,11947304,12165021,217717,19842
990,11957166,12174927,217761,19766
991,11967028,12184886,217858,19820
992,11976892,12194623,217731,19597
993,11986754,12204477,217723,19714
994,11996618,12214180,217562,19562
995,12006480,12223940,217460,19631
996,12016355,12233627,217272,19546
997,12026217,12243415,217198,19648
998,12036079,12253101,217022,19546
999,12045942,12262823,216881,19578
1000,12055802,12272398,216596,19473
1001,12065704,12281936,216232,19415
