step,start,end,latency,execution
1,0,45465,45465,55628
2,10270,65814,55544,30403
3,20453,86212,65759,30513
4,30641,106242,75601,30140
5,40819,126512,85693,30382
6,51005,146881,95876,30490
7,61199,167037,105838,30348
8,71467,187495,116028,30557
9,81640,208092,126452,30918
10,92038,228467,136429,30598
11,102335,248975,146640,30848
12,112750,269431,156681,30695
13,123063,289829,166766,30692
14,133431,310311,176880,30818
15,143841,330598,186757,30627
16,154256,351077,196821,30597
17,164448,371609,207161,30852
18,174842,392034,217192,30736
19,185249,412325,227076,30388
20,195408,432425,237017,30428
21,205798,453058,247260,30751
22,215974,473644,257670,30886
23,226345,493932,267587,30404
24,236532,514369,277837,30748
25,246913,534828,287915,30628
26,257152,555313,298161,30829
27,267567,575869,308302,30739
28,277820,596069,318249,30545
29,288237,616418,328181,30547
30,298502,636623,338121,31980
31,310349,656901,346552,40490
32,330637,677325,346688,40828
33,351114,697856,346742,40992
34,371670,718335,346665,40809
35,392072,738550,346478,40414
36,412340,759072,346732,40569
37,432459,779638,347179,41126
38,453092,800113,347021,40969
39,473679,820470,346791,40573
40,493967,840989,347022,40884
41,514404,861410,347006,40808
42,534863,881860,346997,40864
43,555347,902301,346954,40924
44,575905,922613,346708,40432
45,596100,943075,346975,40741
46,616452,963626,347174,40685
47,636661,984093,347432,40651
48,656937,1004550,347613,40809
49,677360,1024841,347481,40749
50,697891,1044984,347093,40550
51,718370,1065495,347125,40654
52,738588,1085832,347244,40784
53,759110,1106122,347012,40781
54,779697,1126640,346943,40904
55,800151,1147084,346933,40725
56,820508,1167460,346952,40821
57,841027,1187971,346944,40856
58,861447,1208011,346564,40416
59,881899,1228233,346334,40598
60,902339,1248559,346220,40573
61,922651,1269192,346541,41020
62,943113,1289698,346585,40980
63,963683,1310175,346492,40851
64,984130,1330379,346249,40587
65,1004588,1350822,346234,40658
66,1024878,1371341,346463,40587
67,1045022,1391920,346898,41014
68,1065532,1412417,346885,40760
69,1085869,1432778,346909,40549
70,1106152,1453205,347053,40878
71,1126679,1473557,346878,40719
72,1147122,1493996,346874,40740
73,1167498,1514182,346684,40632
74,1188011,1534712,346701,40444
75,1207991,1555335,347344,40798
76,1228241,1575903,347662,40850
77,1248597,1596450,347853,41108
78,1269231,1616858,347627,40839
79,1289735,1637271,347536,40818
80,1310232,1657768,347536,40609
81,1330417,1678126,347709,40728
82,1350860,1698457,347597,40777
83,1371379,1718980,347601,41027
84,1391957,1739459,347502,40902
85,1412455,1760029,347574,40857
86,1432815,1780469,347654,40794
87,1453243,1800705,347462,40513
88,1473595,1821108,347513,40769
89,1494033,1841454,347421,40429
90,1514186,1861924,347738,40959
91,1534747,1882376,347629,41004
92,1555372,1902723,347351,40841
93,1575939,1923176,347237,40927
94,1596486,1943718,347232,40878
95,1616894,1964191,347297,40813
96,1637306,1984628,347322,40863
97,1657804,2005042,347238,40699
98,1678161,2025543,347382,40761
99,1698494,2045838,347344,40744
100,1719017,2066369,347352,40936
101,1739496,2086656,347160,40783
102,1760066,2107105,347039,40815
103,1780506,2127632,347126,40686
104,1800741,2147989,347248,40661
105,1821145,2168432,347287,40693
106,1841492,2188638,347146,40601
107,1861961,2208803,346842,40541
108,1882414,2228967,346553,40436
109,1902760,2249380,346620,40791
110,1923212,2269947,346735,41035
111,1943756,2290340,346584,40790
112,1964228,2310604,346376,40627
113,1984666,2331099,346433,40834
114,2005079,2351681,346602,41009
115,2025581,2371944,346363,40485
116,2045874,2392546,346672,41060
117,2066407,2412750,346343,40416
118,2086694,2433170,346476,40794
119,2107143,2453452,346309,40734
120,2127695,2473906,346211,40712
121,2148050,2494099,346049,40538
122,2168469,2514668,346199,40703
123,2188678,2535178,346500,40599
124,2208840,2555705,346865,40619
125,2229005,2575980,346975,40615
126,2249418,2596459,347041,40976
127,2269985,2616982,346997,40842
128,2290378,2637473,347095,40682
129,2310642,2657876,347234,40824
130,2331136,2678320,347184,40955
131,2351717,2698575,346858,40449
132,2371982,2719089,347107,41040
133,2392583,2739620,347037,40661
134,2412788,2760089,347301,40788
135,2433208,2780547,347339,40665
136,2453489,2800831,347342,40664
137,2473944,2821237,347293,40525
138,2494135,2841676,347541,40936
139,2514705,2862114,347409,40874
140,2535213,2882367,347154,40708
141,2555741,2902853,347112,40684
142,2576013,2923331,347318,40886
143,2596496,2943862,347366,40980
144,2617017,2964064,347047,40620
145,2637510,2984766,347256,41039
146,2657911,3004985,347074,40591
147,2678355,3025441,347086,40640
148,2698613,3045932,347319,40928
149,2719126,3066372,347246,40896
150,2739688,3086640,346952,40633
151,2760127,3107052,346925,40794
152,2780584,3127436,346852,40593
153,2800867,3147682,346815,40579
154,2821275,3167891,346616,40569
155,2841714,3188315,346601,40788
156,2862152,3208753,346601,40616
157,2882493,3229207,346714,40701
158,2902892,3249574,346682,40770
159,2923368,3270049,346681,40932
160,2943900,3290325,346425,40393
161,2964092,3310885,346793,41197
162,2984804,3331313,346509,40573
163,3005021,3351871,346850,40940
164,3025480,3372291,346811,40835
165,3045970,3392727,346757,40802
166,3066409,3413162,346753,40629
167,3086677,3433706,347029,40883
168,3107090,3453865,346775,40469
169,3127474,3474411,346937,40719
170,3147723,3494931,347208,40654
171,3167928,3515448,347520,40870
172,3188352,3535980,347628,40897
173,3208790,3556217,347427,40619
174,3229244,3576883,347639,40970
175,3249611,3597401,347790,40921
176,3270087,3617350,347263,40144
177,3290362,3638067,347705,41203
178,3310922,3658324,347402,40611
179,3331351,3678853,347502,41012
180,3351909,3699301,347392,40792
181,3372328,3719862,347534,40923
182,3392764,3740335,347571,40833
183,3413199,3760803,347604,40938
184,3433743,3781210,347467,40493
185,3453901,3801699,347798,40963
186,3474446,3822167,347721,40916
187,3494966,3842377,347411,40655
188,3515485,3862912,347427,40994
189,3536016,3883257,347241,40458
190,3556207,3903823,347616,41205
191,3576919,3924035,347116,40657
192,3597444,3944720,347276,40559
193,3617387,3965171,347784,41093
194,3638105,3985558,347453,40568
195,3658362,4005984,347622,40879
196,3678891,4026362,347471,40751
197,3699339,4046695,347356,40818
198,3719900,4067065,347165,40769
199,3740373,4087677,347304,41005
200,3760840,4107873,347033,40527
201,3781247,4128045,346798,40587
202,3801737,4148254,346517,40599
203,3822204,4168668,346464,40411
204,3842414,4189181,346767,40860
205,3862949,4209387,346438,40479
206,3883295,4229626,346331,40731
207,3903860,4250188,346328,40698
208,3924068,4270463,346395,40893
209,3944759,4290889,346130,40804
210,3965209,4311257,346048,40683
211,3985597,4331915,346318,41011
212,4006021,4352364,346343,40755
213,4026400,4372651,346251,40548
214,4046732,4393160,346428,40808
215,4067103,4413620,346517,40999
216,4087717,4433937,346220,40438
217,4107911,4454293,346382,40495
218,4128957,4474519,345562,39576
219,4477544,4533080,55536,65715
220,4487757,4543249,55492,20290
221,4497949,4553548,55599,20406
222,4508109,4563733,55624,20299
223,4518297,4574140,55843,20540
224,4528489,4584574,56085,20561
225,4538687,4595005,56318,20601
226,4548930,4605498,56568,20731
227,4559244,4615936,56692,20737
228,4569617,4626409,56792,20810
229,4580027,4636833,56806,20763
230,4590438,4647187,56749,20627
231,4600785,4657613,56828,20764
232,4611195,4667956,56761,20685
233,4621611,4678381,56770,20765
234,4632024,4688750,56726,20709
235,4642439,4699168,56729,20755
236,4652849,4709663,56814,20838
237,4663264,4720083,56819,20762
238,4673678,4730431,56753,20683
239,4684088,4740859,56771,20665
240,4694398,4751214,56816,20696
241,4704812,4761613,56801,20727
242,4715213,4771958,56745,20686
243,4725626,4782395,56769,20772
244,4736036,4792732,56696,20669
245,4746442,4803158,56716,20758
246,4756846,4813417,56571,20596
247,4767258,4823774,56516,20666
248,4777639,4834138,56499,20711
249,4788059,4844569,56510,20763
250,4798467,4854916,56449,20476
251,4808667,4865343,56676,20626
252,4818938,4875711,56773,20586
253,4829229,4886141,56912,20761
254,4839633,4896522,56889,20619
255,4849944,4906940,56996,20533
256,4860131,4917305,57174,20691
257,4870529,4927740,57211,20769
258,4880936,4938110,57174,20703
259,4891343,4948534,57191,20754
260,4901744,4958897,57153,20699
261,4912154,4969280,57126,20706
262,4922550,4979676,57126,20736
263,4932963,4990105,57142,20760
264,4943370,5000463,57093,20677
265,4953763,5010897,57134,20780
266,4964181,5021259,57078,20704
267,4974595,5031691,57096,20710
268,4984944,5041865,56921,20516
269,4995360,5052082,56722,20565
270,5005766,5062273,56507,20409
271,5016035,5072445,56410,20541
272,5026446,5082618,56172,20309
273,5036632,5092781,56149,20296
274,5046797,5102953,56156,20256
275,5056912,5113305,56393,20615
276,5067200,5123483,56283,20406
277,5077470,5133891,56421,20675
278,5087776,5144081,56305,20420
279,5098064,5154493,56429,20591
280,5108295,5164611,56316,20483
281,5118733,5175005,56272,20714
282,5129098,5185135,56037,20470
283,5139513,5195531,56018,20767
284,5149930,5205851,55921,20438
285,5160118,5216286,56168,20747
286,5170505,5226544,56039,20597
287,5180918,5236970,56052,20768
288,5191332,5247281,55949,20659
289,5201755,5257882,56127,20935
290,5212160,5268096,55936,20579
291,5222575,5278609,56034,20876
292,5232988,5288785,55797,20532
293,5243396,5299183,55787,20595
294,5253632,5309488,55856,20605
295,5263975,5319903,55928,20779
296,5274369,5330197,55828,20661
297,5284769,5340597,55828,20772
298,5295175,5350894,55719,20613
299,5305532,5361377,55845,20813
300,5315914,5371695,55781,20653
301,5326303,5382345,56042,20906
302,5336621,5392535,55914,20530
303,5347026,5402942,55916,20631
304,5357313,5413243,55930,20557
305,5367641,5423573,55932,20669
306,5378050,5433908,55858,20675
307,5388462,5444329,55867,20759
308,5398870,5454514,55644,20296
309,5409114,5464941,55827,20515
310,5419325,5475269,55944,20562
311,5429630,5485690,56060,20761
312,5440041,5495882,55841,20427
313,5450349,5506482,56133,20935
314,5460755,5516693,55938,20551
315,5471168,5527300,56132,20912
316,5481545,5537497,55952,20540
317,5491962,5547913,55951,20765
318,5502371,5558103,55732,20458
319,5512711,5568408,55697,20656
320,5523121,5578578,55457,20371
321,5533395,5589419,56024,21205
322,5543817,5599754,55937,20653
323,5554208,5610166,55958,20649
324,5564516,5620371,55855,20451
325,5574835,5630997,56162,20958
326,5585238,5641305,56067,20638
327,5595642,5651724,56082,20752
328,5606047,5662055,56008,20664
329,5616454,5672390,55936,20660
330,5626848,5682724,55876,20538
331,5637123,5693138,56015,20755
332,5647536,5703443,55907,20624
333,5657928,5713866,55938,20531
334,5668105,5724056,55951,20511
335,5678499,5734469,55970,20607
336,5688755,5744675,55920,20543
337,5699166,5755313,56147,20971
338,5709569,5765604,56035,20632
339,5719982,5776028,56046,20759
340,5730388,5786249,55861,20408
341,5740648,5796672,56024,20755
342,5751052,5806980,55928,20645
343,5761463,5817488,56025,20838
344,5771864,5827819,55955,20670
345,5782275,5838379,56104,20893
346,5792681,5848581,55900,20533
347,5803085,5859234,56149,20986
348,5813490,5869502,56012,20607
349,5823903,5879937,56034,20759
350,5834297,5890176,55879,20422
351,5844551,5900589,56038,20645
352,5854853,5910913,56060,20609
353,5865211,5921330,56119,20752
354,5875617,5931638,56021,20646
355,5886029,5942197,56168,20919
356,5896485,5952405,55920,20544
357,5906896,5963085,56189,21012
358,5917301,5973411,56110,20681
359,5927730,5983829,56099,20753
360,5938136,5994161,56025,20619
361,5948496,6004580,56084,20754
362,5958901,6014726,55825,20486
363,5969314,6025068,55754,20683
364,5979727,6035385,55658,20655
365,5990137,6045994,55857,20938
366,6000538,6056425,55887,20547
367,6010725,6066843,56118,20585
368,6020963,6077282,56319,20515
369,6031110,6087700,56590,20690
370,6041452,6098096,56644,20729
371,6051858,6108517,56659,20755
372,6062264,6118859,56595,20600
373,6072594,6129282,56688,20750
374,6082993,6139537,56544,20595
375,6093406,6149955,56549,20750
376,6103810,6160447,56637,20830
377,6114221,6170859,56638,20742
378,6124621,6181043,56422,20525
379,6135035,6191349,56314,20651
380,6145439,6201589,56150,20482
381,6155753,6211888,56135,20632
382,6166157,6222551,56394,20997
383,6176565,6232925,56360,20613
384,6186875,6243265,56390,20542
385,6197147,6253661,56514,20632
386,6207455,6263845,56390,20501
387,6217844,6274255,56411,20749
388,6228245,6284440,56195,20519
389,6238651,6294850,56199,20698
390,6248998,6305035,56037,20523
391,6259408,6315344,55936,20550
392,6269708,6325665,55957,20574
393,6280032,6335892,55860,20563
394,6290443,6346224,55781,20664
395,6300846,6356651,55805,20657
396,6311146,6366964,55818,20536
397,6321443,6377347,55904,20625
398,6331755,6387712,55957,20693
399,6342157,6398136,55979,20760
400,6352565,6408336,55771,20534
401,6362971,6418967,55996,20854
402,6373255,6429277,56022,20653
403,6383692,6439839,56147,20885
404,6394086,6450077,55991,20573
405,6404494,6460499,56005,20652
406,6414796,6470804,56008,20595
407,6425159,6481233,56074,20758
408,6435559,6491425,55866,20534
409,6445974,6501842,55868,20552
410,6456166,6512031,55865,20497
411,6466547,6522434,55887,20544
412,6476746,6532629,55883,20510
413,6487133,6543035,55902,20638
414,6497432,6553350,55918,20642
415,6507831,6563989,56158,20976
416,6518241,6574244,56003,20595
417,6528655,6584590,55935,20583
418,6538963,6594909,55946,20656
419,6549372,6605330,55958,20765
420,6559785,6615520,55735,20529
421,6570198,6626271,56073,21089
422,6580609,6636518,55909,20595
423,6591029,6646846,55817,20541
424,6601313,6657094,55781,20368
425,6611502,6667512,56010,20606
426,6621760,6677767,56007,20378
427,6631953,6688184,56231,20582
428,6642189,6698355,56166,20426
429,6652518,6708763,56245,20653
430,6662823,6719016,56193,20594
431,6673237,6729410,56173,20635
432,6683550,6739688,56138,20523
433,6693867,6750115,56248,20549
434,6704061,6760453,56392,20586
435,6714383,6770879,56496,20551
436,6724579,6781148,56569,20594
437,6734978,6791572,56594,20640
438,6745263,6801836,56573,20605
439,6755699,6812264,56565,20759
440,6766102,6822513,56411,20574
441,6776501,6832941,56440,20663
442,6786808,6843195,56387,20590
443,6797217,6853619,56402,20669
444,6807533,6863819,56286,20541
445,6817949,6874234,56285,20535
446,6828140,6884498,56358,20519
447,6838467,6894923,56456,20552
448,6848662,6905282,56620,20664
449,6859040,6915709,56669,20641
450,6869326,6926066,56740,20599
451,6879641,6936449,56808,20615
452,6889945,6946798,56853,20691
453,6900358,6957224,56866,20761
454,6910765,6967503,56738,20572
455,6921130,6977936,56806,20762
456,6931533,6988195,56662,20601
457,6941946,6998621,56675,20549
458,6952139,7008991,56852,20673
459,6962515,7019410,56895,20544
460,6972710,7029697,56987,20603
461,6983166,7039908,56742,20289
462,6993383,7050257,56874,20684
463,7003791,7060681,56890,20761
464,7014199,7071037,56838,20699
465,7024616,7081426,56810,20622
466,7034920,7091704,56784,20619
467,7045332,7102135,56803,20770
468,7055746,7112388,56642,20584
469,7066151,7122811,56660,20763
470,7076562,7133086,56524,20615
471,7086975,7143514,56539,20553
472,7097170,7153877,56707,20669
473,7107548,7164302,56754,20659
474,7117855,7174590,56735,20402
475,7128042,7185017,56975,20640
476,7138326,7195387,57061,20556
477,7148585,7205818,57233,20769
478,7158995,7216073,57078,20597
479,7169410,7226490,57080,20662
480,7179727,7236863,57136,20720
481,7190146,7247294,57148,20765
482,7200554,7257689,57135,20612
483,7210845,7268115,57270,20549
484,7221039,7278421,57382,20382
485,7231187,7288780,57593,20638
486,7241537,7299176,57639,20732
487,7251945,7309603,57658,20756
488,7262345,7319956,57611,20622
489,7272687,7330383,57696,20658
490,7282990,7340669,57679,20622
491,7293400,7351094,57694,20768
492,7303814,7361486,57672,20716
493,7314211,7371914,57703,20760
494,7324615,7382229,57614,20654
495,7335028,7392657,57629,20643
496,7345315,7402959,57644,20670
497,7355756,7413392,57636,20746
498,7366141,7423705,57564,20649
499,7376551,7434129,57578,20653
500,7386854,7444395,57541,20605
501,7397266,7454821,57555,20668
502,7407578,7465125,57547,20629
503,7417975,7475554,57579,20547
504,7428164,7485963,57799,20664
505,7438493,7496437,57944,20593
506,7448687,7506759,58072,20633
507,7459068,7517182,58114,20640
508,7469357,7527584,58227,20739
509,7479765,7538013,58248,20771
510,7490176,7548430,58254,20757
511,7500589,7558859,58270,20661
512,7510896,7569164,58268,20650
513,7521314,7579491,58177,20662
514,7531721,7589896,58175,20748
515,7542136,7600316,58180,20748
516,7552535,7610736,58201,20758
517,7562946,7621172,58226,20560
518,7573140,7631494,58354,20532
519,7583423,7641902,58479,20721
520,7593808,7652325,58517,20760
521,7604218,7662756,58538,20768
522,7614629,7673052,58423,20588
523,7624994,7683491,58497,20674
524,7635302,7693815,58513,20654
525,7645705,7704013,58308,20443
526,7656023,7714429,58406,20753
527,7666433,7724853,58420,20549
528,7676629,7735269,58640,20713
529,7687000,7745698,58698,20641
530,7697284,7755897,58613,20553
531,7707712,7766319,58607,20749
532,7718110,7776736,58626,20746
533,7728514,7787153,58639,20744
534,7738914,7797463,58549,20649
535,7749324,7807890,58566,20533
536,7759502,7818204,58702,20625
537,7769885,7828626,58741,20748
538,7780283,7838942,58659,20650
539,7790692,7849248,58556,20430
540,7800886,7859564,58678,20616
541,7811258,7869871,58613,20533
542,7821556,7880010,58454,20250
543,7831738,7890437,58699,20747
544,7842134,7900638,58504,20368
545,7852375,7911063,58688,20655
546,7862676,7921368,58692,20586
547,7873031,7931782,58751,20739
548,7883426,7942096,58670,20644
549,7893830,7952518,58688,20747
550,7904226,7962836,58610,20645
551,7914625,7973269,58644,20555
552,7924817,7983590,58773,20625
553,7935194,7993996,58802,20626
554,7945485,8004184,58699,20517
555,7955887,8014616,58729,20756
556,7966285,8024819,58534,20462
557,7976619,8035242,58623,20657
558,7986924,8045555,58631,20600
559,7997285,8055980,58695,20775
560,8007707,8066295,58588,20637
561,8018103,8076717,58614,20752
562,8028505,8087038,58533,20651
563,8038909,8097466,58557,20551
564,8049102,8107808,58706,20641
565,8059475,8118229,58754,20648
566,8069773,8128430,58657,20525
567,8080169,8138845,58676,20742
568,8090567,8149140,58573,20626
569,8100969,8159573,58604,20666
570,8111273,8169889,58616,20624
571,8121653,8180038,58385,20476
572,8132052,8190350,58298,20646
573,8142458,8200620,58162,20392
574,8152649,8210939,58290,20624
575,8163026,8221360,58334,20548
576,8173222,8231687,58465,20531
577,8183500,8242114,58614,20651
578,8193796,8252317,58521,20325
579,8203990,8262740,58750,20582
580,8214221,8272941,58720,20531
581,8224625,8283354,58729,20737
582,8235020,8293670,58650,20651
583,8245427,8304055,58628,20621
584,8255734,8314371,58637,20645
585,8266137,8324796,58659,20753
586,8276537,8335116,58579,20652
587,8286942,8345509,58567,20515
588,8297133,8355835,58702,20633
589,8307511,8366259,58748,20653
590,8317811,8376462,58651,20343
591,8328024,8386879,58855,20643
592,8338321,8397176,58855,20559
593,8348657,8407500,58843,20647
594,8359051,8417672,58621,20501
595,8369452,8427885,58433,20460
596,8379759,8438208,58449,20650
597,8390160,8448470,58310,20591
598,8400560,8458784,58224,20645
599,8410964,8469206,58242,20544
600,8421156,8479525,58369,20432
601,8431340,8489934,58594,20533
602,8441536,8500123,58587,20416
603,8451836,8510554,58718,20758
604,8462237,8520760,58523,20463
605,8472568,8531196,58628,20670
606,8482873,8541519,58646,20653
607,8493278,8551970,58692,20804
608,8503703,8562304,58601,20681
609,8514123,8572727,58604,20754
610,8524524,8583052,58528,20659
611,8534932,8593485,58553,20555
612,8545127,8603818,58691,20637
613,8555571,8614321,58750,20604
614,8565808,8624526,58718,20534
615,8576211,8634942,58731,20649
616,8586516,8645239,58723,20631
617,8596922,8655682,58760,20773
618,8607325,8666002,58677,20637
619,8617716,8676433,58717,20578
620,8627936,8686754,58818,20659
621,8638347,8697134,58787,20505
622,8648543,8707452,58909,20625
623,8658922,8717882,58960,20555
624,8669118,8728023,58905,20443
625,8679493,8738455,58962,20663
626,8689798,8748655,58857,20530
627,8700202,8758972,58770,20551
628,8710506,8769275,58769,20634
629,8720909,8779696,58787,20752
630,8731313,8790017,58704,20651
631,8741717,8800445,58728,20561
632,8751921,8810768,58847,20652
633,8762323,8821201,58878,20560
634,8772520,8831527,59007,20628
635,8782896,8841941,59045,20538
636,8793090,8852129,59039,20499
637,8803475,8862544,59069,20646
638,8813780,8872749,58969,20387
639,8824035,8883180,59145,20763
640,8834439,8893494,59055,20650
641,8844850,8903935,59085,20677
642,8855158,8914255,59097,20654
643,8865562,8924683,59121,20764
644,8875969,8935005,59036,20557
645,8886278,8945437,59159,20554
646,8896472,8955772,59300,20643
647,8906854,8966210,59356,20562
648,8917049,8976412,59363,20506
649,8927426,8986828,59402,20644
650,8937726,8997028,59302,20532
651,8948130,9007459,59329,20757
652,8958529,9017602,59073,20430
653,8968888,9028036,59148,20673
654,8979199,9038358,59159,20649
655,8989599,9048643,59044,20514
656,8999899,9058967,59068,20667
657,9010314,9069387,59073,20542
658,9020507,9079717,59210,20636
659,9030887,9090149,59262,20557
660,9041081,9100363,59282,20414
661,9051353,9110793,59440,20655
662,9061651,9121001,59350,20535
663,9072050,9131418,59368,20750
664,9082454,9141740,59286,20655
665,9092858,9152167,59309,20661
666,9103164,9162486,59322,20630
667,9113547,9172919,59372,20672
668,9123859,9183242,59383,20655
669,9134264,9193640,59376,20522
670,9144459,9203879,59420,20545
671,9154835,9214315,59480,20551
672,9165024,9224519,59495,20525
673,9175419,9234952,59533,20664
674,9185722,9245255,59533,20639
675,9196131,9255374,59243,20445
676,9206528,9265705,59177,20692
677,9216942,9276116,59174,20668
678,9227248,9286429,59181,20664
679,9237650,9296839,59189,20755
680,9248046,9307142,59096,20385
681,9258166,9317560,59394,20555
682,9268347,9327869,59522,20686
683,9278757,9338274,59517,20711
684,9289100,9348470,59370,20525
685,9299476,9358794,59318,20653
686,9309857,9369091,59234,20391
687,9320006,9379523,59517,20758
688,9330397,9389843,59446,20658
689,9340807,9400037,59230,20434
690,9351118,9410361,59243,20545
691,9361411,9420783,59372,20754
692,9371814,9431112,59298,20673
693,9382232,9441544,59312,20763
694,9392637,9451877,59240,20664
695,9403042,9462311,59269,20761
696,9413443,9472516,59073,20539
697,9423851,9482931,59080,20746
698,9434253,9493237,58984,20638
699,9444656,9503675,59019,20768
700,9455059,9513997,58938,20630
701,9465441,9524436,58995,20774
702,9475848,9534756,58908,20660
703,9486261,9545135,58874,20634
704,9496589,9555453,58864,20654
705,9506997,9565877,58880,20760
706,9517406,9576017,58611,20482
707,9527820,9586446,58626,20760
708,9538225,9596647,58422,20543
709,9548641,9607075,58434,20761
710,9559046,9617258,58212,20524
711,9569461,9627682,58221,20762
712,9579870,9638006,58136,20664
713,9590282,9648268,57986,20597
714,9600690,9658586,57896,20650
715,9611093,9669009,57916,20542
716,9621282,9679326,58044,20427
717,9631463,9689648,58185,20554
718,9641768,9699877,58109,20355
719,9651964,9710306,58342,20715
720,9662321,9720516,58195,20475
721,9672660,9730942,58282,20756
722,9683063,9741255,58192,20623
723,9693446,9751692,58246,20772
724,9703852,9762018,58166,20685
725,9714282,9772442,58160,20765
726,9724694,9782764,58070,20657
727,9735103,9793200,58097,20771
728,9745509,9803390,57881,20531
729,9755923,9813801,57878,20757
730,9766328,9823943,57615,20479
731,9776741,9834361,57620,20746
732,9787144,9844552,57408,20532
733,9797557,9854864,57307,20651
734,9807955,9865059,57104,20530
735,9818361,9875468,57107,20764
736,9828775,9885658,56883,20530
737,9839189,9895981,56792,20560
738,9849485,9906180,56695,20539
739,9859901,9916589,56688,20759
740,9870310,9926790,56480,20469
741,9880652,9937200,56548,20758
742,9891058,9947321,56263,20460
743,9901471,9957720,56249,20761
744,9911883,9967859,55976,20480
745,9922299,9978403,56104,20878
746,9932707,9988619,55912,20558
747,9943121,9999266,56145,20987
748,9953533,10009581,56048,20653
749,9963945,10020031,56086,20771
750,9974338,10030363,56025,20675
751,9984755,10040720,55965,20683
752,9995154,10051029,55875,20653
753,10005569,10061599,56030,20883
754,10015956,10071877,55921,20607
755,10026359,10082300,55941,20756
756,10036764,10092500,55736,20439
757,10047074,10103201,56127,21006
758,10057452,10113533,56081,20677
759,10067868,10123954,56086,20760
760,10078278,10134260,55982,20567
761,10088611,10144679,56068,20758
762,10099020,10155014,55994,20687
763,10109445,10165323,55878,20654
764,10119861,10175640,55779,20659
765,10130344,10186052,55708,20591
766,10140685,10196263,55578,20402
767,10150948,10206738,55790,20688
768,10161233,10216916,55683,20417
769,10171544,10227326,55782,20660
770,10181854,10237646,55792,20385
771,10191991,10247788,55797,20450
772,10202369,10258104,55735,20660
773,10212788,10268466,55678,20687
774,10223186,10278785,55599,20555
775,10233496,10289329,55833,20881
776,10243905,10299560,55655,20359
777,10254104,10309883,55779,20447
778,10264298,10320077,55779,20456
779,10274633,10330809,56176,21068
780,10285041,10341008,55967,20546
781,10295461,10351322,55861,20560
782,10305767,10361641,55874,20654
783,10316176,10371993,55817,20690
784,10326586,10382325,55739,20676
785,10337006,10392680,55674,20691
786,10347420,10402986,55566,20540
787,10357725,10413566,55841,20710
788,10367925,10423874,55949,20643
789,10378333,10434432,56099,20897
790,10388745,10444715,55970,20622
791,10399156,10455263,56107,20852
792,10409533,10465599,56066,20666
793,10419937,10476027,56090,20766
794,10430347,10486296,55949,20538
795,10440688,10496716,56028,20752
796,10451092,10507030,55938,20654
797,10461506,10517510,56004,20817
798,10471916,10527832,55916,20660
799,10482326,10538419,56093,20920
800,10492732,10548637,55905,20558
801,10503144,10559291,56147,20994
802,10513557,10569608,56051,20656
803,10523971,10580069,56098,20796
804,10534378,10590368,55990,20642
805,10544791,10600721,55930,20689
806,10555197,10611028,55831,20647
807,10565609,10621641,56032,20946
808,10576015,10631872,55857,20563
809,10586418,10642560,56142,21024
810,10596827,10652765,55938,20549
811,10607242,10663358,56116,20900
812,10617621,10673699,56078,20684
813,10628036,10683894,55858,20532
814,10638445,10694227,55782,20603
815,10648788,10704655,55867,20766
816,10659197,10714962,55765,20532
817,10669494,10725418,55924,20706
818,10679816,10735728,55912,20655
819,10690235,10746326,56091,20933
820,10700639,10756530,55891,20551
821,10711059,10767194,56135,21001
822,10721469,10777507,56038,20647
823,10731878,10787965,56087,20791
824,10742284,10798291,56007,20668
825,10752698,10808644,55946,20684
826,10763100,10818839,55739,20541
827,10773520,10829464,55944,20959
828,10783927,10839807,55880,20678
829,10794333,10850383,56050,20920
830,10804748,10860580,55832,20541
831,10815164,10870904,55740,20542
832,10825454,10881209,55755,20557
833,10835778,10891836,56058,20961
834,10846183,10902090,55907,20504
835,10856505,10912505,56000,20650
836,10866812,10922838,56026,20615
837,10877164,10933261,56097,20762
838,10887573,10943573,56000,20658
839,10897993,10954025,56032,20793
840,10908409,10964228,55819,20546
841,10918824,10974991,56167,21103
842,10929237,10985191,55954,20537
843,10939670,10995612,55942,20735
844,10950055,11005965,55910,20437
845,10960231,11016442,56211,20787
846,10970613,11026661,56048,20561
847,10981029,11037026,55997,20705
848,10991441,11047336,55895,20636
849,11001839,11057915,56076,20907
850,11012250,11068125,55875,20550
851,11022663,11078772,56109,20925
852,11033016,11088955,55939,20524
853,11043430,11099360,55930,20754
854,11053839,11109694,55855,20453
855,11064029,11120112,56083,20753
856,11074436,11130432,55996,20660
857,11084848,11140853,56005,20760
858,11095259,11151155,55896,20647
859,11105675,11161717,56042,20893
860,11116079,11171915,55836,20542
861,11126496,11182487,55991,20912
862,11136907,11192693,55786,20446
863,11147221,11203359,56138,21004
864,11157631,11213680,56049,20660
865,11168042,11223979,55937,20628
866,11178443,11234301,55858,20667
867,11188859,11244720,55861,20757
868,11199268,11255030,55762,20625
869,11209656,11265666,56010,20963
870,11220055,11275865,55810,20541
871,11230470,11286562,56092,20967
872,11240813,11296767,55954,20552
873,11251234,11307356,56122,20925
874,11261643,11317678,56035,20642
875,11272033,11328144,56111,20809
876,11282449,11338331,55882,20531
877,11292865,11348743,55878,20760
878,11303276,11359050,55774,20512
879,11313552,11369589,56037,20873
880,11323958,11379876,55918,20632
881,11334376,11390370,55994,20829
882,11344784,11400565,55781,20529
883,11355191,11411245,56054,21030
884,11365601,11421434,55833,20525
885,11376011,11431860,55849,20668
886,11386314,11442040,55726,20302
887,11396508,11452448,55940,20631
888,11406790,11462636,55846,20313
889,11416986,11473048,56062,20746
890,11427382,11483377,55995,20670
891,11437796,11493797,56001,20587
892,11448034,11504005,55971,20552
893,11458450,11514574,56124,20900
894,11468855,11524787,55932,20556
895,11479273,11535420,56147,20972
896,11489685,11545739,56054,20660
897,11500101,11556281,56180,20880
898,11510512,11566503,55991,20564
899,11520926,11576868,55942,20690
900,11531323,11587173,55850,20644
901,11541736,11597786,56050,20947
902,11552143,11607986,55843,20529
903,11562543,11618709,56166,21065
904,11572957,11629011,56054,20641
905,11583371,11639435,56064,20733
906,11593753,11649768,56015,20674
907,11604167,11660189,56022,20763
908,11614582,11670524,55942,20614
909,11624933,11680951,56018,20755
910,11635332,11691282,55950,20672
911,11645746,11701702,55956,20639
912,11656036,11711898,55862,20537
913,11666450,11722470,56020,20837
914,11676787,11732682,55895,20554
915,11687202,11743385,56183,21057
916,11697628,11753707,56079,20657
917,11708105,11764211,56106,20706
918,11718446,11774453,56007,20585
919,11728862,11784812,55950,20689
920,11739263,11795115,55852,20647
921,11749680,11805729,56049,20947
922,11760085,11815913,55828,20518
923,11770491,11826668,56177,21104
924,11780911,11836969,56058,20646
925,11791329,11847401,56072,20742
926,11801711,11857730,56019,20676
927,11812130,11867979,55849,20583
928,11822536,11878290,55754,20590
929,11832885,11888746,55861,20796
930,11843296,11899055,55759,20657
931,11853717,11909364,55647,20551
932,11864044,11919678,55634,20547
933,11874352,11930485,56133,21140
934,11884759,11940668,55909,20529
935,11895178,11951074,55896,20636
936,11905468,11961385,55917,20563
937,11915792,11971935,56143,20871
938,11926186,11982238,56052,20643
939,11936597,11992585,55988,20674
940,11946997,12002898,55901,20655
941,11957412,12013452,56040,20874
942,11967804,12023792,55988,20681
943,11978217,12034214,55997,20763
944,11988632,12044420,55788,20478
945,11998975,12055087,56112,20961
946,12009341,12065418,56077,20674
947,12019756,12075839,56083,20761
948,12030167,12086132,55965,20557
949,12040503,12096552,56049,20760
950,12050915,12106880,55965,20541
951,12061202,12117299,56097,20757
952,12071611,12127606,55995,20651
953,12082028,12138191,56163,20872
954,12092435,12148396,55961,20549
955,12102850,12158984,56134,20926
956,12113261,12169295,56034,20643
957,12123689,12179622,55933,20641
958,12134073,12189980,55907,20677
959,12144485,12200121,55636,20471
960,12154886,12210421,55535,20414
961,12165074,12220841,55767,20625
962,12175351,12231169,55818,20556
963,12185651,12241591,55940,20634
964,12195935,12251871,55936,20630
965,12206358,12262293,55935,20686
966,12216695,12272500,55805,20548
967,12227109,12283276,56167,21112
968,12237518,12293596,56078,20671
969,12247941,12304017,56076,20756
970,12258350,12314321,55971,20643
971,12268762,12324740,55978,20757
972,12279170,12335043,55873,20645
973,12289585,12345625,56040,20914
974,12299989,12355871,55882,20590
975,12310405,12366502,56097,20969
976,12320815,12376709,55894,20548
977,12331228,12387161,55933,20792
978,12341639,12397473,55834,20537
979,12351939,12407978,56039,20829
980,12362336,12418302,55966,20669
981,12372754,12428722,55968,20764
982,12383170,12439027,55857,20609
983,12393546,12449607,56061,20918
984,12403956,12459875,55919,20611
985,12414372,12470413,56041,20806
986,12424710,12480620,55910,20555
987,12435130,12491273,56143,20991
988,12445542,12501469,55927,20537
989,12455955,12512084,56129,20971
990,12466370,12522352,55982,20609
991,12476782,12532771,55989,20758
992,12487193,12543075,55882,20666
993,12497628,12553666,56038,20927
994,12508035,12563867,55832,20544
995,12518450,12574487,56037,20964
996,12528865,12584681,55816,20527
997,12539270,12595355,56085,21026
998,12549682,12605542,55860,20528
999,12560095,12615901,55806,20465
1000,12570273,12626231,55958,20496
