step,start,end,latency,execution
1,0,15632,15632,18977
2,3602,21779,18177,9347
3,6935,28606,21671,9954
4,10114,34934,24820,9436
5,13273,41094,27821,9263
6,16441,47278,30837,9395
7,19732,53484,33752,9275
8,22872,59803,36931,9419
9,26035,65884,39849,9178
10,29196,72269,43073,9503
11,32370,78366,45996,9296
12,35647,84694,49047,9555
13,38940,90960,52020,9378
14,42117,97338,55221,9499
15,45318,103557,58239,9445
16,48624,109688,61064,9384
17,51944,117286,65342,10874
18,55285,123434,68149,9241
19,58447,129669,71222,9295
20,61561,135882,74321,9271
21,64699,142015,77316,9242
22,67862,148355,80493,9580
23,71173,154554,83381,9306
24,74337,161014,86677,9665
25,77625,167285,89660,9369
26,80792,173417,92625,9371
27,84110,179617,95507,9298
28,87275,185767,98492,9271
29,90463,191961,101498,9262
30,93583,198113,104530,9881
31,97380,204289,106909,14690
32,105947,210502,104555,9950
33,109735,216843,107108,13827
34,117279,223285,106006,12611
35,123506,229536,106030,12381
36,129711,236109,106398,12669
37,135871,242201,106330,12168
38,142020,248687,106667,12762
39,148367,254818,106451,12274
40,154590,261395,106805,12961
41,161055,267684,106629,12479
42,167325,273861,106536,12230
43,173457,280392,106935,12625
44,179618,286500,106882,12189
45,185766,292960,107194,12583
46,191954,299359,107405,12488
47,198110,305552,107442,12311
48,204295,312027,107732,12642
49,210534,318081,107547,12323
50,216874,324522,107648,12813
51,223318,330632,107314,12288
52,229568,337151,107583,13020
53,236147,343445,107298,12278
54,242208,349660,107452,12654
55,248727,356377,107650,12770
56,254859,362487,107628,12607
57,261436,368851,107415,12571
58,267723,375037,107314,12286
59,273901,381278,107377,12693
60,280432,387711,107279,12436
61,286540,393931,107391,12600
62,293001,400498,107497,12885
63,299399,406687,107288,12302
64,305593,412884,107291,12592
65,312068,419459,107391,12548
66,318120,425548,107428,12451
67,324562,432009,107447,12490
68,330672,438048,107376,12478
69,337192,444457,107265,12621
70,343485,450618,107133,12293
71,349698,457049,107351,13070
72,356416,463390,106974,12373
73,362527,469550,107023,12444
74,368891,476029,107138,12585
75,375076,482133,107057,12266
76,381342,488571,107229,12768
77,387752,494759,107007,12327
78,393972,501075,107103,12802
79,400538,507542,107004,12589
80,406727,513704,106977,12279
81,412923,520263,107340,13057
82,419519,526410,106891,12116
83,425589,532809,107220,12782
84,432049,539303,107254,12454
85,438089,545430,107341,12455
86,444498,551872,107374,12526
87,450658,558031,107373,12510
88,457089,564610,107521,12840
89,463431,570700,107269,12169
90,469591,577128,107537,12827
91,476070,583642,107572,12538
92,482173,589851,107678,12567
93,488611,596411,107800,12668
94,494799,602259,107460,12024
95,501056,608764,107708,12954
96,507582,614983,107401,12299
97,513743,621320,107577,12818
98,520303,627626,107323,12374
99,526447,633850,107403,12546
100,532848,640323,107475,12888
101,539343,646730,107387,12455
102,545466,653015,107549,12655
103,551911,659485,107574,12551
104,558072,665610,107538,12622
105,564650,672137,107487,12546
106,570740,678559,107819,12771
107,577168,684787,107619,12663
108,583682,691105,107423,12448
109,589891,697558,107667,12934
110,596451,703862,107411,12082
111,602299,710285,107986,12848
112,608805,716736,107931,12589
113,615023,722854,107831,12380
114,621361,729211,107850,12583
115,627666,735549,107883,12476
116,633890,741867,107977,12711
117,640362,748435,108073,12909
118,646766,754523,107757,12297
119,653056,760885,107829,12751
120,659526,767340,107814,12448
121,665600,773548,107948,12704
122,672176,779982,107806,12777
123,678598,785974,107376,12141
124,684827,792368,107541,12642
125,691145,798465,107320,12471
126,697600,804865,107265,12622
127,703902,811353,107451,12831
128,710326,817602,107276,12620
129,716776,824042,107266,12478
130,722894,830072,107178,12306
131,729257,836539,107282,12719
132,735589,842824,107235,12514
133,741897,849290,107393,12964
134,748476,855659,107183,12354
135,754563,861877,107314,12500
136,760925,868293,107368,12791
137,767380,874640,107260,12485
138,773589,880910,107321,12623
139,780022,887516,107494,12505
140,786001,893547,107546,12358
141,792407,900041,107634,12511
142,798505,906366,107861,12646
143,804905,912777,107872,12820
144,811393,919010,107617,12402
145,817643,925357,107714,12707
146,824083,931678,107595,12268
147,830112,937899,107787,12608
148,836578,944316,107738,12623
149,842865,950600,107735,12669
150,849352,956973,107621,12645
151,855699,963381,107682,12546
152,861917,969449,107532,12393
153,868318,975977,107659,12819
154,874680,982079,107399,12293
155,880951,988515,107564,12961
156,887555,994614,107059,12051
157,893588,1001121,107533,12921
158,900081,1007367,107286,12492
159,906406,1013550,107144,12516
160,912941,1019985,107044,12374
161,919050,1026034,106984,12316
162,925398,1032600,107202,12807
163,931717,1038770,107053,12313
164,937939,1045331,107392,12899
165,944357,1051494,107137,12366
166,950635,1057654,107019,12458
167,957013,1064161,107148,12838
168,963421,1070164,106743,11982
169,969477,1076662,107185,12971
170,976017,1082762,106745,12122
171,982119,1089197,107078,12791
172,988556,1095417,106861,12238
173,994653,1101549,106896,12561
174,1001161,1107811,106650,12429
175,1007407,1114209,106802,12501
176,1013591,1120685,107094,12840
177,1020025,1127013,106988,12298
178,1026074,1133360,107286,12833
179,1032640,1139677,107037,12407
180,1038809,1145990,107181,12796
181,1045371,1152433,107062,12526
182,1051534,1158566,107032,12209
183,1057691,1164917,107226,12781
184,1064201,1171337,107136,12325
185,1070172,1177539,107367,12652
186,1076702,1184064,107362,12544
187,1082802,1190109,107307,12400
188,1089237,1196436,107199,12467
189,1095457,1202428,106971,12045
190,1101589,1208901,107312,12665
191,1107850,1215287,107437,12691
192,1114236,1221546,107310,12668
193,1120725,1228016,107291,12720
194,1127052,1234067,107015,12318
195,1133401,1240514,107113,12692
196,1139718,1246764,107046,12483
197,1146031,1253178,107147,12786
198,1152474,1259544,107070,12418
199,1158606,1265720,107114,12448
200,1164957,1272280,107323,12910
201,1171378,1278374,106996,12218
202,1177580,1284758,107178,12829
203,1184104,1291024,106920,12232
204,1190149,1297230,107081,12453
205,1196476,1303532,107056,12245
206,1202486,1309930,107444,12774
207,1208941,1316382,107441,12759
208,1215328,1322603,107275,12400
209,1221584,1328945,107361,12733
210,1228057,1335451,107394,12463
211,1234095,1341545,107450,12473
212,1240554,1348093,107539,12704
213,1246791,1354129,107338,12383
214,1253219,1360615,107396,12775
215,1259584,1366712,107128,12176
216,1265744,1373248,107504,13032
217,1272318,1379577,107259,12345
218,1278414,1385738,107324,12466
219,1284799,1392294,107495,12751
220,1291065,1398550,107485,12394
221,1297270,1404906,107636,12579
222,1303572,1411519,107947,12941
223,1309970,1417540,107570,12394
224,1316422,1424167,107745,12767
225,1322644,1430212,107568,12306
226,1328985,1436808,107823,13023
227,1335491,1442987,107496,12194
228,1341585,1449244,107659,12726
229,1348133,1455754,107621,12466
230,1354165,1461993,107828,12650
231,1360655,1468522,107867,12546
232,1366753,1474787,108034,12721
233,1373288,1481129,107841,12596
234,1379616,1487660,108044,12592
235,1385757,1493977,108220,12762
236,1392264,1500406,108142,12676
237,1398590,1506714,108124,12583
238,1404946,1513033,108087,12852
239,1411559,1519386,107827,12294
240,1417582,1525537,107955,12696
241,1424208,1532133,107925,12561
242,1430253,1538078,107825,12460
243,1436848,1544700,107852,12722
244,1443027,1550975,107948,12452
245,1449284,1557286,108002,12742
246,1455794,1563718,107924,12569
247,1462034,1569941,107907,12672
248,1468562,1576360,107798,12607
249,1474823,1582517,107694,12406
250,1481169,1588913,107744,12847
251,1487700,1595177,107477,12501
252,1494017,1601418,107401,12590
253,1500446,1607836,107390,12647
254,1506754,1614066,107312,12469
255,1513073,1620508,107435,12716
256,1519427,1626611,107184,12173
257,1525578,1632863,107285,12768
258,1532173,1639371,107198,12373
259,1538118,1645542,107424,12713
260,1544740,1652001,107261,12655
261,1551015,1658136,107121,12367
262,1557348,1664608,107260,12802
263,1563758,1670704,106946,12241
264,1569981,1677003,107022,12637
265,1576417,1683568,107151,12631
266,1582558,1689595,107037,12343
267,1588953,1696226,107273,12816
268,1595217,1702428,107211,12363
269,1601458,1708893,107435,12803
270,1607876,1715386,107510,12644
271,1614106,1721546,107440,12522
272,1620549,1728040,107491,12516
273,1626651,1734192,107541,12324
274,1632903,1740665,107762,12901
275,1639411,1746849,107438,12275
276,1645582,1753068,107486,12599
277,1652041,1759590,107549,12577
278,1658176,1765827,107651,12628
279,1664647,1772266,107619,12457
280,1670745,1778662,107917,12618
281,1677037,1784971,107934,12809
282,1683608,1791481,107873,12457
283,1689635,1797582,107947,12653
284,1696266,1803813,107547,12362
285,1702469,1810096,107627,12678
286,1708933,1816503,107570,12821
287,1715426,1822627,107201,12204
288,1721587,1828933,107346,12719
289,1728080,1835147,107067,12287
290,1734233,1841502,107269,12742
291,1740706,1847807,107101,12410
292,1746889,1853990,107101,12322
293,1753109,1860478,107369,12939
294,1759631,1866689,107058,12367
295,1765867,1872957,107090,12628
296,1772306,1879318,107012,12666
297,1778687,1885554,106867,12481
298,1785011,1892032,107021,12908
299,1791521,1898063,106542,12025
300,1797596,1904520,106924,12634
301,1803842,1910701,106859,12395
302,1810136,1917125,106989,12751
303,1816543,1923468,106925,12388
304,1822667,1929713,107046,12472
305,1828974,1936263,107289,12701
306,1835192,1942336,107144,12344
307,1841540,1948802,107262,12693
308,1847847,1955108,107261,12378
309,1853999,1961542,107543,12874
310,1860519,1968013,107494,12601
311,1866728,1974065,107337,12242
312,1872997,1980488,107491,12705
313,1879358,1986622,107264,12290
314,1885594,1993051,107457,12826
315,1892150,1999483,107333,12228
316,1898104,2005702,107598,12595
317,1904560,2012248,107688,12648
318,1910741,2018428,107687,12524
319,1917165,2024886,107721,12721
320,1923508,2031286,107778,12564
321,1929750,2037544,107794,12730
322,1936302,2044042,107740,12492
323,1942376,2050138,107762,12482
324,1948842,2056619,107777,12708
325,1955148,2062918,107770,12653
326,1961583,2069363,107780,12836
327,1968052,2075682,107630,12291
328,1974105,2082003,107898,12665
329,1980528,2088570,108042,12620
330,1986662,2094981,108319,12761
331,1993091,2101237,108146,12609
332,1999524,2107653,108129,12553
333,2005742,2114072,108330,12885
334,2012288,2120399,108111,12428
335,2018468,2126696,108228,12675
336,2024926,2133247,108321,12872
337,2031326,2139581,108255,12512
338,2037585,2145720,108135,12557
339,2044082,2152390,108308,12687
340,2050179,2158631,108452,12641
341,2056659,2164896,108237,12485
342,2062957,2171252,108295,12722
343,2069405,2177284,107879,12275
344,2075722,2183795,108073,12788
345,2082044,2190163,108119,12878
346,2088609,2196672,108063,12865
347,2095020,2202730,107710,12245
348,2101278,2209150,107872,12780
349,2107693,2215525,107832,12734
350,2114112,2221650,107538,12390
351,2120439,2228382,107943,12974
352,2126736,2234490,107754,12590
353,2133287,2240873,107586,12638
354,2139621,2247358,107737,12543
355,2145760,2253551,107791,12782
356,2152430,2260023,107593,12633
357,2158671,2266036,107365,12199
358,2164935,2272493,107558,12730
359,2171286,2278611,107325,12054
360,2177281,2285045,107764,12907
361,2183810,2291466,107656,12734
362,2190178,2297605,107427,12593
363,2196702,2304225,107523,12609
364,2202745,2310265,107520,12407
365,2209170,2316775,107605,12825
366,2215547,2323171,107624,12451
367,2221664,2329551,107887,13059
368,2228412,2336033,107621,12520
369,2234529,2342116,107587,12388
370,2240914,2348541,107627,12830
371,2247398,2354796,107398,12369
372,2253591,2361328,107737,12929
373,2260062,2367478,107416,12086
374,2266076,2373835,107759,12734
375,2272533,2380180,107647,12383
376,2278652,2386308,107656,12481
377,2285085,2392782,107697,12816
378,2291506,2399023,107517,12300
379,2297644,2405172,107528,12691
380,2304264,2411569,107305,12358
381,2310305,2417553,107248,12415
382,2316815,2423997,107182,12761
383,2323211,2430130,106919,12433
384,2329591,2436571,106980,12844
385,2336073,2442654,106581,12087
386,2342156,2449092,106936,12793
387,2348580,2455410,106830,12489
388,2354832,2461544,106712,12590
389,2361366,2468126,106760,12655
390,2367518,2474164,106646,12315
391,2373875,2480626,106751,12727
392,2380220,2486902,106682,12325
393,2386347,2493250,106903,12744
394,2392821,2499579,106758,12492
395,2399063,2505803,106740,12293
396,2405212,2512383,107171,12898
397,2411609,2518683,107074,12204
398,2417593,2525047,107454,12729
399,2424037,2531545,107508,12551
400,2430170,2537866,107696,12683
401,2436611,2544314,107703,12422
402,2442666,2550478,107812,12551
403,2449132,2556934,107802,12694
404,2455450,2563323,107873,12444
405,2461583,2569550,107967,12732
406,2468167,2575879,107712,12286
407,2474205,2582030,107825,12530
408,2480666,2588405,107739,12571
409,2486942,2594669,107727,12533
410,2493289,2601104,107815,12686
411,2499619,2607441,107822,12482
412,2505843,2613742,107899,12801
413,2512423,2620328,107905,12816
414,2518723,2626326,107603,12283
415,2525087,2632879,107792,12974
416,2531584,2639171,107587,12535
417,2537906,2645506,107600,12703
418,2544354,2651817,107463,12397
419,2550518,2658139,107621,12699
420,2556974,2664558,107584,12729
421,2563362,2670770,107408,12360
422,2569590,2677094,107504,12573
423,2575921,2683522,107601,12497
424,2582070,2689676,107606,12448
425,2588445,2696221,107776,12728
426,2594708,2702403,107695,12558
427,2601144,2708773,107629,12627
428,2607482,2715369,107887,12804
429,2613771,2721543,107772,12692
430,2620368,2728009,107641,12383
431,2626362,2734099,107737,12567
432,2632919,2740632,107713,12745
433,2639211,2746857,107646,12479
434,2645545,2753275,107730,12651
435,2651856,2759621,107765,12569
436,2658179,2765946,107767,12664
437,2664598,2772474,107876,12661
438,2670810,2778779,107969,12550
439,2677135,2785233,108098,12802
440,2683563,2791416,107853,12265
441,2689716,2797645,107929,12690
442,2696237,2804076,107839,12559
443,2702443,2810139,107696,12354
444,2708814,2816678,107864,13055
445,2715409,2822917,107508,12333
446,2721584,2829353,107769,12822
447,2728049,2835674,107625,12332
448,2734139,2841924,107785,12704
449,2740672,2848420,107748,12641
450,2746897,2854563,107666,12481
451,2753335,2860941,107606,12624
452,2759662,2867320,107658,12624
453,2765986,2873546,107560,12675
454,2772514,2880156,107642,12834
455,2778819,2886202,107383,12420
456,2785273,2892531,107258,12433
457,2791457,2898613,107156,12229
458,2797684,2905121,107437,12861
459,2804116,2911393,107277,12286
460,2810199,2917609,107410,12656
461,2816719,2924237,107518,12796
462,2822957,2930334,107377,12454
463,2829393,2936875,107482,12782
464,2835714,2943299,107585,12594
465,2841964,2949503,107539,12621
466,2848460,2955964,107504,12524
467,2854604,2962212,107608,12545
468,2860981,2968691,107710,12778
469,2867360,2975089,107729,12547
470,2873670,2981334,107664,12610
471,2880195,2987650,107455,12284
472,2886242,2993983,107741,12582
473,2892572,3000696,108124,12715
474,2898653,3006502,107849,12235
475,2905161,3012866,107705,12555
476,2911433,3019591,108158,12837
477,2917625,3025883,108258,12864
478,2924277,3032441,108164,12576
479,2930374,3038813,108439,12833
480,2936915,3045141,108226,12682
481,2943338,3051437,108099,12422
482,2949544,3057780,108236,12723
483,2956004,3064236,108232,12625
484,2962252,3070660,108408,12823
485,2968728,3076892,108164,12553
486,2975130,3083477,108347,12750
487,2981373,3089562,108189,12322
488,2987691,3096036,108345,12726
489,2994023,3102339,108316,12935
490,3000736,3108780,108044,12214
491,3006579,3115082,108503,12597
492,3012943,3121443,108500,12970
493,3019631,3127757,108126,12526
494,3025923,3134004,108081,12725
495,3032482,3140552,108070,12829
496,3038842,3146770,107928,12478
497,3045181,3153208,108027,12655
498,3051478,3159531,108053,12585
499,3057820,3165877,108057,12722
500,3064276,3172345,108069,12812
501,3070700,3178331,107631,12139
502,3076933,3184801,107868,12974
503,3083518,3191033,107515,12236
504,3089602,3197548,107946,12910
505,3096077,3203963,107886,12637
506,3102379,3210020,107641,12419
507,3108820,3216469,107649,12670
508,3115121,3222670,107549,12483
509,3121483,3228905,107422,12468
510,3127797,3235398,107601,12661
511,3134044,3241548,107504,12618
512,3140592,3248079,107487,12669
513,3146810,3254126,107316,12406
514,3153249,3260606,107357,12723
515,3159572,3266772,107200,12432
516,3165917,3273194,107277,12820
517,3172385,3279616,107231,12327
518,3178371,3285816,107445,12589
519,3184841,3292344,107503,12680
520,3191073,3298695,107622,12786
521,3197589,3304881,107292,12520
522,3204003,3311484,107481,12580
523,3210060,3317567,107507,12453
524,3216509,3324054,107545,12609
525,3222710,3330345,107635,12447
526,3228944,3336679,107735,12748
527,3235438,3342768,107330,12159
528,3241588,3349336,107748,13020
529,3248119,3355622,107503,12253
530,3254166,3361883,107717,12661
531,3260646,3368353,107707,12542
532,3266799,3374646,107847,12648
533,3273235,3380885,107650,12581
534,3279657,3387226,107569,12461
535,3285857,3393429,107572,12650
536,3292384,3399871,107487,12718
537,3298735,3406146,107411,12382
538,3304921,3412610,107689,12987
539,3311524,3418680,107156,12073
540,3317606,3425095,107489,12823
541,3324094,3431635,107541,12752
542,3330386,3437852,107466,12470
543,3336719,3444269,107550,12426
544,3342808,3450373,107565,12593
545,3349377,3456799,107422,12632
546,3355663,3463022,107359,12403
547,3361924,3469268,107344,12636
548,3368393,3475706,107313,12630
549,3374686,3481930,107244,12383
550,3380925,3488482,107557,12797
551,3387266,3494917,107651,12559
552,3393465,3501121,107656,12571
553,3399911,3507669,107758,12743
554,3406186,3513956,107770,12668
555,3412650,3520437,107787,12481
556,3418720,3526744,108024,12642
557,3425134,3533078,107944,12795
558,3431675,3539415,107740,12474
559,3437892,3545554,107662,12476
560,3444308,3551991,107683,12462
561,3450413,3558076,107663,12432
562,3456839,3564541,107702,12608
563,3463062,3570643,107581,12267
564,3469330,3577198,107868,12891
565,3475746,3583524,107778,12470
566,3481986,3589681,107695,12612
567,3488521,3596291,107770,12969
568,3494957,3602509,107552,12342
569,3501161,3608825,107664,12795
570,3507712,3615057,107345,12427
571,3513983,3621262,107279,12621
572,3520477,3627741,107264,12685
573,3526784,3633957,107173,12471
574,3533119,3640244,107125,12544
575,3539455,3646271,106816,12086
576,3545594,3652740,107146,12826
577,3552031,3658957,106926,12222
578,3558117,3665256,107139,12684
579,3564581,3671697,107116,12442
580,3570683,3677927,107244,12706
581,3577239,3684395,107156,12714
582,3583565,3690695,107130,12372
583,3589718,3697086,107368,12925
584,3596332,3703565,107233,12573
585,3602516,3709858,107342,12563
586,3608865,3716349,107484,12643
587,3615095,3722448,107353,12228
588,3621324,3728793,107469,12722
589,3627781,3735214,107433,12556
590,3633996,3741394,107398,12389
591,3640284,3747813,107529,12365
592,3646312,3754045,107733,12621
593,3652780,3760349,107569,12441
594,3658997,3766702,107705,12572
595,3665317,3772977,107660,12616
596,3671736,3779483,107747,12657
597,3677966,3785551,107585,12458
598,3684435,3792030,107595,12698
599,3690734,3798067,107333,12349
600,3697126,3804532,107406,12868
601,3703605,3810716,107111,12398
602,3709898,3817146,107248,12841
603,3716387,3823492,107105,12367
604,3722488,3829643,107155,12416
605,3728834,3836300,107466,12999
606,3735254,3842346,107092,12147
607,3741435,3848804,107369,12795
608,3747853,3855118,107265,12466
609,3754086,3861292,107206,12398
610,3760389,3867782,107393,12741
611,3766741,3874094,107353,12508
612,3773017,3880649,107632,12982
613,3779523,3886841,107318,12181
614,3785592,3893078,107486,12636
615,3792070,3899577,107507,12456
616,3798103,3905812,107709,12625
617,3804572,3912278,107706,12571
618,3810756,3918558,107802,12630
619,3817187,3924828,107641,12540
620,3823532,3931330,107798,12571
621,3829682,3937551,107869,12800
622,3836340,3943868,107528,12283
623,3842387,3950037,107650,12547
624,3848844,3956491,107647,12688
625,3855236,3962683,107447,12131
626,3861355,3969037,107682,12741
627,3867822,3975387,107565,12583
628,3874134,3981722,107588,12811
629,3880689,3988240,107551,12629
630,3886880,3994300,107420,12220
631,3893118,4000844,107726,12964
632,3899617,4007065,107448,12376
633,3905853,4013399,107546,12719
634,3912318,4019702,107384,12505
635,3918594,4026066,107472,12563
636,3924868,4032646,107778,13002
637,3931370,4038919,107549,12415
638,3937592,4044960,107368,12278
639,3943908,4051188,107280,12317
640,3950078,4057438,107360,12544
641,3956531,4063782,107251,12336
642,3962723,4069977,107254,12475
643,3969077,4076280,107203,12590
644,3975427,4082360,106933,12339
645,3981763,4088672,106909,12754
646,3988279,4094866,106587,12180
647,3994339,4101092,106753,12695
648,4000884,4107573,106689,12626
649,4007105,4113559,106454,12245
650,4013440,4120100,106660,12767
651,4019737,4126227,106490,12421
652,4026107,4132739,106632,13017
653,4032686,4139107,106421,12565
654,4038959,4145434,106475,12293
655,4045845,4151890,106045,11790
656,4154920,4173550,18630,21501
657,4158134,4176735,18601,6485
658,4161509,4179918,18409,6265
659,4164658,4183088,18430,6282
660,4167831,4186259,18428,6388
661,4171111,4189401,18290,6270
662,4174302,4192673,18371,6378
663,4177461,4195851,18390,6385
664,4180743,4199036,18293,6260
665,4183884,4202198,18314,6290
666,4187064,4205533,18469,6447
667,4190226,4208795,18569,6435
668,4193462,4211977,18515,6243
669,4196588,4215242,18654,6364
670,4199748,4218430,18682,6251
671,4202878,4221563,18685,6243
672,4206053,4224883,18830,6436
673,4209219,4228146,18927,6366
674,4212386,4231458,19072,6496
675,4215646,4234652,19006,6306
676,4218824,4237804,18980,6273
677,4221994,4241101,19107,6404
678,4225162,4244440,19278,6438
679,4228324,4247745,19421,6424
680,4231510,4250953,19443,6321
681,4234689,4254150,19461,6296
682,4237855,4257329,19474,6404
683,4241138,4260502,19364,6448
684,4244480,4263622,19142,6367
685,4247782,4266786,19004,6308
686,4250993,4269950,18957,6302
687,4254187,4273076,18889,6529
688,4257642,4276213,18571,6193
689,4260757,4279333,18576,6220
690,4263913,4282498,18585,6268
691,4267068,4285640,18572,6244
692,4270219,4288805,18586,6311
693,4273419,4292043,18624,6347
694,4276580,4295370,18790,6423
695,4279740,4298544,18804,6269
696,4282897,4301663,18766,6231
697,4286060,4304919,18859,6356
698,4289223,4308255,19032,6517
699,4292480,4311529,19049,6463
700,4295745,4314837,19092,6490
701,4299005,4318017,19012,6291
702,4302179,4321356,19177,6471
703,4305364,4324666,19302,6497
704,4308627,4328003,19376,6461
705,4311828,4331308,19480,6412
706,4314998,4334515,19517,6300
707,4318154,4337691,19537,6347
708,4321397,4341016,19619,6574
709,4324704,4344321,19617,6573
710,4328043,4347661,19618,6573
711,4331345,4350977,19632,6455
712,4334555,4354200,19645,6326
713,4337724,4357422,19698,6485
714,4341056,4360746,19690,6569
715,4344357,4364048,19691,6575
716,4347701,4367387,19686,6580
717,4351014,4370597,19583,6364
718,4354239,4373720,19481,6288
719,4357456,4376916,19460,6454
720,4360786,4380254,19468,6571
721,4364085,4383558,19473,6574
722,4367427,4386780,19353,6361
723,4370631,4389995,19364,6279
724,4373763,4393334,19571,6472
725,4376951,4396636,19685,6573
726,4380294,4399981,19687,6576
727,4383595,4403291,19696,6464
728,4386820,4406516,19696,6369
729,4390030,4409712,19682,6471
730,4393376,4413036,19660,6564
731,4396674,4416342,19668,6582
732,4400020,4419687,19667,6583
733,4403329,4423000,19671,6470
734,4406555,4426227,19672,6350
735,4409744,4429512,19768,6545
736,4413076,4432854,19778,6576
737,4416379,4436161,19782,6584
738,4419727,4439502,19775,6581
739,4423037,4442817,19780,6474
740,4426267,4446041,19774,6434
741,4429549,4449358,19809,6592
742,4432894,4452703,19809,6579
743,4436198,4456016,19818,6586
744,4439542,4459359,19817,6583
745,4442855,4462570,19715,6366
746,4446080,4465695,19615,6384
747,4449395,4468986,19591,6568
748,4452743,4472328,19585,6583
749,4456055,4475635,19580,6579
750,4459399,4478949,19550,6454
751,4462604,4482159,19555,6275
752,4465736,4485500,19764,6572
753,4469024,4488801,19777,6574
754,4472369,4492132,19763,6565
755,4475672,4495440,19768,6555
756,4478988,4498656,19668,6358
757,4482195,4501864,19669,6486
758,4485540,4505187,19647,6564
759,4488838,4508496,19658,6574
760,4492172,4511833,19661,6573
761,4495477,4515143,19666,6462
762,4498696,4518360,19664,6355
763,4501900,4521480,19580,6380
764,4505226,4524794,19568,6564
765,4508532,4528099,19567,6576
766,4511873,4531440,19567,6579
767,4515181,4534648,19467,6357
768,4518396,4537835,19439,6257
769,4521518,4541136,19618,6547
770,4524833,4544471,19638,6569
771,4528136,4547787,19651,6588
772,4531479,4551118,19639,6468
773,4534681,4554339,19658,6344
774,4537874,4557511,19637,6414
775,4541173,4560804,19631,6561
776,4544511,4564150,19639,6588
777,4547824,4567461,19637,6574
778,4551158,4570683,19525,6374
779,4554376,4573904,19528,6329
780,4557628,4577246,19618,6407
781,4560841,4580577,19736,6609
782,4564190,4583914,19724,6575
783,4567498,4587224,19726,6464
784,4570722,4590448,19726,6374
785,4573941,4593591,19650,6416
786,4577286,4596923,19637,6590
787,4580614,4600227,19613,6573
788,4583954,4603573,19619,6583
789,4587261,4606894,19633,6478
790,4590489,4610119,19630,6295
791,4593628,4613415,19787,6562
792,4596962,4616757,19795,6573
793,4600265,4620072,19807,6594
794,4603613,4623410,19797,6587
795,4606932,4626624,19692,6370
796,4610159,4629815,19656,6427
797,4613453,4633107,19654,6565
798,4616796,4636452,19656,6587
799,4620108,4639748,19640,6567
800,4623450,4642972,19522,6366
801,4626658,4646184,19526,6338
802,4629855,4649534,19679,6582
803,4633145,4652840,19695,6582
804,4636491,4656043,19552,6428
805,4639786,4659221,19435,6332
806,4643012,4662440,19428,6366
807,4646222,4665582,19360,6423
808,4649574,4668917,19343,6567
809,4652877,4672215,19338,6440
810,4656091,4675564,19473,6461
811,4659271,4678882,19611,6456
812,4662480,4682108,19628,6295
813,4665620,4685413,19793,6570
814,4668956,4688761,19805,6573
815,4672253,4692068,19815,6587
816,4675604,4695407,19803,6585
817,4678920,4698619,19699,6369
818,4682148,4701807,19659,6434
819,4685452,4705100,19648,6571
820,4688801,4708432,19631,6566
821,4692105,4711739,19634,6577
822,4695447,4714964,19517,6365
823,4698653,4718171,19518,6332
824,4701847,4721498,19651,6560
825,4705137,4724803,19666,6570
826,4708472,4728150,19678,6583
827,4711776,4731459,19683,6465
828,4715003,4734684,19681,6363
829,4718206,4737897,19691,6474
830,4721537,4741202,19665,6537
831,4724839,4744505,19666,6583
832,4728190,4747845,19655,6578
833,4731495,4751156,19661,6469
834,4734724,4754378,19654,6362
835,4737935,4757490,19555,6349
836,4741242,4760708,19466,6445
837,4744542,4764008,19466,6572
838,4747885,4767342,19457,6572
839,4751193,4770551,19358,6363
840,4754417,4773676,19259,6180
841,4757532,4776960,19428,6428
842,4760747,4780307,19560,6575
843,4764045,4783617,19572,6577
844,4767382,4786940,19558,6461
845,4770585,4790149,19564,6274
846,4773717,4793491,19774,6565
847,4776997,4796795,19798,6584
848,4780346,4800142,19796,6585
849,4783654,4803452,19798,6564
850,4786980,4806595,19615,6284
851,4790185,4809805,19620,6483
852,4793531,4812947,19416,6373
853,4796832,4816245,19413,6575
854,4800182,4819585,19403,6577
855,4803488,4822901,19413,6430
856,4806670,4826107,19437,6307
857,4809842,4829391,19549,6397
858,4813022,4832735,19713,6532
859,4816282,4836043,19761,6580
860,4819625,4839387,19762,6587
861,4822939,4842579,19640,6328
862,4826147,4845704,19557,6349
863,4829430,4848987,19557,6558
864,4832775,4852332,19557,6579
865,4836082,4855640,19558,6583
866,4839426,4858951,19525,6434
867,4842615,4862157,19542,6270
868,4845746,4865501,19755,6566
869,4849025,4868803,19778,6578
870,4852371,4872150,19779,6584
871,4855677,4875464,19787,6559
872,4858991,4878691,19700,6363
873,4862192,4881905,19713,6492
874,4865541,4885248,19707,6575
875,4868840,4888582,19742,6613
876,4872188,4891922,19734,6583
877,4875501,4895229,19728,6466
878,4878731,4898466,19735,6378
879,4881939,4901605,19666,6416
880,4885288,4904941,19653,6599
881,4888619,4908248,19629,6582
882,4891962,4911589,19627,6574
883,4895267,4914906,19639,6485
884,4898506,4918131,19625,6290
885,4901640,4921455,19815,6595
886,4904979,4924797,19818,6578
887,4908286,4928117,19831,6592
888,4911628,4931460,19832,6587
889,4914944,4934779,19835,6475
890,4918170,4938008,19838,6481
891,4921493,4941335,19842,6600
892,4924837,4944682,19845,6592
893,4928155,4947993,19838,6585
894,4931500,4951333,19833,6588
895,4934816,4954540,19724,6368
896,4938048,4957665,19617,6392
897,4941375,4960951,19576,6562
898,4944722,4964295,19573,6582
899,4948029,4967593,19564,6571
900,4951372,4970916,19544,6459
901,4954574,4974106,19532,6255
902,4957705,4977451,19746,6571
903,4960988,4980750,19762,6576
904,4964335,4984086,19751,6561
905,4967631,4987400,19769,6568
906,4970955,4990625,19670,6343
907,4974139,4993834,19695,6490
908,4977491,4997160,19669,6565
909,4980787,5000471,19684,6580
910,4984126,5003794,19668,6565
911,4987437,5007105,19668,6467
912,4990665,5010327,19662,6361
913,4993870,5013509,19639,6441
914,4997199,5016853,19654,6583
915,5000507,5020170,19663,6574
916,5003834,5023466,19632,6534
917,5007142,5026784,19642,6472
918,5010367,5030011,19644,6337
919,5013546,5033338,19792,6603
920,5016893,5036690,19797,6595
921,5020207,5039995,19788,6535
922,5023506,5043265,19759,6513
923,5026820,5046452,19632,6348
924,5030051,5049546,19495,6362
925,5033376,5052824,19448,6563
926,5036729,5056167,19438,6576
927,5040033,5059464,19431,6498
928,5043304,5062690,19386,6341
929,5046483,5065908,19425,6252
930,5049585,5069254,19669,6551
931,5052861,5072582,19721,6604
932,5056207,5075912,19705,6555
933,5059501,5079238,19737,6484
934,5062729,5082462,19733,6370
935,5066030,5085672,19642,6326
936,5069294,5088958,19664,6551
937,5072619,5092259,19640,6565
938,5075952,5095599,19647,6592
939,5079276,5098914,19638,6469
940,5082502,5102143,19641,6302
941,5085651,5105448,19797,6581
942,5088997,5108797,19800,6578
943,5092297,5112106,19809,6581
944,5095640,5115452,19812,6587
945,5098952,5118773,19821,6482
946,5102183,5121994,19811,6454
947,5105486,5125314,19828,6600
948,5108836,5128661,19825,6585
949,5112144,5131969,19825,6587
950,5115492,5135308,19816,6587
951,5118811,5138512,19701,6357
952,5122034,5141636,19602,6386
953,5125351,5144921,19570,6563
954,5128700,5148262,19562,6576
955,5132006,5151561,19555,6571
956,5135348,5154865,19517,6437
957,5138546,5158039,19493,6237
958,5141677,5161348,19671,6529
959,5144959,5164643,19684,6567
960,5148302,5167981,19679,6565
961,5151597,5171271,19674,6528
962,5154905,5174496,19591,6292
963,5158036,5177636,19600,6422
964,5161388,5180982,19594,6567
965,5164679,5184171,19492,6460
966,5168021,5187508,19487,6558
967,5171308,5190818,19510,6466
968,5174535,5194048,19513,6297
969,5177674,5197360,19686,6589
970,5181022,5200701,19679,6459
971,5184208,5204007,19799,6575
972,5187549,5207344,19795,6573
973,5190856,5210559,19703,6375
974,5194088,5213684,19596,6377
975,5197398,5216977,19579,6566
976,5200741,5220321,19580,6577
977,5204044,5223618,19574,6567
978,5207385,5226943,19558,6466
979,5210593,5230154,19561,6275
980,5213724,5233496,19772,6574
981,5217015,5236795,19780,6574
982,5220360,5240140,19780,6571
983,5223656,5243454,19798,6569
984,5226982,5246774,19792,6464
985,5230191,5249994,19803,6496
986,5233536,5253336,19800,6582
987,5236832,5256645,19813,6586
988,5240180,5259947,19767,6543
989,5243491,5263243,19752,6549
990,5246813,5266459,19646,6364
991,5250026,5269583,19557,6406
992,5253376,5272909,19533,6575
993,5256682,5276220,19538,6545
994,5259986,5279559,19573,6562
995,5263280,5282876,19596,6467
996,5266497,5286094,19597,6276
997,5269622,5289418,19796,6584
998,5272949,5292754,19805,6574
999,5276258,5296033,19775,6550
1000,5279598,5299357,19759,6578
1001,5282918,5302562,19644,6353
