step,start,end,latency,execution
1,0,47829,47829,61537
2,13848,67793,53945,29776
3,23681,87485,63804,29389
4,33385,107279,73894,29867
5,43466,126955,83489,29488
6,53285,146664,93379,29534
7,63116,166334,103218,29501
8,72955,186079,113124,29520
9,82736,205741,123005,29430
10,92510,225417,132907,29429
11,102269,245128,142859,29483
12,112045,264804,152759,29399
13,121774,284480,162706,29416
14,131519,304036,172517,29277
15,141245,323646,182401,29320
16,150960,342989,192029,29111
17,160734,362657,201923,29389
18,170459,382190,211731,29307
19,180238,401628,221390,29131
20,189937,420968,231031,29109
21,199712,440382,240670,29109
22,209411,459747,250336,29103
23,219155,479259,260104,29204
24,228851,498552,269701,29029
25,238593,518061,279468,29234
26,248322,537426,289104,29146
27,258108,556875,298767,29172
28,267837,576399,308562,29256
29,277572,595834,318262,29135
30,287278,616084,328806,36840
31,303876,635479,331603,38910
32,323400,655025,331625,38999
33,342861,674391,331530,38969
34,362470,694189,331719,39278
35,381958,713840,331882,39047
36,401362,733465,332103,39044
37,420789,753209,332420,39111
38,440164,772807,332643,38984
39,459557,792215,332658,38848
40,479005,811597,332592,38798
41,498428,831035,332607,38843
42,517840,850395,332555,38771
43,537257,869853,332596,38926
44,556731,889322,332591,38892
45,576162,908743,332581,38888
46,595637,928163,332526,39553
47,615778,947523,331745,38928
48,635353,967015,331662,38935
49,654801,986359,331558,38795
50,674259,1005894,331635,39218
51,693949,1025455,331506,39226
52,713622,1044791,331169,39001
53,733295,1064464,331169,39336
54,752964,1083995,331031,39177
55,772618,1103604,330986,39000
56,792017,1123028,331011,38811
57,811411,1142523,331112,38919
58,830843,1162099,331256,39015
59,850290,1181586,331296,38894
60,869705,1201329,331624,39157
61,889126,1220817,331691,38896
62,908542,1240251,331709,38864
63,927979,1259676,331697,38809
64,947370,1279153,331783,38863
65,966764,1298757,331993,39016
66,986182,1318410,332228,39136
67,1005673,1338150,332477,39233
68,1025174,1357825,332651,39210
69,1044717,1377410,332693,39116
70,1064262,1396739,332477,38860
71,1083801,1416270,332469,39081
72,1103357,1435611,332254,38799
73,1122821,1455011,332190,38955
74,1142382,1474448,332066,38963
75,1161916,1493939,332023,39002
76,1181432,1513197,331765,38880
77,1201064,1532614,331550,38995
78,1220648,1552011,331363,38796
79,1240054,1571405,331351,38817
80,1259483,1590797,331314,38837
81,1278938,1610266,331328,39154
82,1298629,1629656,331027,38984
83,1318230,1649027,330797,39037
84,1337904,1668574,330670,39213
85,1357576,1687872,330296,38960
86,1377245,1707363,330118,38849
87,1396610,1726781,330171,38829
88,1416029,1746232,330203,38833
89,1435418,1765647,330229,38784
90,1454794,1785023,330229,38813
91,1474238,1804741,330503,39159
92,1493687,1824198,330511,38828
93,1513067,1843766,330699,38900
94,1532406,1863338,330932,38950
95,1551791,1882783,330992,38893
96,1571245,1902475,331230,39092
97,1590651,1922160,331509,39086
98,1610060,1941841,331781,39092
99,1629478,1961525,332047,39092
100,1648894,1981193,332299,39103
101,1668337,2000655,332318,38833
102,1687716,2020148,332432,38948
103,1707177,2039479,332302,38742
104,1726596,2058917,332321,38853
105,1746018,2078430,332412,38944
106,1765455,2097836,332381,38802
107,1784858,2117233,332375,39055
108,1804528,2136656,332128,38897
109,1824010,2156103,332093,38999
110,1843568,2175655,332087,39097
111,1863133,2195256,332123,39100
112,1882640,2214815,332175,39204
113,1902292,2234674,332382,39520
114,1921960,2254313,332353,39303
115,1941630,2273956,332326,39304
116,1961299,2295179,333880,40885
117,1980969,2314923,333954,39238
118,2000470,2334702,334232,39216
119,2019915,2354420,334505,39102
120,2039305,2374226,334921,39267
121,2058773,2394239,335466,39438
122,2078206,2414125,335919,39287
123,2097614,2434134,336520,39394
124,2117006,2454023,337017,39297
125,2136421,2473916,337495,39359
126,2155895,2493601,337706,39227
127,2175444,2513084,337640,39055
128,2195024,2532887,337863,39337
129,2214564,2552513,337949,39557
130,2234503,2572207,337704,39401
131,2254218,2591558,337340,38871
132,2273746,2611040,337294,40741
133,2295013,2630499,335486,39143
134,2314703,2649890,335187,39168
135,2334487,2669389,334902,39201
136,2354197,2688750,334553,39189
137,2374033,2708176,334143,39374
138,2393988,2727557,333569,39301
139,2413913,2747012,333099,39443
140,2433909,2766264,332355,39184
141,2453848,2785739,331891,39348
142,2473728,2805142,331414,39015
143,2493346,2824619,331273,39125
144,2512999,2843989,330990,38992
145,2532629,2863467,330838,39149
146,2552305,2882888,330583,39112
147,2572003,2902281,330278,38752
148,2591370,2921757,330387,38913
149,2610813,2941148,330335,38834
150,2630264,2960650,330386,38912
151,2649680,2980006,330326,38811
152,2669142,2999466,330324,38870
153,2688560,3019211,330651,39161
154,2707982,3038720,330738,38888
155,2727369,3058189,330820,38808
156,2746715,3077596,330881,38823
157,2766136,3097298,331162,39113
158,2785589,3117051,331462,39141
159,2804984,3136677,331693,39052
160,2824418,3156491,332073,39183
161,2843794,3176128,332334,39121
162,2863286,3195696,332410,38962
163,2882685,3215221,332536,38940
164,2902106,3234730,332624,38948
165,2921553,3254224,332671,39020
166,2941087,3273744,332657,38824
167,2960397,3293113,332716,38786
168,2979820,3312601,332781,38899
169,2999238,3332051,332813,39196
170,3018992,3351524,332532,38945
171,3038472,3370847,332375,38864
172,3058021,3390276,332255,38833
173,3077431,3409701,332270,39145
174,3097159,3429124,331965,39110
175,3116854,3448584,331730,39148
176,3136549,3468007,331458,39103
177,3156235,3487372,331137,39118
178,3175994,3506758,330764,38872
179,3195487,3526196,330709,38934
180,3214989,3545742,330753,39069
181,3234518,3565074,330556,38819
182,3254013,3584497,330484,38919
183,3273516,3604219,330703,39117
184,3292918,3623626,330708,38901
185,3312420,3643176,330756,38986
186,3331863,3662515,330652,38754
187,3351285,3682006,330721,38842
188,3370642,3701528,330886,38906
189,3390033,3721065,331032,39021
190,3409525,3740524,330999,38903
191,3428975,3760087,331112,38957
192,3448374,3779670,331296,38968
193,3467765,3799049,331284,38791
194,3487184,3818537,331353,38913
195,3506617,3837959,331342,38823
196,3526025,3857385,331360,38877
197,3545483,3876731,331248,38717
198,3564862,3896165,331303,38871
199,3584305,3915610,331305,39066
200,3603934,3935033,331099,38934
201,3623453,3954402,330949,38784
202,3642876,3973818,330942,38842
203,3662307,3993100,330793,38769
204,3681800,4012670,330870,39103
205,3701339,4032091,330752,38924
206,3720849,4051525,330676,39015
207,3740437,4070994,330557,38942
208,3759918,4090403,330485,38939
209,3779455,4109769,330314,38730
210,3798825,4129173,330348,38893
211,3818321,4148772,330451,39009
212,3837738,4168302,330564,38947
213,3857160,4187973,330813,39071
214,3876567,4207759,331192,39173
215,3895960,4227358,331398,39008
216,3915376,4246779,331403,38774
217,3934736,4266469,331733,39142
218,3954194,4286169,331975,39106
219,3973605,4305730,332125,38881
220,3992932,4325481,332549,39235
221,4012424,4345085,332661,39047
222,4031874,4364806,332932,39173
223,4051334,4384263,332929,38840
224,4070724,4403773,333049,38960
225,4090180,4423049,332869,38660
226,4109571,4442577,333006,38968
227,4129017,4461877,332860,38850
228,4148574,4481299,332725,38947
229,4168104,4500767,332663,39108
230,4187749,4520238,332489,39185
231,4207471,4539569,332098,38965
232,4227113,4559143,332030,39107
233,4246653,4578547,331894,39026
234,4266282,4597967,331685,39092
235,4285961,4617352,331391,39012
236,4305596,4636838,331242,39123
237,4325241,4656192,330951,39017
238,4344911,4675607,330696,39050
239,4364553,4694860,330307,38770
240,4384076,4714388,330312,38965
241,4403521,4733702,330181,38656
242,4422871,4753243,330372,38996
243,4442333,4772684,330351,38812
244,4461712,4792047,330335,38774
245,4481131,4811717,330586,39107
246,4500574,4831360,330786,39052
247,4519992,4850749,330757,38805
248,4539415,4870205,330790,38892
249,4558857,4889898,331041,39163
250,4578334,4909564,331230,39081
251,4597755,4929193,331438,39005
252,4617138,4948839,331701,39085
253,4636585,4968462,331877,39035
254,4656003,4987973,331970,38939
255,4675439,5007534,332095,38891
256,4694773,5027086,332313,38939
257,4714167,5046620,332453,38916
258,4733557,5066697,333140,39517
259,4753003,5086676,333673,39436
260,4772467,5106451,333984,39189
261,4791891,5126081,334190,39156
262,4811424,5145869,334445,39457
263,4831100,5165542,334442,39152
264,4850586,5185296,334710,39143
265,4869983,5204899,334916,39274
266,4889660,5224509,334849,39273
267,4909329,5244066,334737,39211
268,4928989,5263859,334870,39418
269,4948622,5283455,334833,39276
270,4968308,5302865,334557,38896
271,4987801,5322455,334654,39109
272,5007327,5342000,334673,39066
273,5026856,5361498,334642,39046
274,5046496,5380802,334306,39283
275,5381835,5435627,53792,63383
276,5391446,5447714,56268,22164
277,5401532,5457737,56205,19917
278,5411430,5469794,58364,21898
279,5421278,5479819,58541,19944
280,5431200,5491901,60701,23951
281,5443071,5501864,58793,19828
282,5452940,5513944,61004,22640
283,5463504,5523981,60477,19902
284,5473373,5535996,62623,23409
285,5484770,5546046,61276,19909
286,5494632,5558126,63494,22652
287,5505208,5568159,62951,19892
288,5515071,5580232,65161,23458
289,5526459,5590232,63773,19862
290,5536324,5602215,65891,21844
291,5546189,5612244,66055,19890
292,5556053,5624300,68247,21918
293,5565917,5634323,68406,19885
294,5575782,5646345,70563,21883
295,5585646,5656379,70733,19897
296,5595511,5668432,72921,21915
297,5605375,5678422,73047,19849
298,5615238,5690457,75219,21891
299,5625097,5700494,75397,19899
300,5634962,5712538,77576,21900
301,5644821,5722559,77738,19882
302,5654685,5734581,79896,21885
303,5664550,5744553,80003,19833
304,5674414,5756629,82215,21938
305,5684279,5766631,82352,19863
306,5694142,5778651,84509,21880
307,5704005,5788731,84726,19941
308,5713869,5800753,86884,21883
309,5723734,5810794,87060,19889
310,5733597,5822883,89286,21946
311,5743475,5832905,89430,19885
312,5753340,5844982,91642,21952
313,5763218,5854996,91778,19875
314,5773081,5867074,93993,21939
315,5782946,5877141,94195,19927
316,5792809,5889134,96325,21853
317,5802671,5899141,96470,19870
318,5812536,5911136,98600,21855
319,5822400,5921143,98743,19867
320,5832263,5933167,100904,21882
321,5842124,5943241,101117,19926
322,5851980,5955342,103362,21969
323,5861851,5965330,103479,19856
324,5871721,5977424,105703,21959
325,5881589,5987486,105897,19930
326,5891459,5999521,108062,21900
327,5901327,6009662,108335,20007
328,5911197,6021789,110592,21985
329,5921065,6031868,110803,19941
330,5930932,6043948,113016,21945
331,5940799,6054004,113205,19921
332,5950667,6066077,115410,21939
333,5960536,6076072,115536,19860
334,5970404,6088119,117715,21914
335,5980274,6098171,117897,19917
336,5990142,6110200,120058,21896
337,6000011,6120254,120243,19944
338,6009905,6132290,122385,21902
339,6019774,6142304,122530,19880
340,6029643,6154374,124731,21937
341,6039513,6164399,124886,19892
342,6049383,6176394,127011,21865
343,6059257,6186385,127128,19856
344,6069125,6198411,129286,21893
345,6078995,6208417,129422,19871
346,6088863,6220431,131568,21879
347,6098731,6230414,131683,19851
348,6108601,6242412,133811,21863
349,6118469,6252489,134020,19940
350,6128335,6264567,136232,21938
351,6138199,6274563,136364,19859
352,6148065,6286612,138547,21915
353,6157934,6296593,138659,19846
354,6167802,6308650,140848,21922
355,6177670,6318687,141017,19903
356,6187538,6330748,143210,21926
357,6197406,6340771,143365,19891
358,6207276,6352809,145533,21910
359,6217154,6362769,145615,19831
360,6227028,6374806,147778,21901
361,6236896,6384796,147900,19855
362,6246764,6396841,150077,21911
363,6256633,6406855,150222,19880
364,6266501,6418909,152408,21920
365,6276371,6428977,152606,19930
366,6286236,6441025,154789,21913
367,6296104,6450996,154892,19835
368,6305972,6463015,157043,21885
369,6315841,6473067,157226,19918
370,6325709,6485125,159416,21924
371,6335578,6495091,159513,19831
372,6345446,6507102,161656,21877
373,6355315,6517125,161810,19888
374,6365182,6529186,164004,21928
375,6375052,6539188,164136,19864
376,6384918,6551232,166314,21909
377,6394786,6561261,166475,19892
378,6404652,6573303,168651,21908
379,6414520,6583376,168856,19939
380,6424390,6595454,171064,21943
381,6434257,6605521,171264,19932
382,6444125,6617693,173568,22034
383,6453990,6627726,173736,19896
384,6463857,6639755,175898,21893
385,6473725,6649788,176063,19899
386,6483594,6661805,178211,21883
387,6493462,6671821,178359,19883
388,6503331,6683845,180514,21889
389,6513199,6693898,180699,19920
390,6523069,6705948,182879,21916
391,6532937,6715975,183038,19893
392,6542805,6728008,185203,21900
393,6552674,6738001,185327,19853
394,6562538,6750041,187503,21906
395,6572407,6760068,187661,19892
396,6582275,6772119,189844,21917
397,6592144,6782104,189960,19849
398,6602012,6794189,192177,21974
399,6611906,6804210,192304,19892
400,6621781,6816238,194457,21894
401,6631649,6826299,194650,19927
402,6641518,6838329,196811,21895
403,6651386,6848359,196973,19896
404,6661255,6860378,199123,21882
405,6671122,6870422,199300,19909
406,6680990,6882430,201440,21873
407,6690858,6892450,201592,19883
408,6700724,6904511,203787,21925
409,6710592,6914576,203984,19930
410,6720459,6925817,205358,21104
411,6730325,6935839,205514,19887
412,6740194,6945901,205707,19927
413,6750062,6957655,207593,21620
414,6759931,6969705,209774,21913
415,6769799,6979784,209985,19945
416,6779668,6991825,212157,21903
417,6789533,7001840,212307,19881
418,6799402,7013865,214463,21883
419,6809263,7023924,214661,19925
420,6819132,7035986,216854,21926
421,6829000,7048038,219038,21917
422,6838868,7058024,219156,19845
423,6848731,7070104,221373,21945
424,6858599,7080134,221535,19895
425,6868468,7092186,223718,21915
426,6878335,7102204,223869,19881
427,6888202,7114260,226058,21919
428,6898068,7124265,226197,19870
429,6907936,7136346,228410,21945
430,6917803,7148410,230607,21929
431,6927672,7158409,230737,19861
432,6937538,7170421,232883,21994
433,6947523,7180490,232967,19975
434,6957433,7192571,235138,21946
435,6967301,7202592,235291,19885
436,6977167,7214619,237452,21890
437,6987033,7224642,237609,19886
438,6996899,7236640,239741,21861
439,7006766,7246509,239743,19733
440,7016634,7256451,239817,19804
441,7026500,7268454,241954,21868
442,7036368,7278527,242159,19937
443,7046235,7290600,244365,21938
444,7056104,7300651,244547,19914
445,7065970,7312706,246736,19918
446,7075838,7324671,248833,21828
447,7085704,7334747,249043,19942
448,7095572,7346732,251160,21844
449,7105434,7356775,251341,19909
450,7115302,7368740,253438,21828
451,7125169,7378769,253600,19892
452,7135036,7390775,255739,21877
453,7144910,7402756,257846,21845
454,7154776,7412790,258014,19893
455,7164638,7424864,260226,21938
456,7174505,7434824,260319,19825
457,7184373,7446817,262444,21856
458,7194239,7456836,262597,19883
459,7204107,7468859,264752,21907
460,7213994,7478896,264902,19908
461,7223869,7490969,267100,21843
462,7233655,7502967,269312,21759
463,7243419,7512995,269576,19783
464,7253177,7525011,271834,21874
465,7263037,7535042,272005,19888
466,7272913,7547086,274173,21904
467,7282776,7557150,274374,19924
468,7292640,7569159,276519,21868
469,7302502,7579128,276626,19835
470,7312370,7591186,278816,21918
471,7322233,7603194,280961,21869
472,7332098,7613226,281128,19892
473,7341960,7625237,283277,21871
474,7351824,7635266,283442,19889
475,7361686,7647328,285642,21922
476,7371550,7657406,285856,19931
477,7381407,7669425,288018,21879
478,7391270,7679498,288228,19932
479,7401132,7691529,290397,21892
480,7410996,7703548,292552,21875
481,7420855,7713626,292771,19932
482,7430712,7725654,294942,21888
483,7440576,7735698,295122,19904
484,7450438,7747752,297314,21914
485,7460302,7757742,297440,19842
486,7470158,7769782,299624,21901
487,7480021,7781835,301814,21912
488,7489884,7791808,301924,19832
489,7499747,7803822,304075,21874
490,7509609,7813881,304272,19914
491,7519466,7825916,306450,21891
492,7529326,7835965,306639,19909
493,7539189,7847975,308786,21869
494,7549052,7857970,308918,19855
495,7558916,7870013,311097,21901
496,7568778,7881992,313214,21838
497,7578640,7892060,313420,19922
498,7588497,7904078,315581,21877
499,7598359,7914054,315695,19836
500,7608223,7926051,317828,21856
501,7618085,7936086,318001,19892
502,7627945,7948121,320176,21893
503,7637806,7958159,320353,19898
504,7647669,7970209,322540,21909
505,7657531,7982250,324719,21901
506,7667395,7992252,324857,19858
507,7677255,8004265,327010,21876
508,7687120,8014333,327213,19927
509,7696982,8026362,329380,21890
510,7706845,8036372,329527,19872
511,7716710,8048378,331668,21864
512,7726570,8058441,331871,19916
513,7736427,8070477,334050,21894
514,7746287,8082499,336212,21881
515,7756150,8092517,336367,19876
516,7766012,8104571,338559,21915
517,7775875,8114607,338732,19891
518,7785733,8126661,340928,21915
519,7795597,8136717,341120,19914
520,7805459,8148683,343224,21832
521,7815329,8160686,345357,21867
522,7825197,8170644,345447,19823
523,7835065,8182674,347609,21889
524,7844927,8192705,347778,19895
525,7854794,8204737,349943,21896
526,7864661,8214742,350081,19874
527,7874533,8226748,352215,21871
528,7884401,8236756,352355,19871
529,7894268,8248764,354496,21872
530,7904136,8260803,356667,21903
531,7914002,8270817,356815,19879
532,7923871,8282817,358946,21864
533,7933737,8292848,359111,19896
534,7943606,8304915,361309,21931
535,7953472,8314956,361484,19906
536,7963339,8327006,363667,21914
537,7973206,8337059,363853,19918
538,7983074,8349142,366068,21947
539,7992941,8361220,368279,21942
540,8002808,8371259,368451,19903
541,8012676,8383284,370608,21888
542,8022542,8393359,370817,19940
543,8032410,8405386,372976,21890
544,8042277,8415461,373184,19938
545,8052143,8427432,375289,21835
546,8062010,8437452,375442,19887
547,8071880,8449465,377585,21877
548,8081747,8461457,379710,21855
549,8091613,8471496,379883,19902
550,8101480,8483512,382032,21882
551,8111349,8493542,382193,19893
552,8121215,8505607,384392,21931
553,8131084,8515682,384598,19939
554,8140951,8526718,385767,20899
555,8150818,8536755,385937,19901
556,8160686,8546834,386148,19943
557,8170552,8556869,386317,19900
558,8180420,8566854,386434,19848
559,8190286,8576882,386596,19891
560,8200152,8586961,386809,19943
561,8210019,8596981,386962,19884
562,8219887,8607016,387129,19898
563,8229753,8617045,387292,19895
564,8239621,8627073,387452,19892
565,8249488,8637091,387603,19883
566,8259357,8647062,387705,19835
567,8269224,8657082,387858,19885
568,8279092,8667097,388005,19879
569,8288958,8677176,388218,19939
570,8298822,8687220,388398,19910
571,8308690,8697255,388565,19900
572,8318557,8707334,388777,19945
573,8328426,8717345,388919,19874
574,8338291,8727366,389075,19885
575,8348157,8737373,389216,19871
576,8358024,8747335,389311,19827
577,8367892,8757370,389478,19894
578,8377754,8767436,389682,19930
579,8387622,8777491,389869,19918
580,8397488,8787496,390008,19871
581,8407356,8797533,390177,19901
582,8417224,8807586,390362,19918
583,8427092,8817636,390544,19914
584,8436959,8827706,390747,19934
585,8446826,8837749,390923,19908
586,8456695,8847790,391095,19903
587,8466560,8857801,391241,19877
588,8476428,8867861,391433,19924
589,8486295,8877889,391594,19891
590,8496161,8887879,391718,19854
591,8506028,8897910,391882,19893
592,8515892,8907930,392038,19877
593,8525752,8917976,392224,20927
594,8536636,8927982,391346,19863
595,8546496,8937971,391475,22124
596,8558634,8948011,389377,19900
597,8568497,8958155,389658,23917
598,8582273,8968167,385894,23906
599,8596170,8978197,382027,19900
600,8606043,8988188,382145,23893
601,8619948,8998192,378244,23893
602,8633839,9008250,374411,19929
603,8643714,9018272,374558,23917
604,8657612,9028248,370636,21840
605,8669479,9038266,368787,21894
606,8681359,9048297,366938,23922
607,8695252,9058347,363095,19918
608,8705124,9068354,363230,23903
609,8719024,9078389,359365,23903
610,8732895,9088406,355511,19887
611,8742768,9098454,355686,23913
612,8756637,9108520,351883,19938
613,8766512,9118575,352063,23920
614,8780387,9128567,348180,23868
615,8794266,9138596,344330,19899
616,8804139,9148567,344428,23846
617,8818018,9158631,340613,23943
618,8831900,9168637,336737,19879
619,8841776,9178664,336888,21921
620,8853673,9188700,335027,19900
621,8863551,9198697,335146,21888
622,8875446,9208752,333306,19923
623,8885318,9218821,333503,21931
624,8897182,9228852,331670,19902
625,8907055,9238914,331859,21929
626,8918924,9248901,329977,21892
627,8930833,9258894,328061,19862
628,8940706,9268976,328270,21968
629,8952596,9278988,326392,19880
630,8962467,9289017,326550,21921
631,8974363,9299035,324672,19886
632,8984234,9309061,324827,21889
633,8996100,9319093,322993,19900
634,9005971,9329170,323199,22014
635,9017914,9339164,321250,19870
636,9027793,9349172,321379,21884
637,9039672,9359185,319513,21905
638,9051567,9369225,317658,19914
639,9061444,9379279,317835,21960
640,9073354,9389283,315929,19873
641,9083226,9399314,316088,21924
642,9095123,9409372,314249,19926
643,9104994,9419446,314452,21964
644,9116886,9429452,312566,19873
645,9126757,9439482,312725,21922
646,9138652,9449493,310841,19877
647,9148522,9459531,311009,21929
648,9160416,9469577,309161,21936
649,9172308,9479555,307247,19848
650,9182181,9489606,307425,21915
651,9194049,9499663,305614,19927
652,9203921,9509687,305766,21893
653,9215793,9519700,303907,19880
654,9225663,9529745,304082,21936
655,9237557,9539764,302207,19890
656,9247430,9549842,302412,21996
657,9259352,9559833,300481,21863
658,9271227,9569912,298685,19960
659,9281111,9579949,298838,21925
660,9293002,9589978,296976,19897
661,9302873,9600023,297150,21912
662,9314742,9609986,295244,19833
663,9324615,9620016,295401,21920
664,9336509,9630007,293498,19855
665,9346376,9640010,293634,21891
666,9358267,9650013,291746,19868
667,9368136,9660050,291914,21924
668,9380026,9670039,290013,21877
669,9391916,9680102,288186,19927
670,9401782,9690172,288390,21960
671,9413675,9700242,286567,19939
672,9423548,9710268,286720,21902
673,9435427,9720256,284829,19852
674,9445294,9730263,284969,21901
675,9457191,9740313,283122,19937
676,9467082,9750307,283225,21883
677,9478974,9760347,281373,19908
678,9488845,9770393,281548,21922
679,9500723,9780434,279711,21930
680,9512615,9790507,277892,19941
681,9522487,9800496,278009,21883
682,9534384,9810538,276154,19912
683,9544257,9820529,276272,21876
684,9556145,9830539,274394,19869
685,9566007,9840601,274594,21941
686,9577890,9850572,272682,19841
687,9587762,9860577,272815,21886
688,9599646,9870563,270917,19854
689,9609518,9880555,271037,21959
690,9621489,9890596,269107,21914
691,9633365,9900608,267243,19884
692,9643241,9910617,267376,21891
693,9655126,9920657,265531,19908
694,9664996,9930671,265675,21893
695,9676879,9940688,263809,19882
696,9686746,9950729,263983,21919
697,9698628,9960741,262113,19884
698,9708503,9970778,262275,21924
699,9720393,9980799,260406,19890
700,9732274,9990814,258540,19882
701,9742144,10000879,258735,19928
702,9752011,10010896,258885,21904
703,9763902,10020927,257025,19894
704,9773768,10030888,257120,21842
705,9785652,10040880,255228,19852
706,9795515,10050939,255424,21940
707,9807399,10060966,253567,19885
708,9817260,10070994,253734,21893
709,9829128,10081004,251876,19875
710,9838996,10091027,252031,21911
711,9850886,10101104,250218,19940
712,9860753,10111086,250333,21869
713,9872642,10121110,248468,19883
714,9882505,10131174,248669,21922
715,9894367,10141255,246888,19942
716,9904231,10151297,247066,21901
717,9916094,10161369,245275,19932
718,9925956,10171403,245447,21919
719,9937843,10181394,243551,19854
720,9947710,10191427,243717,21904
721,9959584,10201484,241900,19915
722,9969446,10211537,242091,21936
723,9981332,10221550,240218,19873
724,9991195,10231540,240345,21858
725,10003067,10241578,238511,19943
726,10012975,10251536,238561,21843
727,10024864,10261564,236700,19888
728,10034726,10271601,236875,21922
729,10046615,10281649,235034,19910
730,10056479,10291675,235196,21912
731,10068367,10301728,233361,19914
732,10078230,10311760,233530,21909
733,10090111,10321795,231684,19896
734,10099975,10331811,231836,21878
735,10111840,10341889,230049,19937
736,10121703,10351893,230190,21889
737,10133591,10361892,228301,19859
738,10143455,10371908,228453,21899
739,10155341,10381940,226599,19892
740,10165203,10391945,226742,21888
741,10177090,10401986,224896,19902
742,10186954,10412014,225060,21888
743,10198817,10422921,224104,20768
744,10208681,10432986,224305,21614
745,10220239,10444835,224596,21745
746,10230139,10454884,224745,19924
747,10240018,10476180,236162,31160
748,10249886,10494225,244339,27910
749,10259755,10504296,244541,19932
750,10269623,10514331,244708,19914
751,10279506,10525322,245816,20853
752,10289371,10536293,246922,20835
753,10299239,10546282,247043,19852
754,10309106,10556209,247103,19789
755,10318973,10566115,247142,19770
756,10328840,10576047,247207,19796
757,10338706,10585882,247176,19700
758,10348574,10595786,247212,19767
759,10358441,10605692,247251,19770
760,10368309,10615625,247316,19797
761,10378175,10625531,247356,19770
762,10388043,10635509,247466,19840
763,10397909,10645417,247508,19772
764,10407776,10655404,247628,19863
765,10417654,10665239,247585,19700
766,10427523,10675159,247636,19744
767,10450885,10684801,233916,19501
768,10460749,10694370,233621,19458
769,10695072,10738835,43763,53304
770,10704644,10758741,54097,29947
771,10714714,10778584,63870,29575
772,10724453,10798364,73911,29607
773,10734286,10818064,83778,29441
774,10744034,10838100,94066,29910
775,10753953,10857947,103994,29590
776,10763701,10877677,113976,29536
777,10773512,10897427,123915,29535
778,10783300,10917026,133726,29322
779,10793027,10936757,143730,29469
780,10802771,10956560,153789,29556
781,10812527,10976193,163666,29582
782,10822485,10995717,173232,29309
783,10832274,11015086,182812,29172
784,10842081,11034460,192379,29206
785,10851917,11053893,201976,29186
786,10861673,11073397,211724,29286
787,10871460,11092862,221402,29194
788,10881193,11112292,231099,29203
789,10890972,11131636,240664,28998
790,10900630,11151047,250417,29180
791,10910404,11170508,260104,29152
792,10920100,11189884,269784,29117
793,10929845,11209320,279475,29187
794,10939601,11228685,289084,29167
795,10949407,11248140,298733,29148
796,10959105,11267587,308482,29217
797,10968879,11287096,318217,29190
798,10978566,11306441,327875,36297
799,10995526,11325892,330366,38803
800,11014885,11345318,330433,38837
801,11034303,11364761,330458,38825
802,11053691,11384120,330429,38857
803,11073197,11403495,330298,38817
804,11092645,11423009,330364,38912
805,11112048,11442497,330449,38898
806,11131466,11461906,330440,38787
807,11150850,11481262,330412,38799
808,11170301,11500687,330386,38806
809,11189689,11520080,330391,38802
810,11209105,11539590,330485,38889
811,11228491,11558948,330457,38798
812,11247937,11578327,330390,38818
813,11267384,11597783,330399,38862
814,11286797,11617176,330379,38838
815,11306249,11636684,330435,38884
816,11325631,11656078,330447,38865
817,11345109,11675548,330439,38908
818,11364553,11694924,330371,38757
819,11383942,11714294,330352,38738
820,11403330,11733822,330492,38943
821,11422752,11753161,330409,38828
822,11442248,11772691,330443,38920
823,11461646,11792049,330403,38768
824,11481062,11811548,330486,38878
825,11500447,11830852,330405,38745
826,11519895,11850261,330366,38832
827,11539326,11869692,330366,38797
828,11558700,11889012,330312,38732
829,11578119,11908537,330418,39016
830,11597617,11927949,330332,38824
831,11617037,11947361,330324,38843
832,11636476,11966745,330269,38820
833,11655919,11986217,330298,38859
834,11675313,12005706,330393,38855
835,11694686,12024974,330288,38684
836,11714110,12044505,330395,39037
837,11733622,12063972,330350,38833
838,11752996,12083501,330505,38992
839,11772466,12102977,330511,38886
840,11791884,12122413,330529,38846
841,11811302,12141870,330568,38806
842,11830659,12161282,330623,38799
843,11850053,12180698,330645,38824
844,11869467,12200271,330804,38988
845,11888887,12219886,330999,39044
846,11908323,12239455,331132,38980
847,11927742,12259083,331341,39044
848,11947166,12278572,331406,38894
849,11966579,12298108,331529,38945
850,11985994,12317518,331524,38868
851,12005458,12337150,331692,39046
852,12024879,12356582,331703,38809
853,12044263,12376158,331895,39044
854,12063737,12395555,331818,38894
855,12083242,12414978,331736,38873
856,12102698,12434405,331707,38915
857,12122191,12453838,331647,38888
858,12141653,12473240,331587,38806
859,12161065,12492674,331609,38868
860,12180505,12512149,331644,39036
861,12200074,12531553,331479,38962
862,12219639,12550847,331208,38915
863,12239268,12570297,331029,38957
864,12258781,12589675,330894,38970
865,12278380,12609174,330794,39013
866,12297901,12628533,330632,38846
867,12317395,12648087,330692,39074
868,12336923,12667454,330531,38856
869,12356420,12686970,330550,38996
870,12375907,12706293,330386,38754
871,12395346,12725709,330363,38829
872,12414765,12745178,330413,38959
873,12434263,12764751,330488,39018
874,12453714,12784126,330412,38746
875,12473093,12803540,330447,38770
876,12492457,12822854,330397,38793
877,12511944,12842371,330427,38924
878,12531359,12861837,330478,38785
879,12550686,12881147,330461,38689
880,12570073,12900662,330589,38899
881,12589463,12920095,330632,38924
882,12608961,12939465,330504,38787
883,12628385,12958899,330514,38869
884,12647828,12978321,330493,38837
885,12667249,12997763,330514,38874
886,12686687,13017125,330438,38782
887,12706115,13036563,330448,38847
888,12725530,13055958,330428,38849
889,12744991,13075426,330435,38983
890,12764513,13094840,330327,38811
891,12783916,13114304,330388,38828
892,12803288,13133668,330380,38803
893,12822733,13153061,330328,38785
894,12842132,13172500,330368,38876
895,12861577,13191928,330351,38837
896,12880994,13211336,330342,38845
897,12900439,13230792,330353,38862
898,12919852,13250178,330326,38800
899,12939273,13269624,330351,39033
900,12958865,13289183,330318,38841
901,12978153,13308567,330414,38759
902,12997535,13327950,330415,38776
903,13016936,13347361,330425,38816
904,13036348,13366809,330461,38882
905,13055790,13386143,330353,38705
906,13075168,13405572,330404,38837
907,13094584,13425079,330495,38965
908,13114050,13444587,330537,38962
909,13133512,13464019,330507,38823
910,13152911,13483460,330549,38858
911,13172335,13502923,330588,38843
912,13191723,13522301,330578,38782
913,13211148,13541738,330590,38815
914,13230533,13561135,330602,38804
915,13249947,13580579,330632,38943
916,13269454,13600003,330549,38889
917,13288926,13619349,330423,38728
918,13308313,13638924,330611,39011
919,13327766,13658272,330506,38709
920,13347148,13677669,330521,38814
921,13366571,13697051,330480,38788
922,13385985,13716414,330429,38768
923,13405398,13735730,330332,38834
924,13424922,13755304,330382,39027
925,13444379,13774686,330307,38861
926,13463866,13794201,330335,38896
927,13483254,13813562,330308,38769
928,13502681,13833016,330335,38914
929,13522147,13852289,330142,38650
930,13541530,13871711,330181,38808
931,13560921,13891082,330161,38781
932,13580338,13910456,330118,38839
933,13599809,13929882,330073,38869
934,13619258,13949362,330104,38861
935,13638646,13968722,330076,38769
936,13658063,13988181,330118,38827
937,13677437,14007485,330048,38716
938,13696855,14026886,330031,38812
939,13716272,14046266,329994,38735
940,13735633,14065739,330106,38881
941,13755048,14085171,330123,38843
942,13774465,14104647,330182,38941
943,13793937,14124000,330063,38755
944,13813346,14143432,330086,38838
945,13832760,14162916,330156,38857
946,13852141,14182357,330216,38813
947,13871521,14201763,330242,38797
948,13890920,14221163,330243,38779
949,13910307,14240614,330307,38835
950,13929699,14260044,330345,38869
951,13949146,14279457,330311,38789
952,13968529,14298952,330423,38926
953,13987966,14318346,330380,38760
954,14007340,14337742,330402,38744
955,14026696,14357180,330484,38852
956,14046117,14376635,330518,38889
957,14065559,14395929,330370,38707
958,14084980,14415323,330343,38862
959,14104454,14434754,330300,38777
960,14123808,14454165,330357,38823
961,14143226,14473606,330380,38902
962,14162693,14492928,330235,38763
963,14182142,14512428,330286,38905
964,14201554,14531907,330353,38877
965,14220959,14551319,330360,38851
966,14240405,14570698,330293,38810
967,14259843,14590005,330162,38748
968,14279290,14609456,330166,38831
969,14298675,14628834,330159,38789
970,14318094,14648333,330239,38938
971,14337541,14667844,330303,38953
972,14356991,14687241,330250,38772
973,14376372,14706694,330322,38798
974,14395725,14726106,330381,38811
975,14415130,14745468,330338,38774
976,14434549,14764820,330271,38748
977,14453952,14784359,330407,38975
978,14473395,14803744,330349,38767
979,14492785,14823186,330401,38875
980,14512226,14842648,330422,38898
981,14531670,14861997,330327,38777
982,14551106,14881455,330349,38839
983,14570493,14900829,330336,38750
984,14589876,14920176,330300,38751
985,14609286,14939618,330332,38871
986,14628723,14958620,329897,38402
987,14648130,14977900,329770,38770
988,14667627,14997147,329520,38667
989,14687053,15016377,329324,38655
990,14706486,15035679,329193,38685
991,14725877,15054919,329042,38597
992,14745241,15074193,328952,38657
993,14764632,15093393,328761,38654
994,14784092,15112568,328476,38612
995,14803536,15131685,328149,38472
996,14822914,15150776,327862,38589
997,14842420,15169859,327439,38437
998,14861781,15188943,327162,38490
999,14881194,15207885,326691,38354
1000,14900614,15226727,326113,38188
