step,start,end,latency,execution
1,0,48682,48682,62613
2,14051,68453,54402,30050
3,24370,88453,64083,29851
4,34245,108396,74151,29868
5,44179,128355,84176,29792
6,54035,148296,94261,29748
7,63850,168289,104439,29835
8,73699,187878,114179,29451
9,83567,207511,123944,29496
10,93436,227104,133668,29452
11,103300,246715,143415,29471
12,113165,266343,153178,29481
13,123024,285955,162931,29470
14,132887,305418,172531,29326
15,142756,324811,182055,29250
16,152618,344224,191606,29273
17,162484,363654,201170,29202
18,172262,383037,210775,29144
19,182028,402452,220424,29078
20,191697,421869,230172,29157
21,201443,441282,239839,29035
22,211070,460670,249600,29080
23,220768,480060,259292,29048
24,230431,499475,269044,29157
25,240178,518887,278709,29075
26,249847,538302,288455,29138
27,259576,557683,298107,29049
28,269250,577077,307827,29112
29,278973,596467,317494,29033
30,288622,616628,328006,36663
31,305146,636112,330966,38907
32,324577,655545,330968,38813
33,343965,674922,330957,38797
34,363393,694573,331180,39030
35,382779,714215,331436,39048
36,402193,733865,331672,39057
37,421608,753609,332001,39122
38,440994,773262,332268,39062
39,460411,792664,332253,38786
40,479803,812140,332337,38880
41,499215,831529,332314,38794
42,518628,850911,332283,38790
43,538044,870329,332285,38798
44,557432,889715,332283,38764
45,576818,909103,332285,38770
46,596208,928494,332286,39584
47,616410,947881,331471,38823
48,635854,967341,331487,38885
49,655287,986724,331437,38757
50,674669,1006115,331446,39036
51,694322,1025553,331231,39072
52,713963,1044948,330985,39033
53,733609,1064321,330712,39120
54,753364,1083745,330381,39022
55,772970,1103064,330094,38743
56,792402,1122460,330058,38865
57,811878,1141954,330076,38878
58,831270,1161366,330096,38791
59,850657,1180757,330100,38796
60,870070,1200338,330268,38959
61,889456,1220028,330572,39068
62,908843,1239494,330651,38851
63,928235,1258883,330648,38767
64,947621,1278236,330615,38805
65,967081,1297888,330807,39027
66,986464,1317526,331062,39018
67,1005852,1337139,331287,39048
68,1025295,1356756,331461,39001
69,1044686,1376383,331697,39053
70,1064126,1395749,331623,38716
71,1083483,1415113,331630,38687
72,1102814,1434522,331708,38782
73,1122195,1453912,331717,38879
74,1141692,1473295,331603,38760
75,1161077,1492634,331557,38750
76,1180496,1512061,331565,39067
77,1200150,1531479,331329,39045
78,1219785,1550826,331041,38793
79,1239239,1570221,330982,38771
80,1258623,1589637,331014,38762
81,1277983,1609051,331068,39054
82,1297631,1628443,330812,39029
83,1317276,1647779,330503,38939
84,1336887,1667145,330258,38978
85,1356507,1686552,330045,39021
86,1376129,1706062,329933,38866
87,1395493,1725433,329940,38716
88,1414846,1744802,329956,38777
89,1434262,1764199,329937,38775
90,1453648,1783616,329968,38768
91,1473007,1803262,330255,39012
92,1492381,1822782,330401,38933
93,1511802,1842248,330446,38874
94,1531218,1861681,330463,38784
95,1550577,1881231,330654,38928
96,1569963,1900870,330907,39039
97,1589371,1920490,331119,39035
98,1608794,1940127,331333,39018
99,1628183,1959762,331579,38971
100,1647527,1979417,331890,39030
101,1666911,1998790,331879,38746
102,1686292,2018174,331882,38886
103,1705802,2037590,331788,38779
104,1725173,2057033,331860,38808
105,1744546,2076409,331863,38766
106,1763944,2095791,331847,38788
107,1783358,2115149,331791,39068
108,1803081,2134529,331448,38841
109,1822550,2153963,331413,38867
110,1841990,2173346,331356,38819
111,1861434,2192722,331288,38930
112,1880995,2212109,331114,39000
113,1900616,2231527,330911,39040
114,1920246,2250970,330724,39062
115,1939873,2270360,330487,39028
116,1959519,2289740,330221,39009
117,1979155,2309130,329975,38756
118,1998529,2328652,330123,38885
119,2017915,2348113,330198,38868
120,2037330,2367502,330172,38825
121,2056774,2386826,330052,38700
122,2076157,2406410,330253,38964
123,2095545,2425898,330353,38849
124,2114914,2445396,330482,38849
125,2134273,2464856,330583,38880
126,2153701,2484376,330675,38869
127,2173057,2503854,330797,38879
128,2192466,2523351,330885,38869
129,2211846,2542844,330998,38907
130,2231267,2562344,331077,38938
131,2250711,2581892,331181,38927
132,2270098,2601296,331198,38780
133,2289482,2620697,331215,38782
134,2308870,2640084,331214,38899
135,2328390,2659472,331082,38844
136,2347854,2678857,331003,38767
137,2367243,2698246,331003,38710
138,2386571,2717633,331062,39023
139,2406216,2737072,330856,38883
140,2425668,2756493,330825,38850
141,2445105,2776010,330905,38998
142,2464594,2795423,330829,38932
143,2484121,2814790,330669,38839
144,2503601,2834195,330594,38885
145,2523089,2853609,330520,38902
146,2542584,2872997,330413,38882
147,2562086,2892412,330326,38952
148,2581631,2911847,330216,38814
149,2601017,2931278,330261,38842
150,2620436,2950679,330243,38784
151,2639826,2970162,330336,38862
152,2659213,2989645,330432,38859
153,2678597,3009240,330643,38976
154,2697986,3028793,330807,38938
155,2717379,3048366,330987,38999
156,2736812,3067837,331025,38884
157,2756232,3087396,331164,39060
158,2775772,3106901,331129,38910
159,2795185,3126396,331211,38848
160,2814546,3145914,331368,38897
161,2833933,3165432,331499,38930
162,2853353,3184831,331478,38776
163,2872738,3204184,331446,38760
164,2892153,3223611,331458,38851
165,2911585,3243022,331437,38838
166,2931020,3262387,331367,38752
167,2950415,3281770,331355,38865
168,2969905,3301162,331257,38866
169,2989387,3320587,331200,39001
170,3008985,3339941,330956,38905
171,3028544,3359339,330795,38953
172,3048106,3378734,330628,38857
173,3067576,3398156,330580,38974
174,3087136,3417570,330434,38910
175,3106640,3436955,330315,38873
176,3126136,3456336,330200,38885
177,3145646,3475689,330043,38891
178,3165191,3495079,329888,38773
179,3184581,3514501,329920,38767
180,3203932,3533882,329950,38791
181,3223349,3553236,329887,38760
182,3242763,3572603,329840,38722
183,3262125,3592029,329904,38804
184,3281511,3611715,330204,39051
185,3300884,3631303,330419,39025
186,3320329,3650754,330425,38804
187,3339690,3670186,330496,38831
188,3359096,3689677,330581,38862
189,3378475,3709189,330714,38925
190,3397896,3728691,330795,38901
191,3417303,3748222,330919,38919
192,3436698,3767741,331043,38900
193,3456086,3787129,331043,38731
194,3475437,3806481,331044,38727
195,3494818,3825909,331091,38835
196,3514233,3845324,331091,38799
197,3533624,3864778,331154,38776
198,3552954,3884196,331242,38822
199,3572366,3903584,331218,38786
200,3591771,3922970,331199,39109
201,3611503,3942382,330879,38969
202,3631068,3961890,330822,38927
203,3650495,3981222,330727,38754
204,3669924,4000636,330712,38918
205,3689436,4020062,330626,38882
206,3708900,4039524,330624,38985
207,3728431,4058952,330521,38956
208,3747967,4078361,330394,38927
209,3767492,4097747,330255,38745
210,3786859,4117153,330294,38758
211,3806219,4136573,330354,38844
212,3825651,4156063,330412,38860
213,3845028,4175504,330476,38926
214,3864521,4194901,330380,38804
215,3883936,4214560,330624,39038
216,3903323,4234039,330716,38857
217,3922709,4253541,330832,38908
218,3942123,4272974,330851,38954
219,3961652,4292632,330980,38939
220,3980941,4312304,331363,39096
221,4000373,4331970,331597,39092
222,4019806,4351642,331836,39123
223,4039265,4371321,332056,39100
224,4058694,4390724,332030,38804
225,4078101,4410137,332036,38794
226,4097490,4429516,332026,38758
227,4116876,4448913,332037,38822
228,4136309,4468301,331992,38874
229,4155803,4487718,331915,38854
230,4175248,4507120,331872,38782
231,4194636,4526497,331861,38948
232,4214215,4545887,331672,38969
233,4233802,4565299,331497,38903
234,4253301,4584667,331366,38784
235,4272724,4604107,331383,39088
236,4292380,4623496,331116,39053
237,4312051,4642881,330830,39048
238,4331721,4662269,330548,39049
239,4351390,4681684,330294,39080
240,4371062,4701047,329985,38761
241,4390468,4720385,329917,38741
242,4409878,4739829,329951,38824
243,4429266,4759345,330079,38897
244,4448655,4778761,330106,38795
245,4468042,4798146,330104,38793
246,4487458,4818216,330758,39455
247,4506851,4837675,330824,38836
248,4526235,4857164,330929,38870
249,4545624,4876540,330916,38739
250,4565007,4896235,331228,39095
251,4584415,4915902,331487,39093
252,4603848,4935618,331770,39096
253,4623236,4955310,332074,39072
254,4642623,4975388,332765,39451
255,4662009,4995028,333019,39049
256,4681426,5014696,333270,39020
257,4700787,5034340,333553,38983
258,4720134,5054264,334130,39350
259,4739567,5076313,336746,41558
260,4759085,5096165,337080,39256
261,4778498,5115833,337335,39048
262,4797885,5135405,337520,39674
263,4817993,5154984,336991,39007
264,4837427,5174601,337174,39073
265,4856889,5193924,337035,38735
266,4876307,5213250,336943,38999
267,4895986,5232573,336587,38984
268,4915652,5251842,336190,38980
269,4935369,5271120,335751,40562
270,4956662,5290404,333742,37772
271,4975156,5309682,334526,38881
272,4994766,5328932,334166,38924
273,5014447,5348208,333761,38913
274,5034090,5367486,333396,39350
275,5054191,5386482,332291,38932
276,5387583,5442370,54787,64381
277,5397181,5452457,55276,20082
278,5407201,5463290,56089,20801
279,5417177,5473375,56198,19879
280,5426979,5484186,57207,20684
281,5436856,5494271,57415,19944
282,5446720,5505087,58367,20676
283,5456584,5515171,58587,19945
284,5466449,5525981,59532,20671
285,5476313,5536063,59750,19943
286,5486178,5546876,60698,20673
287,5496042,5556959,60917,19938
288,5505902,5567778,61876,20675
289,5515761,5577862,62101,19944
290,5525626,5588675,63049,20673
291,5535489,5598759,63270,19945
292,5545355,5609576,64221,20676
293,5555217,5619658,64441,19941
294,5565081,5630473,65392,20690
295,5574960,5640555,65595,19941
296,5584824,5651368,66544,20673
297,5594689,5661452,66763,19943
298,5604552,5672260,67708,20669
299,5614417,5682344,67927,19942
300,5624280,5693160,68880,20677
301,5634145,5703242,69097,19941
302,5644009,5714053,70044,20672
303,5653874,5724136,70262,19941
304,5663737,5734948,71211,20673
305,5673602,5745030,71428,19940
306,5683465,5756297,72832,21128
307,5693330,5766380,73050,19942
308,5703194,5777687,74493,21166
309,5713057,5787783,74726,19944
310,5722922,5798582,75660,20658
311,5732804,5808664,75860,19944
312,5742670,5819479,76809,20675
313,5752534,5829563,77029,19943
314,5762399,5840371,77972,20667
315,5772263,5850455,78192,19943
316,5782128,5861276,79148,20684
317,5791995,5871365,79370,19949
318,5801860,5882165,80305,20659
319,5811724,5892248,80524,19942
320,5821588,5903062,81474,20664
321,5831442,5913146,81704,19940
322,5841304,5923962,82658,20674
323,5851165,5934046,82881,19942
324,5861029,5944855,83826,20670
325,5870894,5954939,84045,19942
326,5880758,5965752,84994,20672
327,5890621,5975835,85214,19941
328,5900484,5986648,86164,20675
329,5910349,5996731,86382,19941
330,5920212,6007546,87334,20677
331,5930077,6017639,87562,19947
332,5939941,6028509,88568,20730
333,5949805,6038593,88788,19943
334,5959668,6049400,89732,20668
335,5969533,6059484,89951,19938
336,5979392,6070317,90925,20695
337,5989257,6080400,91143,19938
338,5999117,6091657,92540,21135
339,6008999,6101741,92742,19947
340,6018868,6113061,94193,21181
341,6028732,6123145,94413,19944
342,6038598,6133967,95369,20682
343,6048462,6144051,95589,19943
344,6058327,6154846,96519,20655
345,6068190,6164928,96738,19943
346,6078055,6175751,97696,20678
347,6087914,6185836,97922,19945
348,6097779,6196639,98860,20663
349,6107642,6206723,99081,19944
350,6117507,6217535,100028,20672
351,6127370,6227618,100248,19943
352,6137236,6238444,101208,20684
353,6147098,6248527,101429,19941
354,6156962,6259357,102395,20687
355,6166822,6269441,102619,19943
356,6176686,6280253,103567,20673
357,6186551,6290337,103786,19943
358,6196414,6301150,104736,20675
359,6206279,6311233,104954,19941
360,6216142,6322044,105902,20670
361,6226004,6332127,106123,19941
362,6235868,6342942,107074,20667
363,6245725,6353025,107300,19941
364,6255588,6363846,108258,20682
365,6265452,6373930,108478,19942
366,6275315,6384743,109428,20675
367,6285180,6394828,109648,19942
368,6295043,6405630,110587,20662
369,6304906,6415712,110806,19940
370,6314769,6426950,112181,21097
371,6324633,6437033,112400,19942
372,6334498,6448380,113882,21203
373,6344357,6458463,114106,19944
374,6354222,6469264,115042,20660
375,6364086,6479346,115260,19942
376,6373950,6490159,116209,20672
377,6383814,6500242,116428,19942
378,6393678,6511058,117380,20676
379,6403541,6521142,117601,19945
380,6413406,6531961,118555,20679
381,6423269,6542045,118776,19944
382,6433134,6552850,119716,20658
383,6442991,6562934,119943,19941
384,6452853,6573747,120894,20673
385,6462717,6583830,121113,19941
386,6472581,6594643,122062,20669
387,6482442,6604726,122284,19940
388,6492305,6615560,123255,20692
389,6502166,6625646,123480,19944
390,6512030,6636504,124474,20719
391,6521895,6646589,124694,19943
392,6531758,6657392,125634,20664
393,6541623,6667474,125851,19940
394,6551486,6678287,126801,20673
395,6561350,6688370,127020,19941
396,6571214,6699183,127969,20673
397,6581077,6709267,128190,19944
398,6590942,6720080,129138,20673
399,6600805,6730164,129359,19965
400,6610694,6740978,130284,20674
401,6620558,6751063,130505,19946
402,6630423,6762281,131858,21076
403,6640284,6772363,132079,19943
404,6650150,6783657,133507,21153
405,6660013,6793746,133733,19949
406,6669878,6804607,134729,20720
407,6679741,6814706,134965,19959
408,6689606,6825504,135898,20657
409,6699469,6835587,136118,19942
410,6709334,6846400,137066,20672
411,6719197,6856482,137285,19940
412,6729060,6867316,138256,20694
413,6738925,6877401,138476,19940
414,6748785,6888201,139416,20765
415,6758754,6898286,139532,19938
416,6768613,6909099,140486,20674
417,6778478,6919183,140705,19942
418,6788341,6930000,141659,20678
419,6798206,6940083,141877,19940
420,6808068,6950891,142823,20670
421,6817933,6960986,143053,19954
422,6827797,6971800,144003,20673
423,6837661,6981886,144225,19944
424,6847525,6992689,145164,20663
425,6857389,7002774,145385,19943
426,6867253,7013584,146331,20670
427,6877117,7023666,146549,19940
428,6886980,7034479,147499,20672
429,6896844,7044562,147718,19942
430,6906709,7055381,148672,20678
431,6916572,7065470,148898,19949
432,6926437,7076296,149859,20685
433,6936300,7086380,150080,19945
434,6946165,7097515,151350,20995
435,6956029,7107598,151569,19943
436,6965894,7118946,153052,21209
437,6975758,7129043,153285,19957
438,6985623,7139923,154300,20739
439,6995486,7150010,154524,19947
440,7005351,7160821,155470,20671
441,7015215,7170905,155690,19943
442,7025078,7181716,156638,20670
443,7034941,7191798,156857,19935
444,7044799,7202606,157807,20671
445,7054667,7212688,158021,19943
446,7064533,7223554,159021,20720
447,7074392,7233638,159246,19943
448,7084255,7244452,160197,20675
449,7094120,7254536,160416,19942
450,7103983,7265353,161370,20677
451,7113848,7275435,161587,19940
452,7123711,7286249,162538,20674
453,7133576,7296331,162755,19941
454,7143439,7307141,163702,20671
455,7153305,7317225,163920,19935
456,7163162,7328043,164881,20677
457,7173025,7338127,165102,19945
458,7182890,7348941,166051,20674
459,7192753,7359024,166271,19944
460,7202618,7369835,167217,20687
461,7212499,7379931,167432,19944
462,7222364,7390738,168374,20665
463,7232226,7400821,168595,19938
464,7242087,7411630,169543,20663
465,7251945,7421715,169770,19941
466,7261819,7432858,171039,21004
467,7271683,7442942,171259,19942
468,7281546,7454274,172728,21191
469,7291410,7464357,172947,19941
470,7301273,7475254,173981,20757
471,7311137,7485338,174201,19942
472,7321000,7496165,175165,20688
473,7330865,7506249,175384,19941
474,7340728,7517062,176334,20670
475,7350589,7527146,176557,19943
476,7360453,7537955,177502,20670
477,7370317,7548038,177721,19937
478,7380176,7558850,178674,20672
479,7390040,7568932,178892,19939
480,7399903,7579773,179870,20701
481,7409767,7589856,180089,19937
482,7419625,7600644,181019,20648
483,7429490,7610728,181238,19942
484,7439353,7621549,182196,20680
485,7449217,7631631,182414,19940
486,7459080,7642443,183363,20672
487,7468943,7652525,183582,19941
488,7478808,7663336,184528,20670
489,7488671,7673420,184749,19943
490,7498536,7684237,185701,20675
491,7508397,7694321,185924,19937
492,7518256,7705133,186877,20670
493,7528119,7715216,187097,19942
494,7537983,7726025,188042,20669
495,7547847,7736108,188261,19942
496,7557711,7746922,189211,20674
497,7567575,7757005,189430,19942
498,7577440,7767836,190396,20690
499,7587303,7777920,190617,19943
500,7597167,7788727,191560,20667
501,7607031,7798811,191780,19938
502,7616891,7809624,192733,20674
503,7626755,7819706,192951,19939
504,7636617,7830553,193936,20709
505,7646482,7840636,194154,19936
506,7656341,7851453,195112,20677
507,7666204,7861537,195333,19942
508,7676067,7872351,196284,20676
509,7685932,7882435,196503,19942
510,7695796,7893254,197458,20679
511,7705661,7903336,197675,19940
512,7715524,7914141,198617,20665
513,7725388,7924224,198836,19941
514,7735252,7935042,199790,20679
515,7745116,7945126,200010,19942
516,7754979,7955943,200964,20672
517,7764839,7966026,201187,19943
518,7774703,7976843,202140,20676
519,7784566,7986927,202361,19944
520,7794431,7997750,203319,20682
521,7804293,8007835,203542,19945
522,7814160,8018634,204474,20660
523,7824024,8028718,204694,19937
524,7833883,8039532,205649,20668
525,7843740,8049616,205876,19947
526,7853609,8060430,206821,20672
527,7863471,8070514,207043,19944
528,7873336,8081325,207989,20670
529,7883198,8091408,208210,19941
530,7893061,8102220,209159,20673
531,7902925,8112303,209378,19941
532,7912788,8123115,210327,20672
533,7922652,8133202,210550,19944
534,7932513,8144019,211506,20676
535,7942377,8154106,211729,19945
536,7952240,8164926,212686,20679
537,7962102,8175010,212908,19943
538,7971966,8185805,213839,20655
539,7981830,8195888,214058,19941
540,7991693,8206700,215007,20673
541,8001557,8216783,215226,19946
542,8011426,8227555,216129,20633
543,8021290,8237622,216332,19923
544,8031151,8248060,216909,20290
545,8041007,8258098,217091,19896
546,8050871,8268174,217303,19934
547,8060732,8278244,217512,19932
548,8070597,8288316,217719,19932
549,8080460,8298285,217825,19829
550,8090324,8308278,217954,19852
551,8100186,8318302,218116,19884
552,8110048,8328298,218250,19857
553,8119911,8338307,218396,19862
554,8129767,8348369,218602,19922
555,8139630,8358406,218776,19899
556,8149495,8368442,218947,19895
557,8159356,8378514,219158,19934
558,8169220,8388555,219335,19894
559,8179077,8398572,219495,19875
560,8188939,8408618,219679,19906
561,8198803,8418678,219875,19915
562,8208662,8428736,220074,19917
563,8218526,8438789,220263,19912
564,8228388,8448811,220423,19882
565,8238252,8458892,220640,19940
566,8248114,8468924,220810,19893
567,8257978,8478964,220986,19900
568,8267840,8489002,221162,19897
569,8277702,8499075,221373,19932
570,8287564,8509082,221518,19868
571,8297428,8519132,221704,19909
572,8307290,8529090,221800,19819
573,8317154,8539148,221994,19917
574,8327016,8549209,222193,19914
575,8336872,8559266,222394,19917
576,8346736,8569350,222614,19942
577,8356598,8579429,222831,19940
578,8366462,8589513,223051,19942
579,8376324,8599566,223242,19914
580,8386188,8609577,223389,19870
581,8396050,8619634,223584,19917
582,8405914,8629671,223757,19897
583,8415777,8639662,223885,19851
584,8425640,8649694,224054,19892
585,8435503,8659732,224229,19899
586,8445368,8669749,224381,19875
587,8455230,8679781,224551,19891
588,8465093,8689865,224772,19944
589,8474956,8699911,224955,19906
590,8484818,8709952,225134,19903
591,8494682,8719988,225306,19895
592,8504545,8730052,225507,19924
593,8514408,8740076,225668,19882
594,8524270,8750116,225846,19900
595,8534133,8760147,226014,19890
596,8543996,8770215,226219,19928
597,8553859,8780248,226389,19892
598,8563722,8790307,226585,19927
599,8573594,8800314,226720,19866
600,8583457,8810397,226940,19944
601,8593321,8820355,227034,19816
602,8603183,8830382,227199,19883
603,8613042,8840387,227345,19864
604,8622906,8850416,227510,19888
605,8632768,8860454,227686,19896
606,8642629,8870471,227842,19876
607,8652491,8880490,227999,19880
608,8662355,8890556,228201,19925
609,8672217,8900596,228379,19900
610,8682081,8910630,228549,19892
611,8691943,8920651,228708,19879
612,8701805,8930734,228929,19941
613,8711667,8940831,229164,19945
614,8721531,8950842,229311,19869
615,8731393,8960895,229502,20018
616,8741362,8970887,229525,19850
617,8751224,8980928,229704,19901
618,8761086,8990964,229878,19894
619,8770948,9000987,230039,19879
620,8780808,9011044,230236,19918
621,8790678,9021099,230421,19913
622,8800541,9031154,230613,19912
623,8810403,9041154,230751,19859
624,8820265,9051157,230892,19859
625,8830125,9061221,231096,19958
626,8840022,9071281,231259,19914
627,8849879,9081331,231452,19909
628,8859741,9091335,231594,19863
629,8869604,9101375,231771,19899
630,8879466,9111410,231944,19895
631,8889329,9121456,232127,19905
632,8899191,9131492,232301,19895
633,8909054,9141551,232497,19919
634,8918917,9151589,232672,19897
635,8928779,9161587,232808,19859
636,8938643,9171579,232936,19852
637,8948506,9181637,233131,19918
638,8958370,9191673,233303,19895
639,8968232,9201698,233466,19887
640,8978098,9211771,233673,19932
641,8987960,9221830,233870,19920
642,8997824,9231861,234037,19891
643,9007686,9241917,234231,19917
644,9017551,9251926,234375,19869
645,9027413,9261970,234557,19905
646,9037278,9271987,234709,19876
647,9047141,9281995,234854,19864
648,9057001,9292076,235075,19941
649,9066865,9302073,235208,19856
650,9076727,9312154,235427,19941
651,9086591,9322202,235611,19905
652,9096451,9332177,235726,19830
653,9106309,9342205,235896,19887
654,9116171,9352270,236099,19926
655,9126035,9362322,236287,19912
656,9135897,9372343,236446,19881
657,9145761,9382395,236634,19911
658,9155623,9392423,236800,19888
659,9165487,9402472,236985,19904
660,9175345,9412492,237147,19881
661,9185208,9422525,237317,19892
662,9195071,9432538,237467,19868
663,9204930,9442591,237661,19913
664,9214794,9452671,237877,19939
665,9224656,9462691,238035,19880
666,9234519,9472747,238228,19915
667,9244382,9482803,238421,19915
668,9254243,9492881,238638,19935
669,9264103,9502914,238811,19893
670,9273967,9512948,238981,19887
671,9283824,9522995,239171,19907
672,9293688,9533049,239361,19912
673,9303550,9543106,239556,19917
674,9313413,9553117,239704,19869
675,9323274,9563198,239924,19941
676,9333137,9573276,240139,19937
677,9343000,9583347,240347,19929
678,9352862,9593368,240506,19875
679,9362720,9603392,240672,19882
680,9372582,9613433,240851,19901
681,9382446,9623470,241024,19893
682,9392308,9633529,241221,19919
683,9402171,9643514,241343,19843
684,9412032,9653598,241566,19946
685,9421896,9663669,241773,19931
686,9431758,9673702,241944,19894
687,9441622,9683724,242102,19881
688,9451484,9693789,242305,19927
689,9461348,9703843,242495,19914
690,9471210,9713833,242623,19849
691,9481073,9723910,242837,19937
692,9490936,9733971,243035,19920
693,9500798,9744051,243253,19935
694,9510655,9754125,243470,19933
695,9520518,9764160,243642,19895
696,9530381,9774180,243799,19879
697,9540244,9784176,243932,19850
698,9550101,9794221,244120,19903
699,9559963,9804266,244303,19905
700,9569827,9814300,244473,19892
701,9579689,9824291,244602,19846
702,9589547,9834357,244810,19926
703,9599409,9844388,244979,19892
704,9609273,9854425,245152,19893
705,9619133,9864476,245343,19909
706,9628993,9874497,245504,19883
707,9638858,9884546,245688,19908
708,9648720,9894574,245854,19889
709,9658584,9904614,246030,19899
710,9668446,9914633,246187,19874
711,9678304,9924683,246379,19909
712,9688166,9934702,246536,19880
713,9698030,9944780,246750,19937
714,9707892,9954851,246959,19929
715,9717754,9964932,247178,19939
716,9727616,9974915,247299,19843
717,9737480,9984996,247516,19940
718,9747341,9995055,247714,19923
719,9757207,10005138,247931,19942
720,9767069,10015153,248084,19874
721,9776932,10025186,248254,19890
722,9786791,10035253,248462,19926
723,9796654,10045293,248639,19900
724,9806517,10055300,248783,19866
725,9816379,10065341,248962,19902
726,9826243,10075380,249137,19898
727,9836105,10085420,249315,19901
728,9845969,10095447,249478,19886
729,9855832,10105530,249698,19943
730,9865695,10115555,249860,19884
731,9875557,10125595,250038,19900
732,9885421,10135611,250190,19874
733,9895281,10145596,250315,19845
734,9905145,10155644,250499,19907
735,9915007,10165611,250604,19826
736,9924870,10175636,250766,19883
737,9934731,10185623,250892,19846
738,9944593,10195659,251066,19896
739,9954457,10205735,251278,19935
740,9964319,10215781,251462,19906
741,9974183,10225815,251632,19892
742,9984045,10235875,251830,19917
743,9993905,10245930,252025,19914
744,10003767,10255958,252191,19882
745,10013624,10266036,252412,19934
746,10023483,10276030,252547,19854
747,10033346,10286052,252706,19881
748,10043209,10296094,252885,19901
749,10053071,10306129,253058,19895
750,10062935,10316197,253262,19927
751,10072797,10326253,253456,19916
752,10082660,10336268,253608,19874
753,10092523,10346309,253786,19899
754,10102384,10356350,253966,19900
755,10112247,10366379,254132,19890
756,10122111,10376458,254347,19938
757,10131973,10386476,254503,19879
758,10141837,10396480,254643,19857
759,10151693,10406545,254852,19927
760,10161558,10416560,255002,19868
761,10171414,10426616,255202,19919
762,10181279,10436690,255411,19933
763,10191141,10446697,255556,19864
764,10201004,10456757,255753,19920
765,10210867,10466838,255971,19941
766,10220756,10476892,256136,19913
767,10230620,10486908,256288,19875
768,10240483,10496947,256464,19897
769,10250345,10506980,256635,19892
770,10260207,10517056,256849,19936
771,10270071,10527116,257045,19920
772,10279933,10537144,257211,19886
773,10289795,10547021,257226,19737
774,10299657,10556901,257244,19740
775,10309520,10566700,257180,19656
776,10319386,10576588,257202,19749
777,10329250,10586394,257144,19665
778,10339113,10596267,257154,19731
779,10348975,10606060,257085,19654
780,10358839,10615950,257111,19745
781,10368697,10625790,257093,19702
782,10378562,10635679,257117,19748
783,10388424,10645467,257043,19649
784,10398288,10655286,256998,19679
785,10408151,10665066,256915,19634
786,10418009,10674839,256830,19629
787,10427869,10684473,256604,19525
788,10437834,10694110,256276,19504
789,10447706,10703657,255951,19462
790,10704347,10748147,43800,53345
791,10713931,10767886,53955,29621
792,10723824,10787651,63827,29666
793,10733735,10807285,73550,29468
794,10743575,10827185,83610,29792
795,10753473,10847051,93578,29622
796,10763235,10866731,103496,29444
797,10773005,10886312,113307,29342
798,10782772,10905944,123172,29339
799,10792484,10925612,133128,29389
800,10802211,10945293,143082,29418
801,10811953,10964930,152977,29593
802,10821932,10984678,162746,29592
803,10831782,11004210,172428,29255
804,10841511,11023491,181980,29060
805,10851295,11042833,191538,29081
806,10861040,11062377,201337,29235
807,10870737,11081780,211043,29111
808,10880450,11100981,220531,28865
809,10890119,11120408,230289,29143
810,10899840,11139772,239932,29027
811,10909508,11159192,249684,29128
812,10919222,11178441,259219,28882
813,10928860,11197743,268883,29103
814,10938667,11217023,278356,28941
815,10948334,11236413,288079,29199
816,10958149,11255711,297562,29028
817,10967884,11275115,307231,29159
818,10977645,11294425,316780,28989
819,10987329,11313881,326552,36104
820,11003985,11333243,329258,38677
821,11023308,11352556,329248,38635
822,11042637,11371958,329321,38880
823,11062123,11391379,329256,38803
824,11081513,11410728,329215,38650
825,11100821,11430015,329194,38614
826,11120156,11449250,329094,38658
827,11139587,11468573,328986,38684
828,11158955,11487974,329019,38670
829,11178232,11507348,329116,38663
830,11197528,11526634,329106,38580
831,11216828,11546014,329186,38740
832,11236195,11565392,329197,38722
833,11255546,11584755,329209,38735
834,11274926,11604087,329161,38647
835,11294249,11623462,329213,38802
836,11313683,11642779,329096,38653
837,11333026,11662006,328980,38585
838,11352391,11681279,328888,38618
839,11371743,11700622,328879,38739
840,11391147,11719966,328819,38665
841,11410476,11739319,328843,38622
842,11429753,11758677,328924,38688
843,11449090,11777950,328860,38596
844,11468420,11797259,328839,38634
845,11487753,11816631,328878,38722
846,11507111,11836035,328924,38732
847,11526446,11855386,328940,38700
848,11545803,11874568,328765,38544
849,11565172,11893939,328767,38681
850,11584490,11913280,328790,38706
851,11603863,11932648,328785,38720
852,11623223,11952057,328834,38706
853,11642528,11971303,328775,38482
854,11661771,11990669,328898,38695
855,11681107,12010025,328918,38681
856,11700439,12029325,328886,38656
857,11719802,12048692,328890,38727
858,11739169,12068078,328909,38653
859,11758444,12087327,328883,38570
860,11777772,12106725,328953,38722
861,11797104,12125903,328799,38528
862,11816461,12145231,328770,38698
863,11835837,12164567,328730,38657
864,11855165,12183881,328716,38557
865,11874415,12203204,328789,38598
866,11893698,12222599,328901,38779
867,11913090,12241938,328848,38692
868,11932451,12261288,328837,38735
869,11951843,12280666,328823,38710
870,11971182,12300030,328848,38681
871,11990507,12319323,328816,38640
872,12009861,12338588,328727,38548
873,12029152,12357862,328710,38586
874,12048472,12377189,328717,38686
875,12067839,12396611,328772,38758
876,12087183,12415929,328746,38620
877,12106492,12435307,328815,38626
878,12125748,12454679,328931,38634
879,12145018,12473913,328895,38563
880,12164355,12493217,328862,38655
881,12183713,12512533,328820,38675
882,12203080,12531959,328879,38739
883,12222401,12551351,328950,38673
884,12241688,12570650,328962,38644
885,12261039,12589974,328935,38686
886,12280408,12609260,328852,38664
887,12299793,12628670,328877,38707
888,12319098,12648036,328938,38643
889,12338383,12667363,328980,38612
890,12357676,12686631,328955,38595
891,12377011,12705944,328933,38673
892,12396378,12725244,328866,38650
893,12415736,12744768,329032,38840
894,12435059,12764170,329111,38756
895,12454421,12783558,329137,38725
896,12473766,12802859,329093,38596
897,12493068,12822194,329126,38672
898,12512413,12841462,329049,38594
899,12531746,12860855,329109,38738
900,12551099,12880246,329147,38682
901,12570398,12899542,329144,38624
902,12589733,12918820,329087,38614
903,12609077,12938159,329082,38691
904,12628437,12957442,329005,38622
905,12647784,12976722,328938,38632
906,12667144,12996125,328981,38699
907,12686448,13015519,329071,38665
908,12705726,13034813,329087,38670
909,12725111,13053981,328870,38586
910,12744537,13073350,328813,38831
911,12764006,13092764,328758,38735
912,12783335,13112090,328755,38590
913,12802607,13131484,328877,38715
914,12821936,13150685,328749,38554
915,12841297,13170347,329050,39027
916,12860669,13189749,329080,38723
917,12879997,13209035,329038,38590
918,12899319,13228403,329084,38678
919,12918635,13247743,329108,38667
920,12937969,13267046,329077,38588
921,12957262,13286265,329003,38550
922,12976601,13305593,328992,38651
923,12995932,13324905,328973,38640
924,13015267,13344261,328994,38648
925,13034567,13363617,329050,38652
926,13053871,13382971,329100,38624
927,13073148,13402292,329144,38691
928,13092526,13421678,329152,38760
929,13111920,13441008,329088,38683
930,13131280,13460292,329012,38555
931,13150559,13479603,329044,38888
932,13170144,13498966,328822,38780
933,13189569,13518259,328690,38612
934,13208896,13537548,328652,38626
935,13228239,13556962,328723,38675
936,13247507,13576470,328963,38777
937,13266784,13595858,329074,38664
938,13286068,13615115,329047,38580
939,13305399,13634556,329157,38752
940,13324717,13653905,329188,38684
941,13344059,13673171,329112,38590
942,13363390,13692586,329196,38769
943,13382752,13711924,329172,38698
944,13402120,13731257,329137,38647
945,13421442,13750610,329168,38682
946,13440778,13769907,329129,38609
947,13460097,13789201,329104,38617
948,13479428,13808525,329097,38640
949,13498752,13827837,329085,38582
950,13518029,13847277,329248,38748
951,13537345,13866574,329229,38761
952,13556816,13886044,329228,38919
953,13576272,13905236,328964,38541
954,13595629,13924619,328990,38713
955,13614966,13943923,328957,38695
956,13634364,13963580,329216,38986
957,13653700,13983034,329334,38794
958,13673048,14002496,329448,38812
959,13692406,14021875,329469,38674
960,13711709,14041381,329672,38863
961,13731073,14060828,329755,38709
962,13750343,14080208,329865,38730
963,13769701,14099678,329977,38770
964,13789009,14119170,330161,38821
965,13808346,14138609,330263,38765
966,13827680,14157939,330259,38676
967,13847034,14177354,330320,38813
968,13866440,14196787,330347,38780
969,13885795,14216030,330235,38540
970,13905099,14235429,330330,38724
971,13924432,14254631,330199,38532
972,13943770,14273949,330179,38910
973,13963370,14293262,329892,38754
974,13982819,14312703,329884,38848
975,14002234,14332015,329781,38756
976,14021686,14351342,329656,38745
977,14041111,14370659,329548,38796
978,14060598,14390004,329406,38766
979,14080026,14409353,329327,38792
980,14099476,14428592,329116,38702
981,14118947,14447911,328964,38734
982,14138370,14467190,328820,38694
983,14157793,14486592,328799,38816
984,14177214,14505914,328700,38646
985,14196546,14525111,328565,38531
986,14215888,14544172,328284,38381
987,14235217,14563311,328094,38380
988,14254466,14582286,327820,38280
989,14273779,14601276,327497,38316
990,14293112,14620332,327220,38397
991,14312459,14639443,326984,38465
992,14331820,14658467,326647,38351
993,14351154,14677570,326416,38386
994,14370443,14696527,326084,38303
995,14389796,14715609,325813,38412
996,14409134,14734495,325361,38169
997,14428425,14753529,325104,38327
998,14447726,14772493,324767,38250
999,14467019,14791520,324501,38350
1000,14486349,14810414,324065,38212
