step,start,end,latency,execution
1,0,58062,58062,72334
2,14413,87404,72991,39403
3,24487,116757,92270,39097
4,34237,146120,111883,38988
5,43868,175414,131546,39167
6,53747,204408,150661,38791
7,63550,233293,169743,38580
8,73250,261949,188699,38363
9,82976,290636,207660,38451
10,92746,319301,226555,38344
11,102431,347867,245436,38279
12,112149,376517,264368,38411
13,121919,405132,283213,38286
14,131599,433848,302249,38513
15,141401,462519,321118,38357
16,151092,491198,340106,38370
17,160788,519819,359031,38360
18,170533,548424,377891,38202
19,180136,577904,397768,38941
20,189616,606599,416983,38404
21,199345,635279,435934,38278
22,208949,663872,454923,38067
23,218429,692524,474095,43491
24,233276,721305,488029,57443
25,261946,750237,488291,57600
26,290622,778975,488353,57374
27,319266,807583,488317,57198
28,347863,836256,488393,57305
29,376502,864862,488360,57213
30,405117,893630,488513,57460
31,433817,922345,488528,57401
32,462511,951057,488546,57362
33,491168,979657,488489,57236
34,519812,1008311,488499,57246
35,548412,1036921,488509,58078
36,577888,1065498,487610,57279
37,606598,1094163,487565,57308
38,635249,1122769,487520,57217
39,663868,1151386,487518,57235
40,692494,1180884,488390,58299
41,721303,1209573,488270,57567
42,750202,1238207,488005,57388
43,778964,1266862,487898,57263
44,807580,1295566,487986,57389
45,836273,1324280,488007,57282
46,864849,1352865,488016,57356
47,893628,1381489,487861,57328
48,922339,1410109,487770,57320
49,951047,1438948,487901,57427
50,979643,1467652,488009,57320
51,1008280,1496271,487991,57258
52,1036927,1524887,487960,57171
53,1065489,1553494,488005,57267
54,1094156,1582171,488015,57270
55,1122756,1610808,488052,57250
56,1151377,1639464,488087,58140
57,1180869,1668094,487225,57293
58,1209540,1696700,487160,57213
59,1238168,1725396,487228,57374
60,1266854,1754052,487198,57353
61,1295559,1783579,488020,58202
62,1324241,1812461,488220,57488
63,1352855,1841143,488288,57298
64,1381479,1869800,488321,57267
65,1410097,1898476,488379,57504
66,1438933,1927190,488257,57412
67,1467639,1956576,488937,57995
68,1496256,1985332,489076,57342
69,1524850,2014031,489181,57331
70,1553490,2042666,489176,57271
71,1582134,2071324,489190,57310
72,1610794,2099926,489132,57244
73,1639457,2128521,489064,57210
74,1668080,2157125,489045,57204
75,1696688,2185792,489104,57357
76,1725386,2214420,489034,57270
77,1754036,2243098,489062,58182
78,1783548,2271707,488159,57477
79,1812424,2300338,487914,57334
80,1841135,2328961,487826,57292
81,1869811,2357692,487881,57358
82,1898445,2386697,488252,57704
83,1927153,2415497,488344,58222
84,1956584,2444150,487566,57405
85,1985344,2472725,487381,57219
86,2013996,2501337,487341,57263
87,2042655,2530007,487352,57315
88,2071308,2558639,487331,57222
89,2099906,2587299,487393,57281
90,2128535,2615910,487375,57182
91,2157114,2644525,487411,57263
92,2185784,2673126,487342,57216
93,2214407,2701837,487430,57359
94,2243063,2730679,487616,57482
95,2271712,2759441,487729,57367
96,2300325,2788043,487718,57182
97,2328926,2816637,487711,57274
98,2357613,2845256,487643,57812
99,2386814,2873866,487052,57270
100,2415482,2902630,487148,57390
101,2444116,2931468,487352,57437
102,2472723,2960246,487523,57372
103,2501325,2989185,487860,57582
104,2529976,3017919,487943,57355
105,2558605,3046547,487942,57276
106,2587261,3075138,487877,57216
107,2615893,3103763,487870,57237
108,2644513,3132362,487849,57193
109,2673115,3160937,487822,57293
110,2701840,3189564,487724,57457
111,2730677,3218191,487514,57368
112,2759425,3246832,487407,57216
113,2788008,3275498,487490,57251
114,2816601,3304117,487516,57263
115,2845252,3332672,487420,57151
116,2873855,3361304,487449,57340
117,2902571,3389938,487367,57510
118,2931455,3418570,487115,57358
119,2960202,3447280,487078,57677
120,2989177,3475901,486724,57356
121,3017920,3504515,486595,57224
122,3046538,3533141,486603,57223
123,3075143,3561919,486776,57381
124,3103752,3590834,487082,57509
125,3132354,3619566,487212,57299
126,3160929,3648172,487243,57193
127,3189524,3676777,487253,57268
128,3218194,3705374,487180,57218
129,3246836,3734035,487199,57294
130,3275489,3762647,487158,57200
131,3304085,3791296,487211,57226
132,3332669,3819879,487210,57199
133,3361292,3848673,487381,57412
134,3389918,3877276,487358,57235
135,3418558,3905932,487374,57360
136,3447270,3934744,487474,57422
137,3475888,3963401,487513,57296
138,3504534,3992031,487497,57217
139,3533128,4020638,487510,57338
140,3561867,4049197,487330,57507
141,3590823,4077874,487051,57371
142,3619525,4106513,486988,57264
143,3648158,4135107,486949,57189
144,3676761,4163846,487085,57320
145,3705350,4192735,487385,57533
146,3734003,4221373,487370,57265
147,3762637,4250022,487385,57288
148,3791283,4278665,487382,57233
149,3819881,4307315,487434,57404
150,3848643,4335905,487262,57191
151,3877265,4364527,487262,57276
152,3905927,4393116,487189,57367
153,3934712,4421749,487037,57292
154,3963392,4450375,486983,57247
155,3992020,4479014,486994,57239
156,4020628,4507661,487033,57204
157,4049192,4536302,487110,57294
158,4077887,4564912,487025,57238
159,4106523,4593530,487007,57196
160,4135109,4622294,487185,57460
161,4163813,4650936,487123,57555
162,4192747,4679581,486834,57233
163,4221342,4708211,486869,57266
164,4249985,4737108,487123,57558
165,4278654,4766029,487375,57556
166,4307297,4794957,487660,57527
167,4335905,4824106,488201,57733
168,4364496,4852771,488275,57261
169,4393100,4881671,488571,57541
170,4421749,4910610,488861,57525
171,4450343,4939606,489263,57645
172,4479000,4968579,489579,57618
173,4507653,4997177,489524,57204
174,4536267,5025809,489542,57266
175,4564909,5055261,490352,58035
176,4593500,5088649,495149,62143
177,4622278,5123156,500878,63158
178,4650938,5152317,501379,57802
179,4679586,5181497,501911,57800
180,4708214,5210653,502439,57999
181,4737064,5239784,502720,58019
182,4765959,5268972,503013,58165
183,4794943,5298105,503162,58095
184,4823920,5327238,503318,58002
185,4852796,5356395,503599,58028
186,4881674,5386045,504371,58566
187,4910598,5415141,504543,58084
188,4939594,5444272,504678,58074
189,4968545,5473384,504839,57693
190,4997134,5502487,505353,57732
191,5025771,5531568,505797,58504
192,5055218,5560435,505217,62257
193,5606653,5685533,78880,89733
194,5617548,5695426,77878,19799
195,5627461,5713802,86341,31805
196,5640895,5723690,82795,23841
197,5654855,5744026,89171,34281
198,5668804,5753914,85110,22609
199,5681534,5774146,92612,30183
200,5691489,5784036,92547,19758
201,5701363,5804377,103014,30263
202,5711288,5814265,102977,19799
203,5721203,5834686,113483,30267
204,5731051,5844575,113524,19854
205,5741021,5864920,123899,30256
206,5750936,5874808,123872,19737
207,5760790,5895014,134224,30131
208,5770718,5904903,134185,19804
209,5780637,5925206,144569,30131
210,5790469,5935094,144625,19829
211,5800415,5955231,154816,30038
212,5810320,5965216,154896,19855
213,5820194,5985438,165244,30161
214,5830144,5995327,165183,19803
215,5840063,6015642,175579,30173
216,5849924,6025532,175608,19790
217,5859830,6045789,185959,30172
218,5869749,6055677,185928,19769
219,5879654,6076069,196415,30307
220,5889572,6085957,196385,19793
221,5899482,6106379,206897,30304
222,5909368,6116268,206900,19781
223,5919265,6136620,217355,30262
224,5929179,6146508,217329,19751
225,5939046,6166873,227827,30271
226,5948956,6176762,227806,19796
227,5958868,6196998,238130,30205
228,5968842,6206886,238044,19796
229,5978756,6227120,248364,30134
230,5988659,6237009,248350,19767
231,5998542,6257197,258655,30070
232,6008427,6267085,258658,19788
233,6018333,6287438,269105,30250
234,6028233,6297328,269095,19772
235,6038120,6317714,279594,30302
236,6048040,6327603,279563,19789
237,6057945,6348038,290093,30353
238,6067867,6357925,290058,19799
239,6077784,6378193,300409,30224
240,6087744,6388082,300338,19793
241,6097653,6408292,310639,30121
242,6107568,6418179,310611,19790
243,6117476,6438410,320934,30143
244,6127391,6448299,320908,19795
245,6137301,6468387,331086,30002
246,6147218,6478274,331056,19787
247,6157122,6498417,341295,30045
248,6167027,6508306,341279,19796
249,6176939,6528616,351677,30131
250,6186764,6538504,351740,19801
251,6196682,6558653,361971,30056
252,6206593,6568579,361986,19730
253,6216401,6588657,372256,30797
254,6227129,6598547,371418,19816
255,6237061,6618694,381633,40279
256,6257200,6628583,371383,19788
257,6267105,6648746,381641,40515
258,6287462,6658634,371172,19794
259,6297373,6679059,381686,40805
260,6317758,6688950,371192,19796
261,6327669,6709377,381708,40759
262,6348006,6719267,371261,19792
263,6357914,6739591,381677,40605
264,6378200,6749480,371280,19844
265,6388160,6769808,381648,40452
266,6408289,6779696,371407,19881
267,6418287,6799906,381619,40338
268,6438420,6809796,371376,19807
269,6448343,6830080,381737,40321
270,6468385,6839969,371584,19815
271,6478316,6860253,381937,40397
272,6498435,6870141,371706,19802
273,6508355,6890400,382045,40536
274,6528638,6900290,371652,19879
275,6538633,6920306,381673,40028
276,6558649,6930194,371545,19817
277,6568585,6950392,381807,40280
278,6588672,6960281,371609,19815
279,6598604,6980294,381690,40101
280,6618697,6990182,371485,19810
281,6628625,7010340,381715,40282
282,6648755,7020230,371475,19879
283,6658750,7040396,381646,40451
284,6679041,7050284,371243,19800
285,6688959,7070306,381347,40416
286,6709358,7080195,370837,19802
287,6719277,7100354,381077,40470
288,6739593,7110242,370649,19803
289,6749514,7130431,380917,40477
290,6769807,7140320,370513,19845
291,6779768,7160524,380756,40337
292,6799907,7170443,370536,19832
293,6809825,7190627,380802,40404
294,6830054,7200521,370467,19793
295,6839959,7220803,380844,40571
296,6860254,7230692,370438,19878
297,6870249,7251003,380754,40481
298,6890424,7260892,370468,19812
299,6900352,7281290,380938,40359
300,6920318,7291178,370860,19779
301,6930215,7311545,381330,40544
302,6950398,7321435,371037,19814
303,6960327,7341839,381512,40383
304,6980312,7351726,371414,19804
305,6990236,7372104,381868,40483
306,7010347,7381992,371645,19804
307,7020269,7402216,381947,40350
308,7040401,7412107,371706,19795
309,7050323,7432250,381927,40142
310,7070328,7442156,371828,19846
311,7080291,7462331,382040,40232
312,7100375,7472219,371844,19815
313,7110308,7492166,381858,40070
314,7130437,7502054,371617,19814
315,7140369,7522042,381673,40132
316,7160518,7531931,371413,19846
317,7170482,7551978,381496,40194
318,7190635,7561866,371231,19830
319,7200583,7581981,381398,40348
320,7220821,7591868,371047,19809
321,7230748,7611997,381249,40385
322,7251009,7621884,370875,19799
323,7260926,7641993,381067,40463
324,7281285,7651881,370596,19854
325,7291256,7671987,380731,40397
326,7311552,7681877,370325,19804
327,7321471,7702004,380533,40497
328,7341847,7711892,370045,19793
329,7351757,7732065,380308,40528
330,7372118,7741953,369835,19899
331,7382135,7762061,379926,40207
332,7402240,7771962,369722,19859
333,7412203,7792161,379958,40232
334,7432242,7802050,369808,19795
335,7442153,7822096,379943,40214
336,7462326,7831985,369659,19816
337,7472259,7852159,379900,40083
338,7492173,7862047,369874,19782
339,7502072,7882336,380264,40292
340,7522081,7892225,370144,19816
341,7532013,7912407,380394,40167
342,7552003,7922299,370296,19813
343,7561930,7942536,380606,40301
344,7581999,7952425,370426,19831
345,7591947,7972622,380675,40265
346,7612021,7982510,370489,19810
347,7621949,8002592,380643,40120
348,7641993,8012482,370489,19811
349,7651920,8032631,380711,40233
350,7672010,8042518,370508,19805
351,7681933,8062588,380655,40137
352,7702006,8072477,370471,19874
353,7711996,8092628,380632,40260
354,7732110,8102515,370405,19812
355,7742040,8122642,380602,40157
356,7762075,8132531,370456,19817
357,7772009,8152600,380591,40213
358,7792158,8162488,370330,19887
359,7802163,8182711,380548,40156
360,7822102,8192600,370498,19812
361,7832030,8212636,380606,40183
362,7852182,8222524,370342,19879
363,7862178,8242562,380384,40226
364,7882372,8252451,370079,19805
365,7892294,8272472,380178,40143
366,7912422,8282360,369938,19812
367,7922351,8302519,380168,40332
368,7942528,8312408,369880,19789
369,7952432,8332542,380110,40316
370,7972620,8342430,369810,19810
371,7982548,8362459,379911,40083
372,8002608,8372393,369785,19852
373,8012532,8392332,379800,40033
374,8032632,8402222,369590,19811
375,8042559,8422131,379572,39938
376,8062594,8432021,369427,19785
377,8072495,8452162,379667,40273
378,8092632,8462050,369418,19801
379,8102551,8482567,380016,40604
380,8122644,8492456,369812,19841
381,8132601,8512597,379996,40163
382,8152628,8522485,369857,19803
383,8162548,8542897,380349,40565
384,8182707,8552787,370080,19794
385,8192617,8573138,380521,40367
386,8212638,8583026,370388,19800
387,8222568,8603076,380508,40050
388,8242573,8612966,370393,19792
389,8252481,8633069,380588,40102
390,8272485,8642957,370472,19878
391,8282480,8663104,380624,40185
392,8302523,8672997,370474,19846
393,8312482,8693185,380703,40234
394,8332534,8703075,370541,19796
395,8342445,8723344,380899,40302
396,8362484,8733234,370750,19803
397,8372403,8753427,381024,40119
398,8392335,8763315,370980,19818
399,8402271,8783441,381170,39980
400,8422131,8793330,371199,19820
401,8432067,8813472,381405,40233
402,8452163,8823360,371197,19789
403,8462070,8843478,381408,40576
404,8482533,8853367,370834,19801
405,8492450,8873477,381027,40274
406,8512619,8883366,370747,19794
407,8522529,8903423,380894,40403
408,8542880,8913312,370432,19801
409,8552798,8933432,380634,40452
410,8573136,8943320,370184,19791
411,8583045,8963471,380426,40199
412,8603098,8973375,370277,19822
413,8613022,8993507,380485,40173
414,8633070,9003399,370329,19811
415,8642994,9023416,380422,40120
416,8663103,9033306,370203,19814
417,8673033,9053257,380224,40104
418,8693191,9063145,369954,19814
419,8703122,9083187,380065,40266
420,8723352,9093076,369724,19812
421,8733281,9113284,380003,40341
422,8753420,9123171,369751,19862
423,8763400,9143332,379932,40219
424,8783464,9153222,369758,19816
425,8793396,9173335,379939,40180
426,8813468,9183223,369755,19794
427,8823379,9203226,379847,40102
428,8843484,9213116,369632,19816
429,8853416,9233129,379713,40073
430,8873481,9243017,369536,19804
431,8883404,9263245,379841,40259
432,8903440,9273135,369695,19809
433,8913365,9293280,379915,40205
434,8933430,9303168,369738,19792
435,8943340,9323389,380049,40355
436,8963479,9333278,369799,19826
437,8973423,9353506,380083,40321
438,8993521,9363394,369873,19809
439,9003448,9383388,379940,39981
440,9023441,9393277,369836,19807
441,9033364,9413452,380088,40060
442,9053254,9423340,370086,19861
443,9063232,9443429,380197,40047
444,9083196,9453318,370122,19811
445,9093124,9473363,380239,40198
446,9113283,9483251,369968,19810
447,9123211,9503400,380189,40273
448,9143341,9513289,369948,19815
449,9153273,9533352,380079,40151
450,9173367,9543240,369873,19857
451,9183341,9563304,379963,39966
452,9203249,9573205,369956,19832
453,9213186,9593462,380276,40193
454,9233128,9603354,370226,19818
455,9243059,9623334,380275,40172
456,9263258,9633223,369965,19816
457,9273190,9653269,380079,40124
458,9293273,9663157,369884,19866
459,9303257,9683264,380007,40242
460,9323398,9693154,369756,19805
461,9333319,9713407,380088,40443
462,9353515,9723297,369782,19856
463,9363486,9743503,380017,40117
464,9383403,9753408,370005,19805
465,9393321,9773582,380261,40289
466,9413454,9783472,370018,19857
467,9423427,9803576,380149,40137
468,9443465,9813465,370000,19816
469,9453397,9833716,380319,40213
470,9473364,9843604,370240,19855
471,9483337,9863756,380419,40230
472,9503421,9873646,370225,19825
473,9513362,9893740,380378,40088
474,9533361,9903628,370267,19859
475,9543337,9923848,380511,40205
476,9563328,9933740,370412,19808
477,9573252,9953866,380614,40342
478,9593474,9963754,370280,19853
479,9603444,9983876,380432,40004
480,9623331,9993765,370434,19816
481,9633264,10013963,380699,40185
482,9653256,10023850,370594,19797
483,9663171,10044096,380925,40355
484,9683286,10053984,370698,19797
485,9693201,10074107,380906,40288
486,9713372,10083996,370624,19805
487,9723293,10104053,380760,40269
488,9743510,10113941,370431,19805
489,9753446,10134128,380682,40308
490,9773573,10144017,370444,19801
491,9783491,10164212,380721,40275
492,9803576,10174131,370555,19846
493,9813509,10194311,380802,40391
494,9833727,10204203,370476,19810
495,9843650,10224289,380639,40183
496,9863753,10234177,370424,19815
497,9873686,10254150,380464,40011
498,9893731,10264039,370308,19815
499,9903663,10284139,380476,40282
500,9923850,10294027,370177,19795
501,9933775,10314160,380385,40226
502,9953873,10324049,370176,19814
503,9963804,10344240,380436,40264
504,9983883,10354128,370245,19806
505,9993807,10374194,380387,40221
506,10013967,10384084,370117,19811
507,10023894,10404186,380292,40303
508,10044101,10414074,369973,19888
509,10054107,10434142,380035,40061
510,10074105,10444031,369926,19794
511,10084016,10464161,380145,40175
512,10104066,10474049,369983,19801
513,10113984,10494079,380095,40181
514,10134140,10503968,369828,19785
515,10144056,10524051,379995,40230
516,10164209,10533939,369730,19799
517,10174127,10553892,379765,40144
518,10194324,10563780,369456,19838
519,10204280,10583889,379609,40124
520,10224300,10593779,369479,19815
521,10234231,10613802,379571,39955
522,10254169,10623690,369521,19838
523,10264125,10643878,379753,40211
524,10284154,10653770,369616,19806
525,10294074,10674171,380097,40486
526,10314165,10684083,369918,19811
527,10324083,10704607,380524,40669
528,10344236,10714497,370261,19817
529,10354168,10734761,380593,40322
530,10374230,10744649,370419,19812
531,10384159,10764896,380737,40285
532,10404202,10774815,370613,19913
533,10414201,10795035,380834,40149
534,10434139,10804926,370787,19793
535,10444046,10825116,381070,40293
536,10464154,10835003,370849,19793
537,10474065,10855088,381023,40109
538,10494095,10864976,370881,19815
539,10504027,10885334,381307,40367
540,10524041,10895222,371181,19796
541,10533954,10915395,381441,40106
542,10553891,10925284,371393,19847
543,10563854,10945427,381573,40186
544,10583901,10955314,371413,19811
545,10593830,10975333,381503,39984
546,10613800,10985083,371283,19718
547,10623773,11004924,381151,39961
548,10643897,11014644,370747,19647
549,10653894,11034402,380508,40061
550,10674203,11043907,369704,19434
551,11044859,11119299,74440,83967
552,11054422,11129189,74767,19956
553,11064497,11139495,74998,20146
554,11074342,11150429,76087,20895
555,11084308,11160316,76008,19824
556,11094253,11170779,76526,20382
557,11104176,11181360,77184,20540
558,11114139,11191246,77107,19801
559,11124057,11201784,77727,20454
560,11133976,11212190,78214,20309
561,11143883,11222076,78193,19798
562,11153798,11232641,78843,20480
563,11163716,11242985,79269,20253
564,11173630,11252872,79242,19786
565,11183532,11263447,79915,20481
566,11193441,11273765,80324,20225
567,11203351,11283651,80300,19794
568,11213262,11294233,80971,20490
569,11223173,11304543,81370,20218
570,11233084,11314429,81345,19801
571,11243002,11325014,82012,20500
572,11252919,11335311,82392,20197
573,11262822,11345198,82376,19802
574,11272740,11355782,83042,20492
575,11282652,11366080,83428,20209
576,11292567,11375967,83400,19803
577,11302487,11386550,84063,20493
578,11312401,11396853,84452,20209
579,11322310,11406739,84429,19804
580,11332231,11417325,85094,20489
581,11342136,11427618,85482,20208
582,11352056,11437515,85459,19806
583,11361969,11448106,86137,20497
584,11371878,11458391,86513,20199
585,11381795,11468278,86483,19801
586,11391712,11478863,87151,20499
587,11401629,11489161,87532,20205
588,11411539,11499047,87508,19796
589,11421452,11509636,88184,20496
590,11431363,11519925,88562,20194
591,11441272,11529811,88539,19854
592,11451244,11540399,89155,20502
593,11461162,11550693,89531,20203
594,11471074,11560581,89507,19791
595,11480981,11571167,90186,20495
596,11490893,11581464,90571,20207
597,11500806,11591351,90545,19857
598,11510780,11601943,91163,20505
599,11520697,11612234,91537,20205
600,11530614,11622120,91506,19791
601,11540522,11632709,92187,20494
602,11550430,11642996,92566,20200
603,11560347,11652883,92536,19794
604,11570257,11663559,93302,20592
605,11580176,11673870,93694,20260
606,11590132,11683766,93634,19794
607,11600034,11694362,94328,20498
608,11609940,11704646,94706,20200
609,11619859,11714534,94675,19805
610,11629779,11725128,95349,20508
611,11639696,11735412,95716,20205
612,11649620,11745299,95679,19812
613,11659552,11755889,96337,20507
614,11669473,11766173,96700,20193
615,11679386,11776060,96674,19800
616,11689303,11786648,97345,20499
617,11699218,11796940,97722,20192
618,11709136,11806830,97694,19805
619,11719055,11817419,98364,20501
620,11728990,11827707,98717,20204
621,11738909,11837594,98685,19801
622,11748826,11848182,99356,20502
623,11758744,11858473,99729,20201
624,11768657,11868361,99704,19802
625,11778575,11878951,100376,20506
626,11788493,11889243,100750,20203
627,11798408,11899129,100721,19830
628,11808356,11909716,101360,20502
629,11818274,11920017,101743,20219
630,11828197,11929905,101708,19800
631,11838112,11940344,102232,20355
632,11848032,11951016,102984,20587
633,11857950,11960904,102954,19802
634,11867867,11971248,103381,20257
635,11877783,11982099,104316,20761
636,11887697,11991986,104289,19794
637,11897607,12002442,104835,20371
638,11907525,12013038,105513,20512
639,11917444,12022924,105480,19854
640,11927415,12033459,106044,20447
641,11937331,12043877,106546,20327
642,11947243,12053764,106521,19801
643,11957160,12064331,107171,20535
644,11967131,12074674,107543,20242
645,11977034,12084561,107527,19787
646,11986938,12095140,108202,20486
647,11996849,12105454,108605,20285
648,12006823,12115339,108516,19789
649,12016729,12125924,109195,20558
650,12026706,12136226,109520,20211
651,12036619,12146112,109493,19796
652,12046532,12156699,110167,20484
653,12056433,12166996,110563,20203
654,12066344,12176883,110539,19799
655,12076259,12187471,111212,20564
656,12086239,12197764,111525,20205
657,12096154,12207650,111496,19801
658,12106072,12218238,112166,20500
659,12115988,12228528,112540,20202
660,12125904,12238414,112510,19841
661,12135862,12249000,113138,20503
662,12145782,12259376,113594,20284
663,12155694,12269293,113599,19825
664,12165612,12279898,114286,20510
665,12175521,12290167,114646,20176
666,12185431,12300056,114625,19796
667,12195342,12310652,115310,20510
668,12205259,12320926,115667,20189
669,12215178,12330812,115634,19807
670,12225103,12341406,116303,20508
671,12235021,12351689,116668,20199
672,12244941,12361577,116636,19793
673,12254849,12372169,117320,20529
674,12264790,12382455,117665,20219
675,12274728,12392343,117615,19806
676,12284650,12402932,118282,20563
677,12294627,12413222,118595,20206
678,12304547,12423107,118560,19842
679,12314507,12433690,119183,20496
680,12324423,12443999,119576,20207
681,12334326,12453885,119559,19796
682,12344239,12464472,120233,20498
683,12354152,12474768,120616,20213
684,12364072,12484655,120583,19796
685,12373983,12495242,121259,20500
686,12383899,12505536,121637,20200
687,12393808,12515422,121614,19786
688,12403712,12526011,122299,20500
689,12413627,12536305,122678,20203
690,12423540,12546191,122651,19801
691,12433459,12556780,123321,20503
692,12443377,12567067,123690,20206
693,12453299,12576954,123655,19801
694,12463216,12587540,124324,20493
695,12473127,12597839,124712,20214
696,12483045,12607725,124680,19820
697,12492982,12618314,125332,20502
698,12502898,12628602,125704,20200
699,12512813,12638487,125674,19800
700,12522731,12649073,126342,20512
701,12532661,12659375,126714,20217
702,12542579,12669262,126683,19796
703,12552492,12679851,127359,20493
704,12562400,12690143,127743,20233
705,12572344,12700030,127686,19800
706,12582260,12710624,128364,20544
707,12592214,12720912,128698,20202
708,12602132,12730798,128666,19798
709,12612047,12741388,129341,20498
710,12621957,12751671,129714,20192
711,12631869,12761558,129689,19805
712,12641791,12772146,130355,20545
713,12651751,12782442,130691,20204
714,12661662,12792330,130668,19849
715,12671626,12802919,131293,20498
716,12681537,12813212,131675,20252
717,12691501,12823099,131598,19802
718,12701419,12833532,132113,20387
719,12711376,12844176,132800,20552
720,12721287,12854062,132775,19854
721,12731258,12864543,133285,20396
722,12741176,12875325,134149,20687
723,12751087,12885216,134129,19806
724,12761007,12895680,134673,20376
725,12770923,12906259,135336,20493
726,12780841,12916149,135308,19861
727,12790816,12926685,135869,20455
728,12800738,12937090,136352,20321
729,12810657,12946976,136319,19801
730,12820576,12957541,136965,20550
731,12830564,12967888,137324,20263
732,12840484,12977775,137291,19803
733,12850404,12988355,137951,20582
734,12860415,12998669,138254,20241
735,12870348,13008556,138208,19812
736,12880277,13019140,138863,20499
737,12890196,13029442,139246,20206
738,12900104,13039327,139223,19834
739,12910056,13049915,139859,20542
740,12920013,13060212,140199,20220
741,12929939,13070097,140158,19784
742,12939840,13080687,140847,20497
743,12949750,13090973,141223,20196
744,12959665,13100860,141195,19789
745,12969570,13111446,141876,20490
746,12979478,13121743,142265,20203
747,12989389,13131629,142240,19791
748,12999297,13142217,142920,20497
749,13009209,13152507,143298,20253
750,13019176,13162392,143216,19799
751,13029094,13172979,143885,20558
752,13039069,13183276,144207,20210
753,13048985,13193164,144179,19858
754,13058959,13203751,144792,20504
755,13068878,13214041,145163,20260
756,13078853,13223928,145075,19801
757,13088769,13234513,145744,20546
758,13098732,13244805,146073,20207
759,13108652,13254691,146039,19801
760,13118570,13265278,146708,20493
761,13128478,13275575,147097,20208
762,13138392,13285462,147070,19787
763,13148296,13296050,147754,20495
764,13158206,13306346,148140,20213
765,13168126,13316233,148107,19802
766,13178044,13326821,148777,20498
767,13187957,13337110,149153,20257
768,13197930,13346996,149066,19801
769,13207848,13357584,149736,20506
770,13217770,13367878,150108,20187
771,13227680,13377766,150086,19799
772,13237594,13388354,150760,20504
773,13247512,13398642,151130,20196
774,13257423,13408530,151107,19796
775,13267351,13419114,151763,20499
776,13277269,13429407,152138,20203
777,13287184,13439293,152109,19811
778,13297113,13449879,152766,20501
779,13307031,13460240,153209,20291
780,13316964,13470138,153174,19811
781,13326882,13480759,153877,20550
782,13336815,13490989,154174,20141
783,13346730,13500879,154149,19806
784,13356650,13511482,154832,20510
785,13366559,13521735,155176,20166
786,13376476,13531621,155145,19800
787,13386394,13542216,155822,20532
788,13396335,13552497,156162,20192
789,13406250,13562383,156133,19822
790,13416190,13572975,156785,20495
791,13426097,13583261,157164,20195
792,13436010,13593149,157139,19794
793,13445920,13603737,157817,20540
794,13455875,13614026,158151,20268
795,13465861,13623912,158051,19812
796,13475792,13634502,158710,20507
797,13485712,13644793,159081,20193
798,13495618,13654678,159060,19797
799,13505533,13665273,159740,20503
800,13515445,13675555,160110,20191
801,13525358,13685442,160084,19802
802,13535277,13696030,160753,20497
803,13545189,13706326,161137,20203
804,13555099,13716214,161115,19812
805,13565027,13726682,161655,20383
806,13574944,13737249,162305,20470
807,13584852,13747135,162283,19800
808,13594770,13757481,162711,20288
809,13604715,13768333,163618,20766
810,13614632,13778219,163587,19828
811,13624577,13788646,164069,20333
812,13634486,13799301,164815,20570
813,13644405,13809188,164783,19795
814,13654316,13819704,165388,20458
815,13664261,13830164,165903,20367
816,13674171,13840051,165880,19833
817,13684119,13850609,166490,20467
818,13694031,13860968,166937,20315
819,13703991,13870854,166863,19801
820,13713909,13881431,167522,20533
821,13723868,13891751,167883,20226
822,13733777,13901638,167861,19797
823,13743691,13912223,168532,20493
824,13753601,13922524,168923,20261
825,13763565,13932411,168846,19800
826,13773481,13942997,169516,20494
827,13783393,13953289,169896,20202
828,13793306,13963175,169869,19842
829,13803266,13973761,170495,20503
830,13813185,13984060,170875,20268
831,13823158,13993946,170788,19799
832,13833074,14004533,171459,20560
833,13843050,14014829,171779,20208
834,13852965,14024716,171751,19797
835,13862878,14035303,172425,20492
836,13872786,14045591,172805,20217
837,13882721,14055476,172755,19796
838,13892635,14066055,173420,20488
839,13902548,14076398,173850,20249
840,13912459,14086286,173827,19796
841,13922370,14096867,174497,20517
842,13932309,14107177,174868,20217
843,13942219,14117065,174846,19829
844,13952163,14127641,175478,20486
845,13962076,14137963,175887,20221
846,13971979,14147849,175870,19801
847,13981897,14158432,176535,20491
848,13991808,14168738,176930,20217
849,14001722,14178623,176901,19844
850,14011684,14189211,177527,20502
851,14021602,14199503,177901,20221
852,14031534,14209390,177856,19793
853,14041443,14219976,178533,20551
854,14051411,14230271,178860,20261
855,14061383,14240158,178775,19811
856,14071311,14250742,179431,20495
857,14081225,14261042,179817,20261
858,14091191,14270928,179737,19801
859,14101110,14281515,180405,20509
860,14111035,14291806,180771,20210
861,14120958,14301693,180735,19851
862,14130926,14312279,181353,20494
863,14140837,14322573,181736,20256
864,14150803,14332460,181657,19801
865,14160721,14343043,182322,20559
866,14170699,14353339,182640,20206
867,14180613,14363225,182612,19798
868,14190528,14373810,183282,20501
869,14200447,14384111,183664,20211
870,14210360,14393998,183638,19799
871,14220276,14404586,184310,20496
872,14230187,14414876,184689,20194
873,14240094,14424763,184669,19799
874,14250009,14435349,185340,20504
875,14259929,14445645,185716,20258
876,14269894,14455531,185637,19791
877,14279803,14466120,186317,20503
878,14289719,14476409,186690,20202
879,14299636,14486295,186659,19799
880,14309552,14496882,187330,20498
881,14319466,14507176,187710,20197
882,14329374,14517063,187689,19802
883,14339292,14527649,188357,20496
884,14349205,14537943,188738,20209
885,14359123,14547829,188706,19800
886,14369040,14558414,189374,20484
887,14378941,14568713,189772,20226
888,14388872,14578599,189727,19788
889,14398778,14589188,190410,20501
890,14408693,14599529,190836,20249
891,14418604,14609417,190813,19802
892,14428521,14619893,191372,20385
893,14438432,14630444,192012,20467
894,14448352,14640331,191979,19802
895,14458270,14650684,192414,20266
896,14468185,14661524,193339,20751
897,14478099,14671414,193315,19806
898,14488019,14681862,193843,20357
899,14497932,14692481,194549,20527
900,14507843,14702368,194525,19795
901,14517754,14712895,195141,20433
902,14527664,14723324,195660,20336
903,14537575,14733211,195636,19797
904,14547488,14743769,196281,20474
905,14557408,14754129,196721,20304
906,14567355,14764017,196662,19795
907,14577265,14774590,197325,20473
908,14587168,14784914,197746,20237
909,14597085,14794800,197715,19849
910,14607052,14805384,198332,20492
911,14616963,14815688,198725,20216
912,14626879,14825581,198702,19807
913,14636796,14836168,199372,20502
914,14646714,14846468,199754,20218
915,14656636,14856356,199720,19894
916,14666648,14866943,200295,20504
917,14676568,14877232,200664,20200
918,14686483,14887118,200635,19804
919,14696405,14897705,201300,20498
920,14706319,14907998,201679,20200
921,14716229,14917893,201664,19802
922,14726140,14928484,202344,20508
923,14736060,14938770,202710,20180
924,14745972,14948658,202686,19798
925,14755886,14959244,203358,20499
926,14765802,14969535,203733,20197
927,14775711,14979421,203710,19802
928,14785631,14990008,204377,20548
929,14795595,15000306,204711,20210
930,14805521,15010192,204671,20142
931,14815784,15020780,204996,21850
932,14827052,15031068,204016,20198
933,14836967,15040956,203989,19803
934,14846885,15051541,204656,20522
935,14856824,15061841,205017,20201
936,14866729,15071727,204998,19801
937,14876647,15082315,205668,20505
938,14886566,15092607,206041,20200
939,14896477,15102492,206015,19799
940,14906393,15113080,206687,20504
941,14916313,15123375,207062,20205
942,14926228,15133262,207034,19790
943,14936133,15143848,207715,20579
944,14946128,15154143,208015,20211
945,14956048,15164030,207982,19798
946,14965962,15174618,208656,20502
947,14975879,15184910,209031,20208
948,14985798,15194796,208998,19800
949,14995716,15205384,209668,20508
950,15005639,15215673,210034,20194
951,15015549,15225560,210011,19800
952,15025465,15236145,210680,20499
953,15035381,15246444,211063,20210
954,15045295,15256331,211036,19796
955,15055207,15266927,211720,20500
956,15065115,15277219,212104,20205
957,15075033,15287107,212074,19793
958,15084941,15297699,212758,20507
959,15094859,15307988,213129,20202
960,15104777,15317874,213097,19795
961,15114689,15328465,213776,20533
962,15124633,15338748,214115,20195
963,15134548,15348635,214087,19803
964,15144467,15359221,214754,20501
965,15154386,15369517,215131,20240
966,15164333,15379403,215070,19799
967,15174250,15389991,215741,20495
968,15184160,15400286,216126,20198
969,15194067,15410172,216105,19801
970,15203985,15420761,216776,20584
971,15213982,15431049,217067,20195
972,15223892,15440936,217044,19800
973,15233808,15451516,217708,20531
974,15243762,15461823,218061,20212
975,15253671,15471709,218038,19856
976,15263647,15482294,218647,20515
977,15273581,15492596,219015,20213
978,15283495,15502482,218987,19793
979,15293406,15513068,219662,20500
980,15303323,15523360,220037,20195
981,15313230,15533247,220017,19791
982,15323137,15543786,220649,20443
983,15333043,15554192,221149,20317
984,15342958,15564079,221121,19794
985,15352869,15574458,221589,20288
986,15362782,15585221,222439,20672
987,15372695,15595106,222411,19809
988,15382622,15605465,222843,20272
989,15392538,15616289,223751,20734
990,15402451,15626174,223723,19802
991,15412371,15636666,224295,20405
992,15422287,15647175,224888,20417
993,15432200,15657062,224862,19791
994,15442107,15667605,225498,20455
995,15452022,15678000,225978,20384
996,15462014,15687886,225872,19798
997,15471929,15698456,226527,20482
998,15481843,15708794,226951,20241
999,15491749,15718683,226934,19804
1000,15501668,15729266,227598,20491
1001,15511579,15739574,227995,20221
1002,15521497,15749461,227964,19798
1003,15531411,15760048,228637,20488
1004,15541314,15770339,229025,20205
1005,15551233,15780226,228993,19808
1006,15561157,15790810,229653,20492
1007,15571069,15801110,230041,20213
1008,15580985,15810996,230011,19800
1009,15590902,15821582,230680,20503
1010,15600821,15831881,231060,20212
1011,15610738,15841768,231030,19827
1012,15620681,15852355,231674,20568
1013,15630665,15862653,231988,20203
1014,15640574,15872547,231973,19790
1015,15650473,15883143,232670,20508
1016,15660388,15893424,233036,20192
1017,15670303,15903312,233009,19797
1018,15680216,15913905,233689,20504
1019,15690129,15924190,234061,20198
1020,15700046,15934078,234032,19794
1021,15709956,15944669,234713,20507
1022,15719876,15954958,235082,20200
1023,15729790,15964845,235055,19801
1024,15739706,15975434,235728,20504
1025,15749624,15985719,236095,20192
1026,15759534,15995604,236070,19798
1027,15769449,16006192,236743,20507
1028,15779371,16016485,237114,20204
1029,15789285,16026370,237085,19794
1030,15799196,16036957,237761,20501
1031,15809113,16047255,238142,20204
1032,15819023,16057142,238119,19804
1033,15828942,16067728,238786,20501
1034,15838859,16078023,239164,20199
1035,15848766,16087909,239143,19799
1036,15858683,16098508,239825,20578
1037,15868667,16108879,240212,20285
1038,15878584,16118824,240240,19855
1039,15888501,16129531,241030,20620
1040,15898419,16139692,241273,20077
1041,15908339,16149587,241248,19801
1042,15918250,16160222,241972,20549
1043,15928168,16170420,242252,20119
1044,15938094,16180307,242213,19796
1045,15948007,16191070,243063,20670
1046,15957917,16200958,243041,19802
1047,15967835,16210843,243008,19788
1048,15977740,16221608,243868,20669
1049,15987648,16231494,243846,19793
1050,15997558,16241381,243823,19850
1051,16007524,16252098,244574,20632
1052,16017442,16261818,244376,19634
1053,16027360,16271536,244176,19632
1054,16037276,16282143,244867,20526
1055,16047198,16291862,244664,19635
1056,16057117,16301644,244527,19690
1057,16067027,16312257,245230,20521
1058,16076938,16321979,245041,19633
1059,16086852,16331699,244847,19644
1060,16096779,16342180,245401,20473
1061,16106862,16351684,244822,19444
1062,16116809,16361216,244407,19586
1063,16126870,16370719,243849,19462
1064,16371528,16435595,64067,73462
1065,16380955,16445486,64531,19756
1066,16390835,16467216,76381,31928
1067,16401044,16477135,76091,19753
1068,16410888,16497973,87085,30730
1069,16420786,16507863,87077,19783
1070,16430684,16529507,98823,31552
1071,16440595,16539394,98799,19797
1072,16450510,16560210,109700,30731
1073,16460429,16570097,109668,19863
1074,16470414,16591750,121336,31548
1075,16480314,16601651,121337,19825
1076,16490255,16623067,132812,31334
1077,16500176,16632955,132779,19787
1078,16510080,16653926,143846,30839
1079,16519952,16663814,143862,19801
1080,16529870,16685460,155590,31567
1081,16539793,16695347,155554,19722
1082,16549633,16716110,166477,30669
1083,16559567,16725997,166430,19799
1084,16569484,16747611,178127,31403
1085,16579277,16757500,178223,19807
1086,16589200,16778316,189116,30730
1087,16599118,16788206,189088,19730
1088,16608963,16809003,200040,30671
1089,16618840,16818890,200050,19799
1090,16628757,16839682,210925,30651
1091,16638619,16849571,210952,19768
1092,16648502,16870361,221859,30700
1093,16658416,16880250,221834,19802
1094,16668333,16901052,232719,30636
1095,16678171,16910940,232769,19797
1096,16688086,16931713,243627,30671
1097,16697987,16941602,243615,19723
1098,16707826,16962267,254441,30577
1099,16717742,16972156,254414,19763
1100,16727620,16992732,265112,30408
1101,16737456,17002619,265163,19796
1102,16747369,17023248,275879,30535
1103,16757279,17033137,275858,19703
1104,16767098,17053716,286618,30534
1105,16777057,17063603,286546,19802
1106,16786977,17084627,297650,30870
1107,16796826,17094517,297691,19834
1108,16806776,17115180,308404,30566
1109,16816683,17125071,308388,19731
1110,16826528,17145689,319161,30547
1111,16836461,17155576,319115,19796
1112,16846374,17176266,329892,30543
1113,16856231,17186153,329922,19764
1114,16866113,17206811,340698,30572
1115,16876031,17216700,340669,19711
1116,16885858,17237357,351499,30560
1117,16895764,17247244,351480,19796
1118,16905678,17267934,362256,30545
1119,16915536,17277821,362285,19783
1120,16925436,17298405,372969,30492
1121,16935348,17308294,372946,19756
1122,16945220,17328868,383648,38486
1123,16963137,17338756,375619,19794
1124,16973049,17359361,386312,41150
1125,16993599,17369250,375651,19789
1126,17003505,17389828,386323,41141
1127,17024072,17399716,375644,19871
1128,17034060,17420350,386290,41145
1129,17054577,17430237,375660,19968
1130,17064667,17450886,386219,41470
1131,17085493,17460774,375281,19793
1132,17095403,17481447,386044,41308
1133,17116044,17491334,375290,19787
1134,17125949,17511946,385997,41186
1135,17146529,17521833,375304,19823
1136,17156470,17542488,386018,41258
1137,17177078,17552376,375298,19815
1138,17187010,17572960,385950,41202
1139,17207634,17582847,375213,19780
1140,17217532,17603467,385935,41274
1141,17238192,17613355,375163,19805
1142,17248114,17633957,385843,41227
1143,17268745,17643844,375099,19790
1144,17278653,17664463,385810,41197
1145,17299237,17674388,375151,19822
1146,17309140,17694995,385855,41166
1147,17329709,17704886,375177,19796
1148,17339619,17725465,385846,41148
1149,17360194,17735353,375159,19788
1150,17370099,17755963,385864,41203
1151,17390697,17765850,375153,19823
1152,17400638,17786590,385952,41305
1153,17421208,17796479,375271,19841
1154,17431165,17817120,385955,41210
1155,17451739,17827007,375268,19817
1156,17461674,17847700,386026,41296
1157,17482282,17857589,375307,19844
1158,17492242,17878180,385938,41156
1159,17512813,17888069,375256,19825
1160,17522754,17908626,385872,41126
1161,17543328,17918513,375185,19815
1162,17553261,17939150,385889,41189
1163,17573818,17949039,375221,19795
1164,17583730,17969650,385920,41193
1165,17604318,17979537,375219,19793
1166,17614229,18000121,385892,41172
1167,17634823,18010008,375185,19821
1168,17644762,18030636,385874,41167
1169,17665306,18040524,375218,19804
1170,17675228,18061125,385897,41206
1171,17695839,18071013,375174,19790
1172,17705746,18091574,385828,41132
1173,17726321,18101463,375142,19821
1174,17736258,18122082,385824,41177
1175,17756822,18131971,375149,19795
1176,17766733,18152523,385790,41225
1177,17787411,18162410,374999,19787
1178,17797316,18183039,385723,41260
1179,17817953,18192928,374975,19829
1180,17827898,18213532,385634,41223
1181,17848522,18223420,374898,19788
1182,17858428,18244026,385598,41213
1183,17879041,18253914,374873,19813
1184,17888972,18274544,385572,41140
1185,17909488,18284436,374948,19796
1186,17919397,18305037,385640,41200
1187,17940001,18314925,374924,19787
1188,17949905,18335605,385700,41260
1189,17970490,18345494,375004,19818
1190,17980424,18366101,385677,41166
1191,18000989,18375990,375001,19795
1192,18010900,18396649,385749,41224
1193,18031471,18406537,375066,19786
1194,18041374,18427206,385832,41262
1195,18061971,18437095,375124,19834
1196,18071921,18457783,385862,41199
1197,18092438,18467671,375233,19790
1198,18102345,18488253,385908,41150
1199,18122918,18498141,375223,19796
1200,18132831,18518770,385939,41185
1201,18153391,18528658,375267,19781
1202,18163289,18549264,385975,41187
1203,18183875,18559152,375277,19795
1204,18193788,18579733,385945,41151
1205,18214364,18589622,375258,19827
1206,18224307,18610271,385964,41197
1207,18244860,18620160,375300,19797
1208,18254773,18640777,386004,41224
1209,18275385,18650664,375279,19807
1210,18285311,18671270,385959,41250
1211,18305961,18681159,375198,19797
1212,18315874,18701737,385863,41153
1213,18336454,18711626,375172,19863
1214,18346434,18732272,385838,41144
1215,18366937,18742159,375222,19790
1216,18376845,18762847,386002,41305
1217,18397468,18772736,375268,19797
1218,18407382,18793384,386002,41290
1219,18428030,18803271,375241,19792
1220,18437940,18823911,385971,41323
1221,18458629,18833800,375171,19850
1222,18468595,18854427,385832,41147
1223,18489121,18864315,375194,19788
1224,18499026,18885297,386271,41562
1225,18519612,18895187,375575,19782
1226,18529510,18915837,386327,41217
1227,18550098,18925727,375629,19854
1228,18560067,18946340,386273,41129
1229,18580590,18956229,375639,19787
1230,18590493,18976913,386420,41301
1231,18611116,18986801,375685,19786
1232,18621019,19007447,386428,41235
1233,18641612,19017335,375723,19795
1234,18651542,19038033,386491,41266
1235,18672115,19047920,375805,19794
1236,18682027,19068560,386533,41254
1237,18702647,19078448,375801,19851
1238,18712615,19099030,386415,41107
1239,18733144,19108919,375775,19791
1240,18743051,19129519,386468,41230
1241,18763687,19139407,375720,19790
1242,18773595,19160035,386440,41257
1243,18794229,19169923,375694,19848
1244,18804194,19190518,386324,41135
1245,18824738,19200407,375669,19890
1246,18834744,19220965,386221,41080
1247,18855272,19230852,375580,19814
1248,18865204,19251479,386275,41580
1249,18886162,19261368,375206,19819
1250,18896097,19281957,385860,41182
1251,18916694,19291845,375151,19853
1252,18926664,19312470,385806,41150
1253,18947195,19322357,375162,19786
1254,18957099,19342953,385854,41215
1255,18977724,19352842,375118,19793
1256,18987633,19373457,385824,41272
1257,19008294,19383344,375050,19795
1258,19018207,19403925,385718,41237
1259,19038869,19413812,374943,19795
1260,19048782,19434422,385640,41229
1261,19069407,19444311,374904,19780
1262,19079303,19464889,385586,41167
1263,19099897,19474785,374888,19794
1264,19109800,19495528,385728,41326
1265,19130388,19505419,375031,19827
1266,19140329,19526032,385703,41158
1267,19160880,19535919,375039,19780
1268,19170778,19556495,385717,41154
1269,19191362,19566382,375020,19791
1270,19201271,19587071,385800,41242
1271,19221829,19596960,375131,19789
1272,19231734,19617626,385892,41243
1273,19252316,19627513,375197,19794
1274,19262228,19648213,385985,41284
1275,19282818,19658100,375282,19809
1276,19292745,19678683,385938,41130
1277,19313297,19688572,375275,19796
1278,19323209,19709173,385964,41196
1279,19343809,19719067,375258,19788
1280,19353708,19739647,385939,41162
1281,19374296,19749536,375240,19820
1282,19384232,19770172,385940,41191
1283,19404792,19780060,375268,19792
1284,19414700,19800636,385936,41155
1285,19435285,19810524,375239,19787
1286,19445189,19831145,385956,41166
1287,19465740,19841034,375294,19790
1288,19475646,19861624,385978,41325
1289,19496387,19871512,375125,19784
1290,19506288,19892144,385856,41212
1291,19526873,19902031,375158,19795
1292,19536786,19922642,385856,41139
1293,19557319,19932533,375214,19797
1294,19567231,19953150,385919,41260
1295,19587879,19963037,375158,19786
1296,19597783,19983645,385862,41271
1297,19618452,19993534,375082,19848
1298,19628416,20014157,385741,41226
1299,19649024,20024048,375024,19803
1300,19658942,20044603,385661,41128
1301,19679521,20054490,374969,19793
1302,19689432,20075155,385723,41241
1303,19710013,20085050,375037,19799
1304,19719921,20105682,385761,41191
1305,19740486,20115575,375089,19868
1306,19750466,20136255,385789,41222
1307,19771013,20146143,375130,19806
1308,19780936,20166765,385829,41186
1309,19801506,20176655,375149,19794
1310,19811415,20197388,385973,41305
1311,19831992,20207275,375283,19788
1312,19841898,20227991,386093,41306
1313,19862494,20237878,375384,19814
1314,19872427,20258575,386148,41240
1315,19892976,20268464,375488,19787
1316,19902879,20288994,386115,41130
1317,19923485,20298882,375397,19793
1318,19933395,20319489,386094,41221
1319,19954013,20329378,375365,19796
1320,19963926,20350002,386076,41209
1321,19984517,20359889,375372,19791
1322,19994426,20380495,386069,41175
1323,20015000,20390384,375384,19796
1324,20024912,20410989,386077,41152
1325,20045464,20420878,375414,19796
1326,20055376,20441457,386081,41189
1327,20075992,20451344,375352,19787
1328,20085897,20471976,386079,41277
1329,20106548,20481863,375315,19857
1330,20116523,20502477,385954,41181
1331,20137095,20512366,375271,19827
1332,20147038,20532947,385909,41150
1333,20167613,20542834,375221,19823
1334,20177554,20563416,385862,41255
1335,20198233,20573304,375071,19826
1336,20208176,20593940,385764,41267
1337,20228813,20603827,375014,19787
1338,20238718,20624429,385711,41277
1339,20259399,20634316,374917,19794
1340,20269311,20654976,385665,41185
1341,20289842,20664865,375023,19781
1342,20299739,20685935,386196,41685
1343,20320359,20695825,375466,19794
1344,20330268,20716468,386200,41212
1345,20350843,20726356,375513,19819
1346,20360779,20746949,386170,41146
1347,20381338,20756838,375500,19791
1348,20391245,20777538,386293,41280
1349,20411829,20787425,375596,19798
1350,20421744,20808094,386350,41232
1351,20442312,20817981,375669,19817
1352,20452247,20838644,386397,41229
1353,20472818,20848533,375715,19792
1354,20482726,20869182,386456,41244
1355,20503326,20879069,375743,19806
1356,20513250,20899713,386463,41177
1357,20533789,20909602,375813,19796
1358,20543701,20930287,386586,41258
1359,20564280,20940176,375896,19789
1360,20574185,20960738,386553,41173
1361,20594802,20970626,375824,19817
1362,20604736,20991236,386500,41163
1363,20625295,21001127,375832,19795
1364,20635204,21021701,386497,41200
1365,20655836,21031588,375752,19790
1366,20665744,21052216,386472,41666
1367,20686788,21062104,375316,19819
1368,20696724,21082697,385973,41172
1369,20717308,21092585,375277,19790
1370,20727215,21113190,385975,41179
1371,20747794,21123077,375283,19794
1372,20757706,21143695,385989,41252
1373,20778346,21153584,375238,19819
1374,20788281,21174187,385906,41225
1375,20808907,21184075,375168,19855
1376,20818878,21204656,385778,41168
1377,20839471,21214555,375084,19796
1378,20849384,21235144,385760,41219
1379,20870019,21245032,375013,19802
1380,20879940,21265646,385706,41261
1381,20900592,21275543,374951,19793
1382,20910493,21296348,385855,41417
1383,20931111,21306238,375127,19799
1384,20941025,21326906,385881,41208
1385,20961582,21336795,375213,19836
1386,20971534,21357406,385872,41151
1387,20992080,21367293,375213,19793
1388,21001991,21388018,386027,41298
1389,21022569,21397905,375336,19822
1390,21032509,21418643,386134,41275
1391,21053052,21428532,375480,19852
1392,21063020,21449563,386543,41559
1393,21083553,21459489,375936,19831
1394,21093467,21480436,386969,41516
1395,21114045,21490326,376281,19814
1396,21123988,21511216,387228,41449
1397,21144552,21521104,376552,19794
1398,21154463,21541971,387508,41420
1399,21175022,21551858,376836,19812
1400,21184952,21572755,387803,41429
1401,21205489,21582642,377153,19790
1402,21215397,21603390,387993,41339
1403,21235994,21613279,377285,19792
1404,21245902,21633209,387307,40528
1405,21266506,21643097,376591,19805
1406,21276428,21663032,386604,40710
1407,21297207,21672921,375714,19850
1408,21307173,21692881,385708,40539
1409,21327757,21702775,375018,19806
1410,21337674,21722465,384791,40262
1411,21358252,21732263,374011,19756
1412,21368215,21751798,383583,40178
1413,21388864,21761550,372686,19683
1414,21398800,21781164,382364,40291
1415,21419483,21790884,371401,19667
1416,21429511,21810337,380826,40365
1417,21450432,21819872,369440,19459
1418,21820573,21876655,56082,65678
1419,21830189,21908882,78693,42291
1420,21840261,21940760,100499,41828
1421,21850219,21970967,120748,40123
1422,21860142,22001157,141015,39974
1423,21869931,22031340,161409,40049
1424,21879804,22061488,181684,40098
1425,21889763,22090972,201209,39234
1426,21899518,22120450,220932,39320
1427,21909365,22149929,240564,39226
1428,21919117,22179413,260296,39190
1429,21928828,22208216,279388,38569
1430,21938599,22236895,298296,38424
1431,21948349,22265547,317198,38332
1432,21958034,22294258,336224,38483
1433,21967811,22322967,355156,38451
1434,21977558,22351607,374049,38320
1435,21987243,22380331,393088,38498
1436,21997021,22409035,412014,38414
1437,22006736,22437739,431003,38384
1438,22016420,22466419,449999,38451
1439,22026195,22495147,468952,38444
1440,22035916,22523816,487900,55069
1441,22062323,22552513,490190,58148
1442,22091781,22581176,489395,58143
1443,22121268,22609897,488629,58188
1444,22150742,22638605,487863,57496
1445,22179537,22667302,487765,57385
1446,22208232,22695942,487710,57304
1447,22236903,22724671,487768,57389
1448,22265570,22753337,487767,57350
1449,22294261,22782047,487786,57424
1450,22322982,22810743,487761,57399
1451,22351691,22839366,487675,57255
1452,22380330,22868037,487707,57378
1453,22409044,22896774,487730,57513
1454,22437826,22925451,487625,57287
1455,22466455,22954406,487951,57681
1456,22495188,22983179,487991,57433
1457,22523855,23011865,488010,57359
1458,22552535,23040500,487965,57311
1459,22581218,23069178,487960,57364
1460,22609911,23097921,488010,57471
1461,22638646,23126625,487979,57351
1462,22667299,23155331,488032,57390
1463,22695990,23184020,488030,57366
1464,22724675,23212660,487985,57307
1465,22753349,23241338,487989,57369
1466,22782047,23270083,488036,57438
1467,22810748,23298798,488050,57382
1468,22839421,23327516,488095,57380
1469,22868090,23356212,488122,57392
1470,22896793,23384830,488037,57289
1471,22925471,23413531,488060,57682
1472,22954459,23442272,487813,57494
1473,22983219,23470985,487766,57368
1474,23011881,23499677,487796,57349
1475,23040545,23528334,487789,57324
1476,23069219,23557034,487815,57413
1477,23097940,23585683,487743,57366
1478,23126664,23614409,487745,57434
1479,23155379,23643169,487790,57409
1480,23184035,23671890,487855,57391
1481,23212712,23700698,487986,57481
1482,23241392,23729606,488214,57604
1483,23270095,23758359,488264,57470
1484,23298819,23787087,488268,57426
1485,23327524,23815781,488257,57378
1486,23356215,23844463,488248,57344
1487,23384884,23873129,488245,57311
1488,23413536,23901825,488289,57447
1489,23442308,23930640,488332,57515
1490,23471027,23959348,488321,57372
1491,23499698,23988051,488353,57380
1492,23528381,24016697,488316,57338
1493,23557080,24045385,488305,57299
1494,23585698,24074080,488382,57400
1495,23614410,24102766,488356,57442
1496,23643172,24131434,488262,57391
1497,23671902,24160111,488209,57490
1498,23700735,24188788,488053,57590
1499,23729655,24217444,487789,57398
1500,23758404,24246181,487777,57451
1501,23787125,24274924,487799,57405
1502,23815794,24303590,487796,57328
1503,23844463,24332299,487836,57373
1504,23873134,24360964,487830,57358
1505,23901834,24389606,487772,57451
1506,23930650,24418365,487715,57500
1507,23959398,24447068,487670,57356
1508,23988058,24475774,487716,57352
1509,24016711,24504446,487735,57355
1510,24045400,24533088,487688,57323
1511,24074088,24561799,487711,57401
1512,24102786,24590521,487735,57406
1513,24131477,24619228,487751,57376
1514,24160153,24647913,487760,57366
1515,24188841,24676554,487713,57289
1516,24217496,24705279,487783,57423
1517,24246201,24733958,487757,57402
1518,24274932,24762670,487738,57380
1519,24303607,24791378,487771,57392
1520,24332298,24820138,487840,57428
1521,24360973,24849355,488382,57894
1522,24389659,24878058,488399,57420
1523,24418383,24906794,488411,57456
1524,24447110,24935546,488436,57432
1525,24475809,24964228,488419,57334
1526,24504468,24992820,488352,57251
1527,24533134,25021495,488361,57351
1528,24561838,25050208,488370,57438
1529,24590569,25078897,488328,57365
1530,24619264,25107617,488353,57405
1531,24647956,25136283,488327,57273
1532,24676570,25164926,488356,57350
1533,24705284,25193606,488322,57357
1534,24733968,25222296,488328,57390
1535,24762687,25250984,488297,57381
1536,24791387,25279673,488286,57448
1537,24820154,25308392,488238,57962
1538,24849404,25337072,487668,57381
1539,24878112,25365747,487635,57355
1540,24906799,25394464,487665,57471
1541,24935560,25423140,487580,57343
1542,24964234,25451827,487593,57346
1543,24992901,25480530,487629,57311
1544,25021516,25509195,487679,57357
1545,25050215,25537883,487668,57375
1546,25078909,25566595,487686,57415
1547,25107619,25595274,487655,57345
1548,25136292,25624015,487723,57414
1549,25164972,25652696,487724,57361
1550,25193659,25681386,487727,57323
1551,25222299,25710139,487840,57453
1552,25251005,25738840,487835,57419
1553,25279729,25767541,487812,57364
1554,25308399,25796184,487785,57307
1555,25337070,25824918,487848,57456
1556,25365798,25853596,487798,57346
1557,25394473,25882467,487994,57546
1558,25423155,25911146,487991,57371
1559,25451867,25939826,487959,57380
1560,25480574,25968473,487899,57264
1561,25509198,25997175,487977,57431
1562,25537934,26025883,487949,57373
1563,25566605,26054580,487975,57406
1564,25595321,26083277,487956,57434
1565,25624065,26111915,487850,57282
1566,25652716,26140563,487847,57321
1567,25681396,26169214,487818,57409
1568,25710160,26197934,487774,57412
1569,25738859,26226631,487772,57385
1570,25767554,26255339,487785,57355
1571,25796208,26284062,487854,57441
1572,25824933,26312900,487967,57501
1573,25853603,26341590,487987,57553
1574,25882473,26370282,487809,57399
1575,25911187,26398971,487784,57368
1576,25939873,26427663,487790,57317
1577,25968505,26456385,487880,57399
1578,25997189,26485053,487864,57365
1579,26025893,26513670,487777,57303
1580,26054586,26542387,487801,57410
1581,26083286,26571095,487809,57375
1582,26111960,26599746,487786,57256
1583,26140572,26628407,487835,57316
1584,26169234,26657088,487854,57380
1585,26197939,26685747,487808,57361
1586,26226648,26714228,487580,57176
1587,26255350,26742733,487383,57218
1588,26284071,26771153,487082,57289
1589,26312947,26799641,486694,57129
1590,26341595,26828222,486627,57284
1591,26370305,26856657,486352,57141
1592,26399018,26885171,486153,57197
1593,26427707,26913572,485865,57081
1594,26456394,26941920,485526,57006
1595,26485060,26970291,485231,56997
1596,26513693,26998655,484962,57057
1597,26542393,27027052,484659,57105
1598,26571108,27055358,484250,56951
1599,26599760,27083743,483983,57078
1600,26628460,27111926,483466,56812
