step,start,end,latency,execution
1,0,48781,48781,63209
2,14593,68649,54056,29599
3,24354,88628,64274,30022
4,34410,108587,74177,29768
5,44227,128545,84318,29836
6,54114,148504,94390,29776
7,63937,168414,104477,29784
8,73816,188025,114209,29471
9,83682,207528,123846,29362
10,93546,227000,133454,29332
11,103412,246474,143062,29328
12,113272,265947,152675,29331
13,123136,285401,162265,29311
14,132999,304743,171744,29200
15,142863,324022,181159,29139
16,152728,343294,190566,29130
17,162591,362556,199965,28914
18,172248,381824,209576,29029
19,182015,401104,219089,28964
20,191704,420541,228837,29078
21,201351,439840,238489,28868
22,210926,459123,248197,28949
23,220598,478409,257811,28861
24,230178,497750,267572,29003
25,239845,517033,277188,28864
26,249431,536372,286941,28994
27,259092,555649,296557,28864
28,268684,574935,306251,28917
29,278320,594192,315872,28848
30,287917,614119,326202,36551
31,304549,633535,328986,38692
32,323833,652857,329024,38591
33,343110,672156,329046,38528
34,362347,691427,329080,38543
35,381626,710697,329071,38551
36,400913,729977,329064,38694
37,420335,749260,328925,38583
38,439643,768538,328895,38554
39,458927,787851,328924,38590
40,478212,807137,328925,38621
41,497554,826423,328869,38560
42,516835,845725,328890,38632
43,536173,864983,328810,38533
44,555455,884266,328811,38558
45,574738,903550,328812,38535
46,593997,922831,328834,39203
47,613927,942109,328182,38683
48,633340,961476,328136,38692
49,652673,980787,328114,38589
50,671957,1000072,328115,38549
51,691229,1019356,328127,38561
52,710514,1038656,328142,38557
53,729779,1057937,328158,38551
54,749057,1077197,328140,38535
55,768340,1096466,328126,38574
56,787653,1115750,328097,38561
57,806938,1135020,328082,38550
58,826226,1154462,328236,38725
59,845517,1173787,328270,38598
60,864797,1193072,328275,38549
61,884069,1212974,328905,39178
62,903353,1232460,329107,38753
63,922628,1251909,329281,38727
64,941914,1271349,329435,38794
65,961276,1290791,329515,38750
66,980592,1310215,329623,38704
67,999880,1329636,329756,38692
68,1019159,1349032,329873,38701
69,1038472,1368407,329935,38639
70,1057744,1387672,329928,38506
71,1076992,1406943,329951,38545
72,1096273,1426222,329949,38551
73,1115553,1445505,329952,38556
74,1134834,1464786,329952,38694
75,1154255,1484085,329830,38626
76,1173589,1503365,329776,38558
77,1192875,1522647,329772,39185
78,1212786,1541932,329146,38758
79,1232266,1561218,328952,38738
80,1251726,1580476,328750,38665
81,1271149,1599723,328574,38685
82,1290594,1619013,328419,38708
83,1310020,1638297,328277,38699
84,1329443,1657620,328177,38699
85,1348827,1676926,328099,38686
86,1368215,1696240,328025,38568
87,1387477,1715512,328035,38547
88,1406760,1734796,328036,38538
89,1426022,1754082,328060,38569
90,1445313,1773367,328054,38552
91,1464588,1792651,328063,38590
92,1483902,1812555,328653,39165
93,1503171,1831985,328814,38708
94,1522457,1851287,328830,38575
95,1541738,1870566,328828,38548
96,1561015,1889983,328968,38667
97,1580272,1909406,329134,38678
98,1599533,1928798,329265,38661
99,1618809,1948210,329401,38695
100,1638100,1967605,329505,38712
101,1657424,1986870,329446,38560
102,1676726,2006117,329391,38557
103,1696044,2025396,329352,38546
104,1715319,2044960,329641,38840
105,1734602,2064890,330288,39204
106,1753884,2084152,330268,38544
107,1773174,2103487,330313,38590
108,1792437,2122771,330334,39181
109,1812342,2142056,329714,38729
110,1831794,2161401,329607,38633
111,1851089,2180901,329812,38788
112,1870385,2200185,329800,38677
113,1889785,2219469,329684,38703
114,1909211,2238753,329542,38666
115,1928600,2258017,329417,38674
116,1948017,2277304,329287,38670
117,1967407,2296573,329166,38526
118,1986671,2315826,329155,38506
119,2005931,2335091,329160,38539
120,2025213,2354377,329164,38834
121,2044772,2373665,328893,39196
122,2064687,2392942,328255,38524
123,2083941,2412468,328527,38871
124,2103292,2431937,328645,38744
125,2122574,2451368,328794,38708
126,2141859,2470648,328789,38628
127,2161215,2490057,328842,38891
128,2180705,2509466,328761,38684
129,2199988,2528894,328906,38704
130,2219271,2548317,329046,38702
131,2238558,2567705,329147,38653
132,2257831,2586958,329127,38509
133,2277095,2606247,329152,38576
134,2296390,2625521,329131,38498
135,2315622,2644794,329172,38541
136,2334898,2664110,329212,38591
137,2354180,2683417,329237,38584
138,2373465,2702702,329237,38551
139,2392739,2721988,329249,38786
140,2412246,2741258,329012,38761
141,2431744,2760538,328794,38716
142,2451187,2779833,328646,38556
143,2470456,2799096,328640,38666
144,2489865,2818371,328506,38683
145,2509281,2837732,328451,38771
146,2528699,2856998,328299,38680
147,2548121,2876277,328156,38650
148,2567500,2895554,328054,38547
149,2586778,2914835,328057,38546
150,2606051,2934218,328167,38658
151,2625334,2953629,328295,38666
152,2644596,2973027,328431,38707
153,2663913,2992439,328526,38714
154,2683221,3011877,328656,38714
155,2702504,3031285,328781,38681
156,2721785,3050549,328764,38533
157,2741062,3069827,328765,38537
158,2760364,3089096,328732,38555
159,2779657,3108388,328731,38519
160,2798892,3127668,328776,38552
161,2818171,3147009,328838,38710
162,2837548,3166296,328748,38544
163,2856812,3185581,328769,38543
164,2876078,3204862,328784,38556
165,2895360,3224122,328762,38525
166,2914633,3243413,328780,38677
167,2934027,3262682,328655,38684
168,2953450,3281950,328500,38645
169,2972835,3301233,328398,38682
170,2992240,3320517,328277,38733
171,3011698,3339799,328101,38647
172,3031071,3359099,328028,38566
173,3050345,3378392,328047,38562
174,3069621,3397660,328039,38534
175,3088894,3416940,328046,38545
176,3108166,3436224,328058,38580
177,3127470,3455496,328026,38606
178,3146812,3474776,327964,38557
179,3166097,3494065,327968,38570
180,3185385,3513337,327952,38545
181,3204666,3532618,327952,38547
182,3223940,3551903,327963,38553
183,3243215,3571188,327973,38534
184,3262472,3590471,327999,38555
185,3281752,3610036,328284,38840
186,3301034,3629462,328428,38702
187,3320317,3648759,328442,38573
188,3339601,3668086,328485,38618
189,3358900,3687366,328466,38566
190,3378194,3706668,328474,38564
191,3397464,3725934,328470,38541
192,3416745,3745191,328446,38526
193,3436022,3764472,328450,38563
194,3455311,3783778,328467,38567
195,3474579,3803060,328481,38554
196,3493859,3822346,328487,38558
197,3513139,3841625,328486,38553
198,3532421,3860908,328487,38560
199,3551706,3880192,328486,38560
200,3570990,3899470,328480,38555
201,3590274,3918756,328482,38895
202,3609892,3938043,328151,38653
203,3629266,3957335,328069,38580
204,3648561,3976607,328046,38604
205,3667901,3995920,328019,38575
206,3687171,4015206,328035,38575
207,3706467,4034490,328023,38539
208,3725728,4053769,328041,38540
209,3744996,4073046,328050,38551
210,3764277,4092329,328052,38587
211,3783589,4111763,328174,38700
212,3802863,4131173,328310,38688
213,3822148,4150472,328324,38580
214,3841435,4169758,328323,38553
215,3860710,4189019,328309,38539
216,3879995,4208485,328490,38741
217,3899277,4228177,328900,38966
218,3918558,4247624,329066,38725
219,3937844,4266930,329086,38579
220,3957124,4286215,329091,38566
221,3976412,4305486,329074,38577
222,3995725,4324764,329039,38554
223,4015009,4344048,329039,38562
224,4034295,4363332,329037,38563
225,4053581,4382613,329032,38543
226,4072850,4401883,329033,38544
227,4092132,4421163,329031,38707
228,4111566,4440419,328853,38630
229,4130947,4459667,328720,38568
230,4150275,4478953,328678,38564
231,4169560,4498269,328709,38567
232,4188818,4517553,328735,38802
233,4208345,4536837,328492,38909
234,4227978,4556109,328131,38727
235,4247440,4575385,327945,38561
236,4266732,4594669,327937,38557
237,4286013,4613931,327918,38536
238,4305295,4633223,327928,38560
239,4324569,4652481,327912,38534
240,4343851,4671766,327915,38563
241,4363137,4691048,327911,38555
242,4382417,4710331,327914,38555
243,4401696,4729644,327948,38567
244,4420958,4748925,327967,38529
245,4440213,4768211,327998,38547
246,4459482,4787523,328041,38583
247,4478760,4806910,328150,38691
248,4498071,4826623,328552,38984
249,4517348,4846056,328708,38716
250,4536639,4865335,328696,38556
251,4555923,4884621,328698,38546
252,4575190,4903878,328688,38533
253,4594474,4923301,328827,38689
254,4613747,4942671,328924,38639
255,4633024,4962108,329084,38681
256,4652276,4981465,329189,38646
257,4671572,5000776,329204,38584
258,4690853,5020061,329208,38559
259,4710134,5039417,329283,38661
260,4729446,5061521,332075,41377
261,4748728,5081643,332915,39400
262,4768014,5101353,333339,39014
263,4787324,5120936,333612,39001
264,4806750,5140522,333772,39251
265,4826422,5160177,333755,39188
266,4845962,5179604,333642,38600
267,4865141,5198893,333752,38562
268,4884420,5218098,333678,38490
269,4903711,5237238,333527,38505
270,4923083,5256376,333293,38538
271,4942489,5275519,333030,38558
272,4961911,5294658,332747,38489
273,4981266,5313830,332564,38470
274,5000571,5332971,332400,38425
275,5019861,5352117,332256,38454
276,5039185,5371056,331871,38822
277,5372075,5426604,54529,64007
278,5381613,5436694,55081,19889
279,5391427,5447417,55990,20692
280,5401405,5457499,56094,19924
281,5411252,5468211,56959,20783
282,5421330,5478295,56965,20031
283,5431289,5489005,57716,20572
284,5441156,5499088,57932,19969
285,5451048,5509797,58749,20570
286,5460913,5519881,58968,19943
287,5470778,5530587,59809,20566
288,5480643,5540671,60028,19942
289,5490506,5551382,60876,20573
290,5500372,5561465,61093,19937
291,5510232,5572177,61945,20573
292,5520097,5582260,62163,19941
293,5529960,5592967,63007,20569
294,5539825,5603050,63225,19937
295,5549685,5613771,64086,20581
296,5559548,5623855,64307,19942
297,5569410,5634564,65154,20570
298,5579275,5644648,65373,19942
299,5589138,5655369,66231,20578
300,5598999,5665452,66453,19943
301,5608864,5676163,67299,20569
302,5618725,5686246,67521,19943
303,5628590,5696960,68370,20574
304,5638454,5707042,68588,19953
305,5648331,5717751,69420,20568
306,5658194,5727835,69641,19944
307,5668059,5738539,70480,20565
308,5677923,5748623,70700,19944
309,5687788,5759422,71634,20646
310,5697652,5769505,71853,19942
311,5707535,5780655,73120,21010
312,5717400,5790738,73338,19942
313,5727265,5801765,74500,20887
314,5737129,5811849,74720,19943
315,5746992,5822547,75555,20560
316,5756858,5832631,75773,19935
317,5766715,5843339,76624,20568
318,5776580,5853421,76841,19941
319,5786443,5864130,77687,20568
320,5796306,5874213,77907,19941
321,5806170,5884923,78753,20572
322,5816035,5895006,78971,19941
323,5825898,5905720,79822,20576
324,5835763,5915804,80041,19942
325,5845627,5926520,80893,20577
326,5855492,5936604,81112,19943
327,5865355,5947308,81953,20563
328,5875217,5957391,82174,19942
329,5885081,5968101,83020,20570
330,5894945,5978183,83238,19941
331,5904810,5988893,84083,20569
332,5914673,5998976,84303,19943
333,5924539,6009702,85163,20585
334,5934402,6019796,85394,19954
335,5944272,6030516,86244,20581
336,5954136,6040601,86465,19945
337,5964001,6051307,87306,20560
338,5973859,6061389,87530,19943
339,5983725,6072089,88364,20556
340,5993585,6082172,88587,19943
341,6003450,6092879,89429,20642
342,6013391,6102962,89571,19945
343,6023259,6113687,90428,20597
344,6033136,6123771,90635,19955
345,6043013,6134643,91630,20733
346,6052878,6144727,91849,19941
347,6062740,6155881,93141,21016
348,6072605,6165964,93359,19941
349,6082469,6176897,94428,20793
350,6092334,6186980,94646,19944
351,6102201,6197700,95499,20582
352,6112067,6207785,95718,19944
353,6121930,6218486,96556,20563
354,6131796,6228570,96774,19942
355,6141660,6239277,97617,20568
356,6151525,6249360,97835,19941
357,6161389,6260073,98684,20574
358,6171253,6270155,98902,19940
359,6181117,6280863,99746,20561
360,6190975,6290946,99971,19939
361,6200837,6301664,100827,20578
362,6210700,6311749,101049,19944
363,6220565,6322453,101888,20564
364,6230428,6332537,102109,19944
365,6240293,6343242,102949,20564
366,6250156,6353324,103168,19943
367,6260021,6364034,104013,20570
368,6269885,6374117,104232,19938
369,6279745,6384828,105083,20571
370,6289609,6394911,105302,19936
371,6299468,6405627,106159,20576
372,6309331,6415711,106380,19942
373,6319194,6426414,107220,20563
374,6329057,6436499,107442,19943
375,6338921,6447206,108285,20568
376,6348786,6457289,108503,19940
377,6358648,6467996,109348,20568
378,6368513,6478079,109566,19940
379,6378376,6488794,110418,20577
380,6388241,6498876,110635,19941
381,6398105,6509877,111772,20862
382,6407970,6519961,111991,19943
383,6417834,6531115,113281,21014
384,6427698,6541198,113500,19942
385,6437562,6552006,114444,20670
386,6447427,6562088,114661,19941
387,6457290,6572795,115505,20568
388,6467155,6582877,115722,19937
389,6477015,6593595,116580,20577
390,6486878,6603679,116801,19945
391,6496743,6614378,117635,20559
392,6506606,6624465,117859,19946
393,6516471,6635202,118731,20593
394,6526331,6645285,118954,19944
395,6536196,6655996,119800,20571
396,6546060,6666078,120018,19942
397,6555924,6676788,120864,20569
398,6565788,6686871,121083,19942
399,6575652,6697585,121933,20574
400,6585516,6707669,122153,19943
401,6595381,6718374,122993,20564
402,6605244,6728458,123214,20014
403,6615183,6739169,123986,20571
404,6625047,6749252,124205,19967
405,6634936,6759959,125023,20569
406,6644802,6770042,125240,19941
407,6654666,6780751,126085,20565
408,6664525,6790834,126309,19942
409,6674389,6801547,127158,20574
410,6684254,6811631,127377,19942
411,6694117,6822348,128231,20578
412,6703982,6832432,128450,19940
413,6713842,6843137,129295,20563
414,6723703,6853219,129516,19940
415,6733566,6863930,130364,20572
416,6743431,6874013,130582,19938
417,6753292,6885053,131761,20895
418,6763152,6895137,131985,19973
419,6773046,6906294,133248,21016
420,6782910,6916378,133468,19943
421,6792775,6927151,134376,20632
422,6802638,6937235,134597,19944
423,6812503,6947937,135434,20562
424,6822367,6958020,135653,20050
425,6832339,6968735,136396,20575
426,6842203,6978818,136615,19944
427,6852068,6989525,137457,20567
428,6861931,6999609,137678,19945
429,6871796,7010317,138521,20567
430,6881659,7020401,138742,19944
431,6891524,7031109,139585,20568
432,6901388,7041192,139804,19942
433,6911253,7051905,140652,20617
434,6921162,7061988,140826,19942
435,6931026,7072706,141680,20575
436,6940888,7082789,141901,19943
437,6950754,7093500,142746,20573
438,6960619,7103599,142980,19958
439,6970483,7114285,143802,20546
440,6980349,7124369,144020,19943
441,6990212,7135077,144865,20569
442,7000077,7145161,145084,19940
443,7009938,7155869,145931,20567
444,7019801,7165952,146151,19938
445,7029662,7176661,146999,20567
446,7039524,7186744,147220,19941
447,7049388,7197455,148067,20573
448,7059253,7207539,148286,19943
449,7069117,7218244,149127,20564
450,7078981,7228328,149347,19944
451,7088846,7239058,150212,20590
452,7098709,7249142,150433,19945
453,7108574,7260216,151642,20934
454,7118438,7270299,151861,19944
455,7128303,7281456,153153,21016
456,7138166,7291541,153375,19956
457,7148042,7302258,154216,20575
458,7157903,7312343,154440,19942
459,7167765,7323049,155284,20566
460,7177628,7333133,155505,19945
461,7187494,7343847,156353,20562
462,7197357,7353930,156573,19937
463,7207217,7364635,157418,20637
464,7217154,7374718,157564,19952
465,7227029,7385429,158400,20575
466,7236912,7395514,158602,19946
467,7246777,7406217,159440,20565
468,7256642,7416302,159660,19944
469,7266506,7427008,160502,20565
470,7276369,7437093,160724,19943
471,7286233,7447806,161573,20575
472,7296098,7457889,161791,19941
473,7305962,7468594,162632,20565
474,7315827,7478677,162850,19942
475,7325690,7489386,163696,20567
476,7335551,7499470,163919,19943
477,7345414,7510185,164771,20574
478,7355276,7520269,164993,19943
479,7365140,7530972,165832,20557
480,7374999,7541056,166057,19943
481,7384864,7551761,166897,20558
482,7394721,7561844,167123,19936
483,7404579,7572554,167975,20564
484,7414438,7582637,168199,19942
485,7424303,7593349,169046,20572
486,7434166,7603434,169268,19945
487,7444031,7614210,170179,20636
488,7453895,7624294,170399,19944
489,7463760,7635447,171687,21008
490,7473619,7645530,171911,19941
491,7483483,7656566,173083,20892
492,7493343,7666650,173307,19943
493,7503208,7677356,174148,20566
494,7513071,7687441,174370,19943
495,7522935,7698149,175214,20568
496,7532800,7708234,175434,19942
497,7542663,7718937,176274,20565
498,7552528,7729022,176494,19943
499,7562392,7739735,177343,20574
500,7572256,7749818,177562,19941
501,7582120,7760521,178401,20565
502,7591985,7770604,178619,19936
503,7601842,7781314,179472,20572
504,7611707,7791399,179692,19939
505,7621566,7802108,180542,20571
506,7631431,7812192,180761,19940
507,7641291,7822875,181584,20545
508,7651156,7832960,181804,19943
509,7661020,7843691,182671,20591
510,7670884,7853774,182890,19941
511,7680748,7864486,183738,20572
512,7690612,7874568,183956,19942
513,7700477,7885278,184801,20569
514,7710340,7895366,185026,19948
515,7720205,7906071,185866,20560
516,7730063,7916155,186092,19945
517,7739928,7926862,186934,20567
518,7749792,7936947,187155,19944
519,7759657,7947656,187999,20564
520,7769515,7957743,188228,19948
521,7779382,7968452,189070,20568
522,7789245,7978535,189290,19942
523,7799110,7989215,190105,20539
524,7808974,7999300,190326,19986
525,7818882,8010038,191156,20608
526,7828757,8020123,191366,19941
527,7838619,8030833,192214,20570
528,7848483,8040917,192434,19942
529,7858347,8051627,193280,20567
530,7868208,8061710,193502,19941
531,7878071,8072419,194348,20571
532,7887936,8082502,194566,19941
533,7897800,8093213,195413,20572
534,7907665,8103296,195631,19942
535,7917528,8114010,196482,20572
536,7927391,8124094,196703,19936
537,7937248,8134805,197557,20575
538,7947115,8144903,197788,19962
539,7956984,8155598,198614,20555
540,7966848,8165681,198833,19943
541,7976713,8176391,199678,20570
542,7986577,8186474,199897,19942
543,7996442,8197181,200739,20566
544,8006304,8207265,200961,19943
545,8016167,8217975,201808,20568
546,8026028,8228059,202031,19944
547,8035893,8238769,202876,20570
548,8045757,8248853,203096,19944
549,8055622,8259573,203951,20580
550,8065486,8269656,204170,19943
551,8075351,8280366,205015,20570
552,8085215,8290448,205233,19937
553,8095074,8301148,206074,20561
554,8104939,8311233,206294,19943
555,8114803,8321940,207137,20567
556,8124666,8332025,207359,19940
557,8134526,8342732,208206,20568
558,8144391,8352817,208426,19943
559,8154254,8363525,209271,20569
560,8164118,8373608,209490,19943
561,8173982,8384315,210333,20567
562,8183846,8394397,210551,19936
563,8193705,8405109,211404,20564
564,8203562,8415193,211631,19942
565,8213426,8425909,212483,20576
566,8223289,8435994,212705,19943
567,8233152,8446703,213551,20568
568,8243014,8456788,213774,19939
569,8252873,8467484,214611,20550
570,8262730,8477566,214836,19942
571,8272594,8488278,215684,20570
572,8282456,8498362,215906,19944
573,8292322,8509066,216744,20556
574,8302177,8519151,216974,19944
575,8312041,8529863,217822,20572
576,8321904,8539947,218043,19943
577,8331768,8550653,218885,20563
578,8341630,8560737,219107,19942
579,8351494,8571450,219956,20571
580,8361356,8581532,220176,19939
581,8371218,8592242,221024,20569
582,8381080,8602324,221244,19938
583,8390941,8613026,222085,20562
584,8400805,8623110,222305,19939
585,8410664,8633821,223157,20610
586,8420569,8643905,223336,19951
587,8430442,8654614,224172,20570
588,8440308,8664699,224391,19940
589,8450168,8675406,225238,20568
590,8460032,8685489,225457,19940
591,8469895,8696215,226320,20585
592,8479757,8706297,226540,19940
593,8489620,8717015,227395,20577
594,8499484,8727099,227615,19941
595,8509346,8737817,228471,20578
596,8519210,8747902,228692,19935
597,8529066,8758627,229561,20577
598,8538922,8768712,229790,19942
599,8548785,8779428,230643,20575
600,8558647,8789511,230864,19941
601,8568511,8800232,231721,20579
602,8578374,8810314,231940,19940
603,8588236,8821062,232826,20606
604,8598099,8831146,233047,19942
605,8607963,8841876,233913,20588
606,8617825,8851961,234136,19940
607,8627685,8862680,234995,20578
608,8637548,8872764,235216,19983
609,8647451,8883484,236033,20578
610,8657314,8893566,236252,19936
611,8667172,8904286,237114,20579
612,8677035,8914369,237334,19936
613,8686894,8925110,238216,20591
614,8696758,8935196,238438,19943
615,8706621,8945907,239286,20587
616,8716501,8955996,239495,19947
617,8726364,8966705,240341,20581
618,8736240,8976789,240549,19941
619,8746103,8987520,241417,20605
620,8755981,8997602,241621,19939
621,8765852,9008320,242468,20591
622,8775730,9018402,242672,19933
623,8785587,9029148,243561,20616
624,8795462,9039233,243771,19942
625,8805325,9049949,244624,20611
626,8815223,9060033,244810,19940
627,8825084,9070748,245664,20583
628,8834957,9080832,245875,20050
629,8844927,9091578,246651,20616
630,8854801,9101660,246859,19941
631,8864665,9112377,247712,20588
632,8874541,9122460,247919,19941
633,8884405,9133220,248815,20631
634,8894281,9143308,249027,19988
635,8904187,9154037,249850,20588
636,8914051,9164121,250070,19955
637,8923928,9174866,250938,20604
638,8933792,9184951,251159,19955
639,8943667,9195686,252019,20595
640,8953530,9205768,252238,19959
641,8963411,9216524,253113,20617
642,8973275,9226607,253332,19960
643,8983157,9237378,254221,20630
644,8993020,9247462,254442,19951
645,9002892,9258205,255313,20657
646,9012811,9268289,255478,19956
647,9022689,9279050,256361,20628
648,9032562,9289135,256573,19961
649,9042444,9299855,257411,20581
650,9052308,9309937,257629,19952
651,9062182,9320713,258531,20636
652,9072046,9330795,258749,19945
653,9081914,9341515,259601,20959
654,9092159,9351599,259440,19974
655,9102054,9362346,260292,21670
656,9112982,9372430,259448,19933
657,9122837,9383151,260314,21677
658,9133799,9393234,259435,19945
659,9143666,9403984,260318,21721
660,9154643,9414066,259423,19948
661,9164514,9424832,260318,21695
662,9175449,9434914,259465,19940
663,9185312,9445663,260351,21706
664,9196275,9455747,259472,19942
665,9206139,9466474,260335,21710
666,9217129,9476558,259429,19942
667,9226992,9487332,260340,21752
668,9237976,9497414,259438,19941
669,9247840,9508135,260295,21682
670,9258807,9518217,259410,19933
671,9268663,9528985,260322,21720
672,9279621,9539068,259447,20024
673,9289568,9553500,263932,25315
674,9300456,9567473,267017,23831
675,9310320,9581413,271093,24910
676,9321297,9593075,271778,21522
677,9331161,9603154,271993,21031
678,9342117,9613235,271118,19953
679,9351993,9623316,271323,21012
680,9362930,9633398,270468,19944
681,9372795,9643479,270684,21035
682,9383755,9653557,269802,19931
683,9393611,9663636,270025,21027
684,9404563,9673714,269151,19938
685,9414426,9683793,269367,21076
686,9425428,9693871,268443,19939
687,9435293,9703950,268657,21033
688,9446252,9714028,267776,19939
689,9456116,9724107,267991,21049
690,9467091,9734184,267093,19939
691,9476956,9744263,267307,21032
692,9487914,9754341,266427,19973
693,9497813,9764420,266607,20999
694,9508738,9774500,265762,19966
695,9518628,9784579,265951,21038
696,9529592,9794656,265064,19939
697,9539457,9804736,265279,24625
698,9554006,9814813,260807,24045
699,9567977,9824892,256915,24017
700,9581919,9834970,253051,21479
701,9593326,9845049,251723,19961
702,9603211,9855128,251917,19986
703,9613121,9865205,252084,19947
704,9622994,9875284,252290,19945
705,9632864,9885362,252498,19941
706,9642731,9895441,252710,19940
707,9652595,9905518,252923,19932
708,9662452,9915597,253145,19947
709,9672323,9925675,253352,19937
710,9682186,9935754,253568,19940
711,9692049,9945835,253786,19941
712,9701911,9955915,254004,19941
713,9711775,9965992,254217,19934
714,9721635,9976071,254436,19939
715,9731498,9986149,254651,19937
716,9741361,9996228,254867,19940
717,9751224,10006306,255082,19937
718,9761086,10016385,255299,19939
719,9770948,10026462,255514,19938
720,9780812,10036544,255732,19940
721,9790674,10046625,255951,19942
722,9800537,10056704,256167,19939
723,9810399,10066782,256383,19938
724,9820263,10076861,256598,19936
725,9830122,10086939,256817,19939
726,9839986,10097017,257031,19938
727,9849848,10107098,257250,19941
728,9859712,10117175,257463,19936
729,9869574,10127254,257680,19939
730,9879438,10137332,257894,19936
731,9889300,10147411,258111,19940
732,9899163,10157488,258325,19937
733,9909025,10167567,258542,19935
734,9918884,10177647,258763,19940
735,9928748,10187727,258979,19939
736,9938610,10197804,259194,19935
737,9948471,10207884,259413,19937
738,9958331,10217979,259648,19956
739,9968195,10228065,259870,19944
740,9978057,10238144,260087,19937
741,9987919,10248223,260304,19939
742,9997781,10258301,260520,19935
743,10007642,10268380,260738,19938
744,10017504,10278457,260953,19936
745,10027365,10288536,261171,19938
746,10037227,10298614,261387,19937
747,10047090,10308694,261604,19941
748,10056953,10318771,261818,19931
749,10066809,10328850,262041,19939
750,10076673,10338928,262255,19936
751,10086535,10349007,262472,19940
752,10096398,10359084,262686,19938
753,10106261,10369163,262902,19933
754,10116118,10379242,263124,19938
755,10125980,10389320,263340,19938
756,10135844,10399399,263555,19938
757,10145706,10409482,263776,19944
758,10155569,10419601,264032,19977
759,10165431,10429720,264289,19977
760,10175296,10439804,264508,19938
761,10185156,10449891,264735,19946
762,10195020,10459986,264966,19953
763,10204886,10470065,265179,19945
764,10214756,10480145,265389,19945
765,10224625,10490246,265621,19942
766,10234492,10500325,265833,19942
767,10244359,10510403,266044,19938
768,10254223,10520459,266236,19917
769,10264088,10530451,266363,19852
770,10273950,10540433,266483,19843
771,10283814,10550339,266525,19765
772,10293676,10560320,266644,19842
773,10303539,10570227,266688,19765
774,10313401,10580210,266809,19843
775,10323264,10590117,266853,19767
776,10333137,10600097,266960,19840
777,10343000,10610003,267003,19760
778,10352858,10619984,267126,19841
779,10362720,10629890,267170,19766
780,10372584,10639872,267288,19840
781,10382446,10649778,267332,19767
782,10392309,10659650,267341,19732
783,10402171,10669338,267167,19551
784,10412039,10679024,266985,19585
785,10422016,10688771,266755,19626
786,10431901,10698742,266841,19842
787,10699495,10742834,43339,52917
788,10709105,10762634,53529,29424
789,10718736,10782275,63539,29427
790,10728552,10801983,73431,29477
791,10738327,10821703,83376,29557
792,10748175,10841511,93336,29562
793,10757935,10861192,103257,29382
794,10767642,10880705,113063,29209
795,10777344,10900208,122864,29242
796,10787088,10919920,132832,29449
797,10796831,10939232,142401,29049
798,10806574,10958739,152165,29236
799,10816309,10978244,161935,29276
800,10826086,10997612,171526,29189
801,10835929,11016974,181045,29119
802,10845692,11036300,190608,29047
803,10855419,11055627,200208,29019
804,10865117,11074941,209824,28961
805,10874770,11094227,219457,28878
806,10884368,11113584,229216,29023
807,10894040,11132845,238805,28862
808,10903646,11152162,248516,28964
809,10913297,11171509,258212,28993
810,10922949,11190810,267861,28970
811,10932624,11210122,277498,28920
812,10942238,11229436,287198,28971
813,10951900,11248743,296843,28907
814,10961506,11268055,306549,28943
815,10971141,11287368,316227,28932
816,10980765,11306682,325917,35960
817,10997418,11325967,328549,38648
818,11016787,11345252,328465,38597
819,11036106,11364514,328408,38583
820,11055435,11383828,328393,38614
821,11074743,11403125,328382,38574
822,11094027,11422439,328412,38684
823,11113404,11441755,328351,38555
824,11132651,11461067,328416,38620
825,11151966,11480377,328411,38653
826,11171317,11499691,328374,38604
827,11190614,11519000,328386,38620
828,11209932,11538316,328384,38609
829,11229233,11557601,328368,38591
830,11248547,11576885,328338,38589
831,11267860,11596212,328352,38631
832,11287172,11615511,328339,38610
833,11306490,11634827,328337,38585
834,11325767,11654132,328365,38589
835,11345059,11673501,328442,38628
836,11364326,11692811,328485,38609
837,11383633,11712185,328552,38662
838,11402929,11731498,328569,38619
839,11422243,11750799,328556,38610
840,11441560,11770134,328574,38638
841,11460871,11789441,328570,38612
842,11480182,11808723,328541,38591
843,11499499,11828021,328522,38600
844,11518808,11847380,328572,38664
845,11538121,11866693,328572,38593
846,11557409,11886004,328595,38588
847,11576694,11905317,328623,38626
848,11596015,11924617,328602,38589
849,11615310,11943931,328621,38627
850,11634631,11963242,328611,38614
851,11653941,11982555,328614,38671
852,11673306,12001856,328550,38604
853,11692616,12021135,328519,38645
854,11711988,12040540,328552,38715
855,11731305,12060321,329016,39084
856,11750616,12079586,328970,38577
857,11769936,12098880,328944,38599
858,11789248,12118169,328921,38565
859,11808531,12137519,328988,38642
860,11827829,12156782,328953,38614
861,11847187,12176088,328901,38608
862,11866496,12195392,328896,38613
863,11885812,12214668,328856,38579
864,11905122,12233973,328851,38599
865,11924423,12253250,328827,38584
866,11943737,12272527,328790,38579
867,11963046,12291776,328730,38560
868,11982364,12311063,328699,38589
869,12001673,12330356,328683,38542
870,12020928,12349661,328733,38719
871,12040350,12368963,328613,39194
872,12060263,12388268,328005,38451
873,12079416,12407573,328157,38574
874,12098691,12426877,328186,38584
875,12117978,12446180,328202,38661
876,12137343,12465457,328114,38527
877,12156599,12484734,328135,38572
878,12175901,12504013,328112,38574
879,12195202,12523302,328100,38573
880,12214493,12542615,328122,38599
881,12233785,12561893,328108,38545
882,12253059,12581170,328111,38550
883,12272339,12600472,328133,38531
884,12291574,12619788,328214,38624
885,12310889,12639078,328189,38560
886,12330166,12658412,328246,38632
887,12349470,12677716,328246,38603
888,12368776,12696990,328214,38572
889,12388080,12716257,328177,38565
890,12407385,12735502,328117,38540
891,12426687,12754816,328129,38610
892,12445989,12774104,328115,38574
893,12465282,12793408,328126,38553
894,12484537,12812739,328202,38612
895,12503825,12832044,328219,38588
896,12523114,12851380,328266,38642
897,12542427,12870685,328258,38588
898,12561716,12889988,328272,38575
899,12580995,12909587,328592,38879
900,12600281,12928728,328447,38452
901,12619599,12948171,328572,38727
902,12638889,12967508,328619,38666
903,12658225,12986855,328630,38645
904,12677529,13006144,328615,38553
905,12696800,13025450,328650,38565
906,12716065,13044754,328689,38542
907,12735310,13064057,328747,38612
908,12754626,13083359,328733,38599
909,12773930,13102636,328706,38560
910,12793221,13121940,328719,38631
911,12812555,13141302,328747,38653
912,12831853,13160746,328893,38793
913,12851209,13180023,328814,38555
914,12870494,13199301,328807,38576
915,12889800,13218591,328791,38644
916,12909161,13237881,328720,38657
917,12928535,13257166,328631,38724
918,12947981,13276490,328509,38611
919,12967286,13295782,328496,38665
920,12986666,13315057,328391,38561
921,13005958,13334362,328404,38616
922,13025275,13353652,328377,38576
923,13044568,13372948,328380,38590
924,13063869,13392234,328365,38583
925,13083172,13411478,328306,38526
926,13102461,13430751,328290,38558
927,13121753,13450054,328301,38657
928,13141114,13469344,328230,38727
929,13160569,13488647,328078,38559
930,13179833,13507957,328124,38546
931,13199075,13527242,328167,38605
932,13218403,13546534,328131,38576
933,13237693,13565838,328145,38579
934,13256975,13585156,328181,38634
935,13276298,13604431,328133,38560
936,13295589,13623724,328135,38579
937,13314881,13643012,328131,38573
938,13334173,13662316,328143,38580
939,13353456,13681606,328150,38572
940,13372744,13700893,328149,38574
941,13392038,13720186,328148,38537
942,13411290,13739475,328185,38551
943,13430558,13758780,328222,38605
944,13449865,13778085,328220,38591
945,13469157,13797365,328208,38574
946,13488458,13816663,328205,38577
947,13507744,13835941,328197,38593
948,13527066,13855220,328154,38550
949,13546344,13874472,328128,38538
950,13565637,13893771,328134,38624
951,13584968,13913079,328111,38575
952,13604242,13932368,328126,38574
953,13623534,13951729,328195,38603
954,13642782,13971032,328250,38642
955,13662127,13990338,328211,38587
956,13681414,14009642,328228,38587
957,13700704,14028916,328212,38574
958,13720011,14048406,328395,38757
959,13739285,14067788,328503,38682
960,13758592,14087123,328531,38631
961,13777895,14106510,328615,38674
962,13797189,14125837,328648,38604
963,13816473,14145156,328683,38591
964,13835752,14164487,328735,38598
965,13855025,14183822,328797,38585
966,13874282,14203125,328843,38598
967,13893583,14222412,328829,38588
968,13912889,14241737,328848,38605
969,13932176,14261028,328852,38647
970,13951539,14280329,328790,38600
971,13970844,14299606,328762,38568
972,13990143,14318887,328744,38585
973,14009454,14338123,328669,38519
974,14028744,14357442,328698,38805
975,14048237,14376731,328494,38652
976,14067608,14396036,328428,38597
977,14086907,14415340,328433,38644
978,14106254,14434644,328390,38694
979,14125651,14453949,328298,38616
980,14144968,14473253,328285,38644
981,14164314,14492530,328216,38591
982,14183634,14511815,328181,38577
983,14202933,14531126,328193,38592
984,14222221,14550408,328187,38604
985,14241549,14569586,328037,38462
986,14260840,14588614,327774,38323
987,14280141,14607625,327484,38279
988,14299416,14626616,327200,38265
989,14318697,14645624,326927,38237
990,14337932,14664655,326723,38347
991,14357255,14683717,326462,38343
992,14376543,14702790,326247,38371
993,14395848,14721855,326007,38359
994,14415149,14740783,325634,38230
995,14434457,14759712,325255,38226
996,14453761,14778642,324881,38227
997,14473064,14797603,324539,38246
998,14492355,14816534,324179,38193
999,14511624,14835558,323934,38329
1000,14530935,14854421,323486,38133
