step,start,end,latency,execution
1,0,63980,63980,75936
2,20093,114925,94832,72939
3,42100,172593,130493,89524
4,73959,223535,149576,72196
5,95217,279561,184344,87556
6,126750,329967,203217,72057
7,148405,385008,236603,90505
8,183872,435629,251757,72106
9,205361,487752,282391,83409
10,236650,539874,303224,73349
11,257880,591997,334117,82277
12,288037,645425,357388,74720
13,309333,695715,386382,81612
14,340658,742097,401439,67602
15,361880,792642,430762,84698
16,396036,833798,437762,62045
17,416927,874979,458052,70570
18,446320,916307,469987,60693
19,465687,957511,491824,70587
20,495074,998606,503532,50415
21,504397,1039813,535416,60537
22,523730,1081014,557284,70614
23,553146,1122189,569043,60503
24,572478,1163359,590881,85407
25,616722,1205165,588443,52599
26,627519,1246725,619206,81097
27,667063,1287963,620900,52395
28,678224,1329182,650958,80654
29,717663,1370378,652715,52377
30,728848,1411637,682789,71848
31,759440,1452937,693497,63130
32,781273,1494150,712877,82443
33,822506,1535362,712856,82368
34,863665,1576572,712907,82445
35,904904,1617809,712905,82501
36,946171,1658995,712824,82356
37,987344,1700146,712802,82316
38,1028513,1741319,712806,82337
39,1069681,1782534,712853,82409
40,1110878,1824713,713835,83359
41,1152061,1866262,714201,82753
42,1193269,1907497,714228,83295
43,1235332,1948756,713424,82545
44,1276621,1989944,713323,82396
45,1317832,2031086,713254,82355
46,1359047,2072296,713249,82435
47,1400276,2113497,713221,82456
48,1441534,2154761,713227,82524
49,1482797,2195964,713167,82392
50,1523989,2237234,713245,82508
51,1565229,2278668,713439,82654
52,1606452,2320215,713763,82767
53,1647675,2361437,713762,82407
54,1688863,2403074,714211,82794
55,1730024,2444606,714582,82689
56,1771183,2486124,714941,83396
57,1813065,2527328,714263,83013
58,1854877,2568534,713657,82471
59,1896147,2609752,713605,82460
60,1937393,2650962,713569,82429
61,1978615,2692186,713571,82379
62,2019773,2733411,713638,82404
63,2060955,2774629,713674,82420
64,2102160,2815760,713600,82341
65,2143373,2856990,713617,82514
66,2184659,2898220,713561,82423
67,2225856,2939462,713606,82556
68,2267174,2980663,713489,82844
69,2308820,3022831,714011,83412
70,2350068,3064509,714441,82880
71,2391274,3105739,714465,83220
72,2433268,3147129,713861,82814
73,2474695,3188470,713775,82607
74,2515964,3229685,713721,82445
75,2557197,3270877,713680,82391
76,2598398,3312149,713751,82489
77,2639619,3353375,713756,82435
78,2680831,3394702,713871,82542
79,2722049,3435988,713939,82512
80,2763278,3477271,713993,82497
81,2804497,3518725,714228,82610
82,2845657,3559979,714322,82447
83,2886853,3601243,714390,82494
84,2928087,3643407,715320,83403
85,2969330,3684829,715499,83394
86,3011306,3726134,714828,83035
87,3053039,3767332,714293,82552
88,3094397,3808519,714122,82509
89,3135722,3849741,714019,82581
90,3177085,3890842,713757,82347
91,3218335,3932114,713779,82457
92,3259523,3973396,713873,82528
93,3300773,4014623,713850,82501
94,3342051,4055840,713789,82403
95,3383240,4097034,713794,82626
96,3424676,4138231,713555,82405
97,3465886,4179430,713544,82689
98,3507380,4221358,713978,83167
99,3548623,4262674,714051,82534
100,3589845,4303892,714047,83375
101,3632006,4345093,713087,82650
102,3673459,4386284,712825,82483
103,3714754,4427629,712875,82592
104,3756004,4468901,712897,82451
105,3797187,4510274,713087,82595
106,3838413,4551604,713191,82492
107,3879579,4592856,713277,82436
108,3920766,4634111,713345,82492
109,3962007,4675287,713280,82437
110,4003272,4716501,713229,82429
111,4044491,4757752,713261,82465
112,4085708,4798933,713225,82368
113,4126898,4840918,714020,83189
114,4168105,4882143,714038,82929
115,4209813,4923347,713534,82705
116,4251316,4964560,713244,82494
117,4292601,5005754,713153,82351
118,4333761,5046972,713211,82408
119,4374955,5088219,713264,82584
120,4416294,5129473,713179,82512
121,4457555,5170624,713069,82391
122,4498798,5211923,713125,82756
123,4540258,5253119,712861,82406
124,4581472,5294380,712908,82506
125,4622721,5335850,713129,82695
126,4663950,5377201,713251,82580
127,4705184,5419115,713931,83088
128,4746362,5460446,714084,82555
129,4787590,5501634,714044,83151
130,4829556,5542789,713233,82408
131,4870813,5583959,713146,82389
132,4912035,5625165,713130,82382
133,4953215,5666390,713175,82429
134,4994421,5707633,713212,82428
135,5035609,5748876,713267,82470
136,5076839,5790043,713204,82408
137,5118084,5831329,713245,82511
138,5159312,5872573,713261,82602
139,5200673,5913852,713179,82389
140,5241787,5954996,713209,82391
141,5283037,5996248,713211,82555
142,5324343,6038291,713948,83511
143,5365814,6079533,713719,83001
144,5407576,6120777,713201,82796
145,5449132,6161928,712796,82354
146,5490339,6203101,712762,82303
147,5531472,6244346,712874,82428
148,5572657,6285568,712911,82393
149,5613831,6326857,713026,82484
150,5655030,6368033,713003,82458
151,5696314,6409253,712939,82432
152,5737530,6479523,741993,111477
153,5778741,6537313,758572,98956
154,5819911,6585828,765917,89798
155,5861198,6641415,780217,96852
156,5902466,6689508,787042,89314
157,5943712,6737517,793805,89170
158,5984893,6785458,800565,89904
159,6026860,6844142,817282,100009
160,6068188,6892187,823999,89248
161,6109395,6940206,830811,89263
162,6150643,6986335,835692,87276
163,6191793,7046254,854461,101090
164,6232967,7092404,859437,87385
165,6274206,7138517,864311,87373
166,6315470,7188638,873168,91374
167,6356726,7238866,882140,91401
168,6397903,7285088,887185,88810
169,6452109,7331279,879170,119899
170,7332037,7451107,119070,124377
171,7341426,7470695,129269,46441
172,7368290,7532813,164523,87655
173,7393830,7544283,150453,47802
174,7430165,7608809,178644,106034
175,7471677,7633230,161553,64850
176,7512110,7690643,178533,103697
177,7558397,7710059,151662,49125
178,7588110,7769527,181417,104599
179,7633243,7788935,155692,56152
180,7669989,7849044,179055,100183
181,7710065,7858525,148460,48282
182,7748869,7922786,173917,104330
183,7788941,7952287,163346,59584
184,7819030,8003466,184436,102106
185,7869961,8035066,165105,63800
186,7902165,8084809,182644,93159
187,7945584,8116363,170779,69698
188,7983731,8159398,175667,87104
189,8027803,8184244,156441,61149
190,8064110,8236791,172681,95176
191,8106742,8266216,159474,64845
192,8142165,8317968,175803,95857
193,8186273,8327449,141176,39314
194,8216110,8400994,184884,114897
195,8257466,8431137,173671,68783
196,8296110,8479885,183775,96070
197,8343435,8511935,168500,57467
198,8368855,8560254,191399,98592
199,8419135,8579828,160693,49720
200,8449285,8636748,187463,107743
201,8500112,8667361,167249,61522
202,8531024,8718268,187244,99714
203,8579835,8746976,167141,64980
204,8616110,8796191,180081,90556
205,8657453,8825731,168278,60193
206,8688110,8876002,187892,98270
207,8736112,8904282,168170,59924
208,8767759,8954825,187066,95853
209,8813072,8982694,169622,57171
210,8842377,9025892,183515,92929
211,8892112,9057972,165860,62766
212,8922801,9113595,190794,104931
213,8972112,9141020,168908,59419
214,9004110,9192308,188198,91728
215,9044554,9221273,176719,59118
216,9074710,9271524,196814,107649
217,9132112,9299965,167853,59418
218,9163092,9350680,187588,96026
219,9208406,9378553,170147,57840
220,9238377,9429529,191152,100707
221,9288112,9458257,170145,59414
222,9318801,9508576,189775,99626
223,9368112,9536861,168749,60280
224,9400110,9587420,187310,94557
225,9444112,9624166,180054,67008
226,9474377,9667370,192993,92923
227,9524112,9694492,170380,57809
228,9554802,9747165,192363,101979
229,9604112,9776098,171986,60927
230,9636110,9826672,190562,92406
231,9677945,9856210,178265,67700
232,9716109,9905657,189548,97446
233,9764112,9934364,170252,58968
234,9794377,9984560,190183,90407
235,9834591,10012857,178266,69813
236,9876110,10063376,187266,94517
237,9920112,10100266,180154,67152
238,9950377,10142300,191923,91765
239,10000112,10161739,161627,50126
240,10030801,10221111,190310,108680
241,10080112,10255225,175113,66109
242,10112110,10299242,187132,84015
243,10152112,10327959,175847,59691
244,10183089,10379130,196041,97991
245,10229913,10410539,180626,65006
246,10263514,10473056,209542,103443
247,10304444,10482508,178064,48943
248,10343939,10535419,191480,93083
249,10384114,10564177,180063,68750
250,10424110,10627910,203800,104160
251,10464541,10667988,203447,70231
252,10494698,10705425,210727,86847
253,10544112,10730599,186487,57358
254,10576298,10778274,201976,76290
255,10604916,10801892,196976,74808
256,10656109,10857407,201298,77515
257,10678113,10900866,222753,102489
258,10737147,10951806,214659,71044
259,10757254,10981313,224059,81311
260,10809060,11022041,212981,69258
261,10837593,11031482,193889,67954
262,10896110,11101123,205013,93704
263,10920175,11118825,198650,65634
264,10968109,11176452,208343,86213
265,10996699,11213881,217182,93218
266,11052491,11265487,212996,71711
267,11072599,11294998,222399,80878
268,11123969,11347542,223573,81852
269,11153280,11376692,223412,79977
270,11204109,11417572,213463,72969
271,11236201,11427059,190858,57392
272,11284110,11499987,215877,104029
273,11315214,11537466,222252,86371
274,11364110,11571429,207319,61868
275,11392017,11611003,218986,85992
276,11438438,11651053,212615,69720
277,11468112,11692725,224613,93078
278,11519522,11731056,211534,63012
279,11544206,11748557,204351,73510
280,11600218,11810214,209996,91814
281,11630379,11830073,199694,60618
282,11671141,11894155,223014,94837
283,11701899,11932676,230777,87296
284,11750678,11963802,213124,61266
285,11780821,11983539,202718,70862
286,11831948,12046075,214127,91151
287,11860566,12064944,204378,64649
288,11906350,12127093,220743,98917
289,11943122,12154890,211768,71367
290,11986694,12207763,221069,82353
291,12016176,12227266,211090,70863
292,12067539,12289446,221907,91488
293,12096850,12332486,235636,85968
294,12139781,12372853,233072,77822
295,12177240,12402257,225017,70170
296,12218009,12452356,234347,81655
297,12249568,12471877,222309,70390
298,12300439,12535026,234587,95199
299,12332493,12585913,253420,101517
300,12383130,12635434,252304,76079
301,12409692,12668828,259136,79106
302,12455407,12711640,256233,79201
303,12491800,12733142,241342,75745
304,12560108,12766254,206146,64715
305,12591715,12783689,191974,79726
306,12784363,12836747,52384,33971
307,12793702,12889503,95801,103396
308,12844346,12946321,101975,78791
309,12866343,13007127,140784,90966
310,12896513,13059629,163116,73832
311,12917847,13107263,189416,62834
312,12933050,13165726,232676,92306
313,12966896,13218247,251351,71944
314,12986323,13262234,275911,77316
315,13019656,13315570,295914,72703
316,13039026,13369077,330051,86704
317,13072226,13421233,349007,71417
318,13091489,13469550,378061,82922
319,13126098,13521705,395607,71092
320,13145038,13568209,423171,79710
321,13178247,13614261,436014,65455
322,13197654,13655434,457780,72463
323,13228948,13696990,468042,50829
324,13238224,13738895,500671,78448
325,13274771,13780078,505307,60613
326,13294204,13821298,527094,76874
327,13329861,13862488,532627,59274
328,13347948,13903662,555714,70588
329,13377365,13944863,567498,60560
330,13396728,13986121,589393,50530
331,13406004,14027377,621373,80692
332,13445443,14068578,623135,74440
333,13478685,14109843,631158,60595
334,13498018,14150997,652979,80589
335,13537456,14192203,654747,50479
336,13546732,14233399,686667,76219
337,13581758,14274557,692799,62335
338,13602939,14316677,713738,83275
339,13644097,14358005,713908,82613
340,13685386,14399177,713791,83321
341,13727538,14440440,712902,82519
342,13768798,14481570,712772,82304
343,13809976,14522950,712974,82598
344,13851196,14564239,713043,82447
345,13892357,14605507,713150,82438
346,13933530,14646730,713200,82418
347,13974729,14687865,713136,82419
348,14016017,14729109,713092,82461
349,14057238,14770316,713078,82408
350,14098443,14811467,713024,82390
351,14139685,14852743,713058,82453
352,14180866,14894027,713161,82476
353,14222062,14936121,714059,83293
354,14263265,14977540,714275,83247
355,14305099,15018841,713742,82833
356,14346634,15060064,713430,82428
357,14387843,15101306,713463,82440
358,14429045,15142539,713494,82490
359,14470306,15183760,713454,82479
360,14511567,15224966,713399,82482
361,14552847,15266380,713533,82668
362,14594105,15307943,713838,82794
363,14635340,15349143,713803,82455
364,14676599,15390346,713747,82336
365,14717735,15431557,713822,82446
366,14758973,15472797,713824,82474
367,14800211,15514789,714578,83142
368,14841365,15556212,714847,82662
369,14882608,15597448,714840,83387
370,14924762,15638597,713835,82528
371,14966145,15679821,713676,82539
372,15007463,15721071,713608,82493
373,15048709,15762310,713601,82488
374,15089962,15803519,713557,82414
375,15131171,15844753,713582,82496
376,15172436,15885964,713528,82443
377,15213670,15927194,713524,82459
378,15254903,15968438,713535,82910
379,15296573,16009720,713147,82518
380,15337811,16050894,713083,82363
381,15379004,16092149,713145,82492
382,15420243,16134269,714026,83299
383,15461425,16175456,714031,82932
384,15503175,16216611,713436,82863
385,15544886,16257863,712977,82433
386,15586070,16299062,712992,82411
387,15627285,16340312,713027,82426
388,15668465,16381572,713107,82481
389,15709689,16422815,713126,82515
390,15750964,16464104,713140,82528
391,15792207,16505374,713167,82473
392,15833415,16546613,713198,82438
393,15874617,16587835,713218,82433
394,15915831,16629038,713207,82430
395,15957062,16670261,713199,82487
396,15998330,16712020,713690,82999
397,16039573,16753486,713913,82680
398,16080791,16794657,713866,83192
399,16122815,16835830,713015,82529
400,16164175,16877072,712897,82388
401,16205324,16918290,712966,82365
402,16246475,16959503,713028,82491
403,16287756,17000702,712946,82371
404,16328931,17041918,712987,82457
405,16370176,17083136,712960,82537
406,16411499,17124343,712844,82436
407,16452731,17165526,712795,82451
408,16494003,17206840,712837,82552
409,16535244,17248063,712819,82485
410,16576508,17289515,713007,82644
411,16617704,17331751,714047,83432
412,16658904,17373107,714203,82548
413,16700099,17414325,714226,83234
414,16742119,17455511,713392,82414
415,16783351,17496716,713365,82374
416,16824524,17537883,713359,82367
417,16865728,17579074,713346,82425
418,16906965,17620282,713317,82384
419,16948144,17661493,713349,82435
420,16989371,17702684,713313,82385
421,17030568,17743862,713294,82393
422,17071785,17785121,713336,82474
423,17113004,17826319,713315,82402
424,17154211,17867579,713368,82468
425,17195423,17909336,713913,83038
426,17236708,17950811,714103,82800
427,17278037,17992004,713967,83508
428,17320356,18033279,712923,82619
429,17361704,18074496,712792,82510
430,17403001,18115605,712604,82298
431,17444194,18156835,712641,82411
432,17485379,18198038,712659,82400
433,17526580,18239237,712657,82360
434,17567744,18280523,712779,82482
435,17608943,18321820,712877,82490
436,17650139,18363056,712917,82423
437,17691329,18404288,712959,82451
438,17732552,18445503,712951,82390
439,17773730,18486804,713074,82552
440,17814985,18528756,713771,83207
441,17856244,18570062,713818,82535
442,17897476,18611272,713796,83170
443,17939439,18652479,713040,82442
444,17980677,18693901,713224,82680
445,18021938,18735123,713185,82426
446,18063145,18776351,713206,82443
447,18104364,18817604,713240,82391
448,18145504,18858912,713408,82500
449,18186700,18900195,713495,82455
450,18227876,18941394,713518,82426
451,18269106,18982526,713420,82442
452,18310419,19023763,713344,82530
453,18351714,19064958,713244,82401
454,18392924,19106629,713705,82891
455,18434147,19148341,714194,82897
456,18475335,19189706,714371,83402
457,18517375,19230865,713490,82532
458,18558752,19272254,713502,82533
459,18599899,19313628,713729,82641
460,18641168,19354825,713657,82553
461,18682536,19396013,713477,82409
462,18723769,19437222,713453,82458
463,18765021,19478440,713419,82409
464,18806215,19519911,713696,82816
465,18847564,19561209,713645,82513
466,18888782,19602394,713612,82462
467,18930062,19643660,713598,82464
468,18971262,19684842,713580,82332
469,19012415,19726750,714335,83120
470,19053631,19768063,714432,82502
471,19094823,19809266,714443,83295
472,19136918,19850467,713549,82572
473,19178292,19891660,713368,82444
474,19219546,19932981,713435,82585
475,19260813,19974200,713387,82732
476,19302330,20015467,713137,82458
477,19343523,20056730,713207,82468
478,19384732,20097991,713259,82435
479,19425909,20139126,713217,82310
480,19467087,20180380,713293,82723
481,19508559,20221645,713086,82527
482,19549825,20262815,712990,82445
483,19591104,20303992,712888,82360
484,19632289,20345964,713675,83208
485,19673528,20387145,713617,82981
486,19715332,20428461,713129,82731
487,19756750,20469770,713020,82481
488,19797926,20511018,713092,82471
489,19839153,20552225,713072,82385
490,19880335,20593405,713070,82428
491,19921585,20634543,712958,82396
492,19962847,20675689,712842,82362
493,20004067,20716969,712902,82546
494,20045336,20758178,712842,82464
495,20086594,20799336,712742,82418
496,20127857,20840604,712747,82402
497,20168995,20881868,712873,82510
498,20210244,20923783,713539,83152
499,20251484,20965224,713740,82664
500,20292711,21006423,713712,83126
501,20334642,21047706,713064,82468
502,20375831,21088915,713084,82446
503,20417071,21130134,713063,82527
504,20458382,21171307,712925,82394
505,20499606,21212523,712917,82491
506,20540885,21253730,712845,82407
507,20582089,21294941,712852,82389
508,20623271,21336123,712852,82320
509,20664411,21377418,713007,82466
510,20705585,21418702,713117,82530
511,20746834,21459914,713080,82395
512,20788020,21501262,713242,82558
513,20829233,21543284,714051,83255
514,20870469,21584565,714096,83112
515,20912303,21625725,713422,82687
516,20953833,21666928,713095,82456
517,20995090,21708178,713088,82516
518,21036359,21749417,713058,82445
519,21077569,21790584,713015,82374
520,21118780,21831842,713062,82449
521,21159974,21873105,713131,82529
522,21201243,21914301,713058,82337
523,21242388,21955517,713129,82464
524,21283640,21996734,713094,82411
525,21324837,22037972,713135,82414
526,21366017,22079173,713156,82493
527,21407312,22121089,713777,83171
528,21448569,22162502,713933,82653
529,21489812,22203699,713887,83349
530,21531967,22244890,712923,82401
531,21573181,22286107,712926,82465
532,21614433,22327308,712875,82330
533,21655566,22368469,712903,82416
534,21696824,22409796,712972,82542
535,21738042,22451175,713133,82615
536,21779282,22492712,713430,82704
537,21820452,22533969,713517,82513
538,21861711,22575110,713399,82424
539,21902998,22616294,713296,82353
540,21944170,22657563,713393,82509
541,21985414,22698799,713385,82457
542,22026638,22740770,714132,83141
543,22067810,22781975,714165,82432
544,22109040,22823185,714145,83310
545,22151142,22864455,713313,82525
546,22192400,22905748,713348,82458
547,22233567,22946909,713342,82346
548,22274755,22988191,713436,82527
549,22316003,23029462,713459,82441
550,22357176,23070664,713488,82394
551,22398372,23111872,713500,82694
552,22439861,23153128,713267,82685
553,22481294,23194390,713096,82543
554,22522577,23235605,713028,82461
555,22563827,23276817,712990,82360
556,22604978,23318818,713840,83178
557,22646158,23360279,714121,82731
558,22687431,23401484,714053,83135
559,22729364,23442661,713297,82476
560,22770667,23483909,713242,82392
561,22811814,23525364,713550,82717
562,22853080,23566575,713495,82474
563,22894347,23607863,713516,82525
564,22935588,23649214,713626,82565
565,22976805,23690914,714109,82975
566,23018084,23732203,714119,82500
567,23059299,23773360,714061,82386
568,23100532,23814577,714045,82422
569,23141740,23855773,714033,82445
570,23182993,23897008,714015,82498
571,23224258,23938207,713949,82441
572,23265503,23979387,713884,82442
573,23306768,24020647,713879,83382
574,23348893,24061832,712939,82435
575,23390147,24103023,712876,82365
576,23431325,24144215,712890,82422
577,23472559,24185447,712888,82696
578,23514027,24226589,712562,82337
579,23555225,24267763,712538,82389
580,23596443,24309068,712625,82791
581,23637932,24350324,712392,82859
582,23679538,24391614,712076,82590
583,23720840,24433046,712206,82660
584,23762072,24474356,712284,82463
585,23803229,24515547,712318,82433
586,23844474,24556802,712328,82418
587,23885641,24598024,712383,82450
588,23926872,24639198,712326,82372
589,23968074,24680396,712322,82425
590,24009304,24721638,712334,82447
591,24050512,24762850,712338,82365
592,24091669,24804061,712392,82430
593,24132892,24845372,712480,82499
594,24174083,24886552,712469,82377
595,24215284,24927768,712484,82414
596,24256486,24969051,712565,82535
597,24297742,25010214,712472,82351
598,24338933,25051518,712585,82583
599,24380216,25092758,712542,82728
600,24421708,25133956,712248,82455
601,24462969,25175151,712182,82496
602,24504274,25216392,712118,82424
603,24545461,25257633,712172,82444
604,24586667,25298859,712192,82418
605,24627863,25340087,712224,82426
606,24669065,25381309,712244,82415
607,24710261,25422678,712417,82609
608,24751505,25463972,712467,82504
609,24792718,25505228,712510,82521
610,24833987,25546455,712468,82474
611,24875237,25587685,712448,82409
612,24916420,25628979,712559,82509
613,24957645,25670191,712546,82469
614,24998913,25711306,712393,82318
615,25040119,25752563,712444,82521
616,25081386,25793807,712421,82477
617,25122623,25835033,712410,82394
618,25163794,25876264,712470,82453
619,25205020,25917492,712472,82455
620,25246251,25958683,712432,82469
621,25287532,25999921,712389,82459
622,25328757,26041166,712409,82440
623,25369955,26082374,712419,82559
624,25411309,26123619,712310,82610
625,25452678,26164884,712206,82476
626,25493893,26206082,712189,82394
627,25535093,26247226,712133,82371
628,25576324,26288445,712121,82475
629,25617583,26329705,712122,82528
630,25658854,26370927,712073,82394
631,25700029,26412101,712072,82316
632,25741175,26453341,712166,82489
633,25782427,26494586,712159,82488
634,25823674,26535780,712106,82418
635,25864901,26576936,712035,82381
636,25906129,26618202,712073,82462
637,25947328,26659392,712064,82409
638,25988551,26700680,712129,82551
639,26029818,26741892,712074,82417
640,26071027,26783066,712039,82415
641,26112272,26824270,711998,82419
642,26153490,26865566,712076,82551
643,26194748,26906824,712076,82427
644,26235920,26948067,712147,82414
645,26277094,26989360,712266,82589
646,26318394,27030632,712238,82419
647,26359543,27071795,712252,82468
648,26400851,27112984,712133,82332
649,26441997,27154173,712176,82394
650,26483206,27195406,712200,82479
651,26524454,27236630,712176,82415
652,26565648,27277824,712176,82344
653,26606802,27319027,712225,82438
654,26648041,27360284,712243,82502
655,26689289,27401487,712198,82452
656,26730541,27442664,712123,82361
657,26771728,27483860,712132,82397
658,26812933,27525330,712397,82697
659,26854163,27566545,712382,82483
660,26895435,27607712,712277,82422
661,26936693,27648975,712282,82532
662,26977964,27690224,712260,82566
663,27019284,27731388,712104,82377
664,27060500,27772603,712103,82375
665,27101663,27813760,712097,82339
666,27142849,27854972,712123,82402
667,27184042,27896244,712202,82501
668,27225275,27937496,712221,82463
669,27266490,27978645,712155,82375
670,27307720,28019799,712079,82327
671,27348895,28061070,712175,82521
672,27390149,28102312,712163,82412
673,27431322,28143501,712179,82425
674,27472561,28184717,712156,82615
675,27513964,28225933,711969,82444
676,27555195,28267151,711956,82433
677,27596413,28308339,711926,82352
678,27637580,28349509,711929,82426
679,27678840,28390723,711883,82433
680,27720063,28431982,711919,82476
681,27761283,28473283,712000,82480
682,27802466,28514575,712109,82448
683,27843626,28555730,712104,82366
684,27884841,28596979,712138,82508
685,27926103,28638162,712059,82436
686,27967360,28679392,712032,82418
687,28008552,28720716,712164,82465
688,28049697,28762007,712310,82525
689,28090934,28803210,712276,82445
690,28132179,28844467,712288,82444
691,28173370,28885673,712303,82415
692,28214582,28926886,712304,82427
693,28255799,28968183,712384,82544
694,28297048,29009458,712410,82427
695,28338204,29050707,712503,82387
696,28379345,29091907,712562,82471
697,28420620,29133223,712603,82600
698,28461907,29174484,712577,82537
699,28503186,29215618,712432,82411
700,28544465,29256846,712381,82357
701,28585598,29297978,712380,82374
702,28626844,29339179,712335,82348
703,28667994,29380398,712404,82584
704,28709362,29421651,712289,82552
705,28750665,29462950,712285,82476
706,28791846,29504216,712370,82551
707,28833135,29545492,712357,82468
708,28874331,29586669,712338,82351
709,28915508,29627935,712427,82549
710,28956794,29669122,712328,82524
711,28998133,29710293,712160,82373
712,29039338,29751532,712194,82482
713,29080585,29792737,712152,82420
714,29121804,29833976,712172,82519
715,29163088,29875192,712104,82478
716,29204354,29916493,712139,82458
717,29245515,29957661,712146,82365
718,29286714,29998797,712083,82264
719,29327845,30040089,712244,82519
720,29369075,30081346,712271,82469
721,29410291,30122604,712313,82512
722,29451548,30163950,712402,82639
723,29492843,30205406,712563,82764
724,29534155,30246611,712456,82404
725,29575358,30287788,712430,82380
726,29616565,30329039,712474,82485
727,29657803,30370215,712412,82355
728,29698986,30411428,712442,82371
729,29740148,30452688,712540,82508
730,29781400,30493962,712562,82472
731,29822602,30535195,712593,82442
732,29863815,30576387,712572,82463
733,29905090,30617580,712490,82457
734,29946357,30658767,712410,82325
735,29987499,30700021,712522,82471
736,30028719,30741181,712462,82426
737,30069988,30782398,712410,82438
738,30111212,30823512,712300,82374
739,30152475,30864803,712328,82814
740,30194002,30905978,711976,82439
741,30235270,30947339,712069,82567
742,30276480,30988569,712089,82403
743,30317657,31029812,712155,82486
744,30358903,31070933,712030,82290
745,30400076,31112173,712097,82456
746,30441296,31153320,712024,82401
747,30482553,31194558,712005,82482
748,30523801,31235739,711938,82439
749,30565063,31276969,711906,82415
750,30606252,31318252,712000,82443
751,30647415,31359466,712051,82460
752,30688664,31400711,712047,82467
753,30729889,31441918,712029,82360
754,30771046,31483177,712131,82475
755,30812266,31524620,712354,82583
756,30853410,31565830,712420,82464
757,30894667,31607027,712360,82471
758,30935945,31648235,712290,82495
759,30977236,31689492,712256,82489
760,31018471,31730675,712204,82359
761,31059650,31771923,712273,82396
762,31100801,31813122,712321,82433
763,31142037,31854326,712289,82350
764,31183187,31895476,712289,82386
765,31224434,31936722,712288,82438
766,31265636,31977974,712338,82505
767,31306893,32019154,712261,82374
768,31348091,32060363,712272,82448
769,31389334,32101601,712267,82477
770,31430576,32142759,712183,82363
771,31471785,32183977,712192,82710
772,31513280,32225180,711900,82406
773,31554485,32266423,711938,82423
774,31595669,32307608,711939,82409
775,31636895,32348861,711966,82454
776,31678100,32390134,712034,82498
777,31719328,32431324,711996,82430
778,31760572,32472749,712177,82640
779,31801791,32514036,712245,82508
780,31843015,32555228,712213,82362
781,31884189,32596413,712224,82347
782,31925353,32637611,712258,82429
783,31966587,32678808,712221,82449
784,32007842,32719918,712076,82315
785,32049050,32761158,712108,82416
786,32090228,32802348,712120,82399
787,32131440,32843596,712156,82434
788,32172630,32884785,712155,82401
789,32213845,32926041,712196,82452
790,32255045,32967205,712160,82435
791,32296319,33008462,712143,82468
792,32337533,33049760,712227,82489
793,32378726,33090961,712235,82443
794,32419972,33132252,712280,82659
795,32461343,33173540,712197,82630
796,32502688,33214820,712132,82491
797,32543903,33256043,712140,82413
798,32585096,33297305,712209,82439
799,32626277,33338536,712259,82400
800,32667449,33379761,712312,82448
801,32708676,33420976,712300,82321
802,32749785,33462147,712362,82406
803,32791024,33503393,712369,82492
804,32832273,33544594,712321,82388
805,32873464,33585800,712336,82389
806,32914650,33626971,712321,82396
807,32955879,33668171,712292,82391
808,32997073,33709574,712501,82709
809,33038381,33750811,712430,82452
810,33079599,33792036,712437,82480
811,33120858,33833260,712402,82478
812,33162115,33874515,712400,82618
813,33203482,33915730,712248,82418
814,33244689,33956979,712290,82469
815,33285913,33998221,712308,82500
816,33327175,34039457,712282,82462
817,33368405,34080702,712297,82524
818,33409687,34121918,712231,82395
819,33450869,34163108,712239,82302
820,33491985,34204407,712422,82572
821,33533262,34245534,712272,82319
822,33574458,34286726,712268,82397
823,33615667,34327964,712297,82406
824,33656839,34369245,712406,82670
825,33698231,34410458,712227,82390
826,33739412,34451748,712336,82554
827,33780680,34493017,712337,82477
828,33821892,34534379,712487,82592
829,33863126,34575531,712405,82462
830,33904440,34616796,712356,82421
831,33945599,34657973,712374,82418
832,33986844,34699209,712365,82485
833,34028096,34740467,712371,82484
834,34069326,34781624,712298,82395
835,34110567,34822807,712240,82369
836,34151757,34864066,712309,82503
837,34193005,34905323,712318,82521
838,34234271,34946577,712306,82350
839,34275370,34987773,712403,82417
840,34316593,35029048,712455,82622
841,34357943,35070301,712358,82414
842,34399106,35111476,712370,82391
843,34440325,35152663,712338,82533
844,34481674,35193920,712246,82587
845,34523008,35235100,712092,82417
846,34564248,35276341,712093,82382
847,34605393,35317542,712149,82467
848,34646662,35358710,712048,82343
849,34687841,35399882,712041,82405
850,34729078,35441161,712083,82529
851,34770331,35482336,712005,82305
852,34811465,35523747,712282,82648
853,34852705,35565040,712335,82519
854,34893934,35606228,712294,82438
855,34935188,35647397,712209,82451
856,34976473,35688659,712186,82486
857,35017700,35729879,712179,82429
858,35058913,35771154,712241,82528
859,35100169,35812362,712193,82379
860,35141343,35853579,712236,82400
861,35182529,35894755,712226,82429
862,35223785,35935933,712148,82386
863,35264996,35977196,712200,82525
864,35306262,36018463,712201,82392
865,35347390,36059686,712296,82407
866,35388578,36100927,712349,82438
867,35429778,36142102,712324,82420
868,35471027,36183277,712250,82637
869,35512491,36224549,712058,82421
870,35553644,36265802,712158,82521
871,35594916,36307001,712085,82346
872,35636067,36348221,712154,82414
873,35677265,36389425,712160,82459
874,35718524,36430636,712112,82457
875,35759774,36471883,712109,82492
876,35801022,36513232,712210,82578
877,35842254,36554497,712243,82424
878,35883417,36595692,712275,82396
879,35924622,36636983,712361,82463
880,35965798,36678135,712337,82465
881,36007115,36719296,712181,82403
882,36048360,36760549,712189,82439
883,36089548,36801749,712201,82442
884,36130792,36842998,712206,82394
885,36171940,36884261,712321,82465
886,36213145,36925454,712309,82458
887,36254413,36966668,712255,82469
888,36295672,37007886,712214,82441
889,36336898,37049212,712314,82510
890,36378085,37090425,712340,82440
891,36419315,37131631,712316,82449
892,36460562,37172876,712314,82513
893,36501834,37214074,712240,82458
894,36543097,37255182,712085,82373
895,36584365,37296340,711975,82379
896,36625589,37337518,711929,82435
897,36666848,37378706,711858,82310
898,36707974,37419969,711995,82450
899,36749164,37461249,712085,82521
900,36790408,37502490,712082,82473
901,36831643,37543655,712012,82386
902,36872867,37584860,711993,82459
903,36914125,37626083,711958,82385
904,36955290,37667259,711969,82419
905,36996536,37708493,711957,82522
906,37037828,37749688,711860,82441
907,37079077,37790855,711778,82410
908,37120323,37832141,711818,82453
909,37161494,37873408,711914,82509
910,37202740,37914622,711882,82383
911,37243912,37955860,711948,82373
912,37285051,37997081,712030,82370
913,37326204,38038283,712079,82349
914,37367355,38079476,712121,82468
915,37408632,38120737,712105,82491
916,37449865,38161937,712072,82446
917,37491121,38203134,712013,82424
918,37532359,38244358,711999,82385
919,37573523,38285618,712095,82458
920,37614725,38326860,712135,82435
921,37655922,38368009,712087,82379
922,37697156,38409280,712124,82470
923,37738357,38450553,712196,82439
924,37779527,38491842,712315,82482
925,37820723,38533098,712375,82543
926,37862014,38574328,712314,82480
927,37903268,38615532,712264,82422
928,37944490,38656755,712265,82486
929,37985757,38698076,712319,82532
930,38026972,38739214,712242,82285
931,38068122,38780495,712373,82499
932,38109344,38821712,712368,82474
933,38150605,38862980,712375,82475
934,38191815,38904203,712388,82408
935,38233003,38945454,712451,82462
936,38274218,38986738,712520,82579
937,38315516,39028039,712523,82510
938,38356728,39069301,712573,82407
939,38397877,39110487,712610,82479
940,38439174,39151716,712542,82502
941,38480450,39193042,712592,82583
942,38521711,39234282,712571,82489
943,38562963,39275475,712512,82423
944,38604196,39316826,712630,82552
945,38645400,39358014,712614,82524
946,38686740,39399228,712488,82383
947,38727912,39440428,712516,82394
948,38769110,39481634,712524,82454
949,38810360,39523178,712818,82759
950,38851579,39564494,712915,82582
951,38892848,39605741,712893,82464
952,38934068,39646896,712828,82432
953,38975348,39688077,712729,82519
954,39016688,39729246,712558,82413
955,39057936,39770451,712515,82431
956,39099166,39811667,712501,82401
957,39140355,39852980,712625,82571
958,39181616,39894187,712571,82496
959,39222908,39935379,712471,82459
960,39264179,39976539,712360,82411
961,39305433,40017765,712332,82481
962,39346691,40058937,712246,82361
963,39387883,40100113,712230,82386
964,39429096,40141340,712244,82420
965,39470292,40182557,712265,82756
966,39511834,40223738,711904,82519
967,39553176,40264921,711745,82386
968,39594383,40306202,711819,82473
969,39635579,40347375,711796,82355
970,39676764,40388666,711902,82470
971,39717945,40429949,712004,82446
972,39759111,40471208,712097,82464
973,39800319,40512526,712207,82582
974,39841586,40553785,712199,82511
975,39882842,40594990,712148,82386
976,39924026,40636249,712223,82478
977,39965248,40677516,712268,82458
978,40006443,40718659,712216,82328
979,40047631,40759795,712164,82307
980,40088805,40801037,712232,82433
981,40130000,40842321,712321,82486
982,40171205,40883526,712321,82422
983,40212426,40924825,712399,82505
984,40253635,40966140,712505,82550
985,40294874,40998120,703246,73173
986,40336071,41030044,693973,73092
987,40377242,41061973,684731,73242
988,40418558,41093824,675266,73135
989,40459846,41125750,665904,73220
990,40501144,41157650,656506,73138
991,40542386,41189562,647176,73147
992,40583624,41221544,637920,73240
993,40624886,41251546,626660,71226
994,40666113,41281748,615635,71439
995,40707353,41311774,604421,71198
996,40748527,41341782,593255,71135
997,40789657,41371806,582149,71295
998,40830930,41401916,570986,71366
999,40872190,41431870,559680,71184
1000,40913422,41461967,548545,71391
