step,start,end,latency,execution
1,0,57106,57106,70424
2,13402,86832,73430,39434
3,23126,116829,93703,39767
4,32919,146691,113772,39603
5,42666,176641,133975,39783
6,52503,206327,153824,39428
7,62249,235540,173291,38837
8,71877,264541,192664,38994
9,81878,293570,211692,38846
10,91700,322329,230629,38618
11,101565,351014,249449,38544
12,111428,379956,268528,38801
13,121293,408747,287454,38649
14,131156,437511,306355,38615
15,141013,466523,325510,38870
16,150877,495422,344545,38756
17,160739,524131,363392,38566
18,170602,552870,382268,38597
19,180464,581642,401178,38605
20,190302,610841,420539,38934
21,200043,639726,439683,38570
22,209734,668503,458769,38281
23,219244,697404,478160,44970
24,235319,726414,491095,58031
25,264346,755420,491074,58059
26,293405,784504,491099,57788
27,322114,813309,491195,57569
28,350883,842083,491200,57626
29,379741,870814,491073,57552
30,408568,899625,491057,57622
31,437384,928378,490994,57732
32,466369,957100,490731,57569
33,495223,985883,490660,57465
34,523911,1014707,490796,57598
35,552690,1043474,490784,57514
36,581442,1072205,490763,57962
37,610680,1100979,490299,57610
38,639522,1129762,490240,57537
39,668283,1158441,490158,57552
40,697161,1187238,490077,57926
41,726298,1216593,490295,58373
42,755323,1245374,490051,57767
43,784315,1274154,489839,57539
44,813080,1302923,489843,57559
45,841876,1331727,489851,57563
46,870641,1360512,489871,57543
47,899406,1389332,489926,57613
48,928207,1418033,489826,57386
49,956898,1446860,489962,57583
50,985660,1475590,489930,57552
51,1014488,1504412,489924,57583
52,1043254,1533188,489934,57538
53,1072021,1561906,489885,57456
54,1100765,1590846,490081,57713
55,1129545,1619633,490088,57501
56,1158264,1648511,490247,57697
57,1187088,1677279,490191,58077
58,1216404,1706064,489660,57566
59,1245204,1734837,489633,57553
60,1273990,1763571,489581,57495
61,1302756,1792404,489648,57644
62,1331575,1821910,490335,58258
63,1360333,1850757,490424,57587
64,1389079,1879471,490392,57507
65,1417878,1908408,490530,57696
66,1446643,1937421,490778,57802
67,1475438,1966447,491009,57788
68,1504206,1995484,491278,57797
69,1532971,2024259,491288,57583
70,1561786,2053055,491269,57677
71,1590674,2081778,491104,57459
72,1619416,2110545,491129,57654
73,1648309,2139332,491023,57548
74,1677076,2168051,490975,57522
75,1705884,2196788,490904,57484
76,1734638,2225616,490978,57560
77,1763375,2254327,490952,57518
78,1792187,2283119,490932,58291
79,1821691,2311902,490211,57626
80,1850540,2340655,490115,57526
81,1879328,2369433,490105,57669
82,1908226,2398388,490162,57998
83,1937275,2427739,490464,58371
84,1966302,2456500,490198,57800
85,1995347,2485386,490039,57658
86,2024125,2514345,490220,57714
87,2052886,2543354,490468,57740
88,2081623,2572457,490834,57891
89,2110419,2601382,490963,57675
90,2139177,2630216,491039,57529
91,2167878,2658888,491010,57425
92,2196638,2687781,491143,57650
93,2225401,2716616,491215,57594
94,2254166,2745344,491178,57459
95,2282903,2774104,491201,57534
96,2311683,2802909,491226,57559
97,2340444,2831670,491226,57635
98,2369323,2860400,491077,57656
99,2398255,2889162,490907,58094
100,2427592,2917951,490359,57548
101,2456356,2946723,490367,57636
102,2485227,2975499,490272,57718
103,2514175,3004275,490100,57796
104,2543201,3033171,489970,57950
105,2572261,3061884,489623,57641
106,2601195,3090736,489541,57690
107,2630038,3119511,489473,57552
108,2658823,3148275,489452,57538
109,2687602,3177009,489407,57522
110,2716396,3205731,489335,57480
111,2745160,3234544,489384,57610
112,2773963,3263283,489320,57459
113,2802689,3292041,489352,57531
114,2831469,3320838,489369,57542
115,2860220,3349624,489404,57583
116,2889025,3378521,489496,57608
117,2917743,3407299,489556,57537
118,2946507,3436059,489552,57533
119,2975286,3464840,489554,57559
120,3004071,3493572,489501,57654
121,3032998,3522262,489264,57441
122,3061755,3551103,489348,57603
123,3090524,3580072,489548,57729
124,3119290,3608951,489661,57639
125,3148056,3637806,489750,57626
126,3176833,3666603,489770,57568
127,3205609,3695327,489718,57496
128,3234388,3724095,489707,57510
129,3263136,3752901,489765,57589
130,3291927,3781598,489671,57441
131,3320678,3810404,489726,57551
132,3349430,3839133,489703,57682
133,3378390,3867993,489603,57569
134,3407105,3896795,489690,57558
135,3435867,3925539,489672,57534
136,3464664,3954256,489592,57473
137,3493428,3983070,489642,57556
138,3522177,4011823,489646,57527
139,3550957,4040648,489691,57717
140,3579855,4069342,489487,57591
141,3608757,4098157,489400,57686
142,3637634,4126945,489311,57555
143,3666407,4155674,489267,57492
144,3695176,4184532,489356,57619
145,3723943,4213360,489417,57594
146,3752715,4242218,489503,57591
147,3781453,4270981,489528,57501
148,3810197,4299772,489575,57644
149,3839058,4328532,489474,57510
150,3867813,4357303,489490,57529
151,3896578,4386108,489530,57589
152,3925368,4415026,489658,57686
153,3954142,4443839,489697,57557
154,3982893,4472559,489666,57487
155,4011666,4501344,489678,57541
156,4040428,4530111,489683,57496
157,4069163,4558876,489713,57542
158,4097976,4587625,489649,57491
159,4126724,4616445,489721,57592
160,4155502,4645208,489706,57576
161,4184321,4673990,489669,57626
162,4213173,4702895,489722,57773
163,4242047,4731636,489589,57499
164,4270811,4760395,489584,57534
165,4299592,4789152,489560,57507
166,4328348,4818396,490048,57977
167,4357088,4847183,490095,57699
168,4386007,4875923,489916,57614
169,4414888,4904697,489809,57534
170,4443655,4933477,489822,57585
171,4472467,4962196,489729,57389
172,4501143,4990887,489744,57514
173,4529973,5019715,489742,57549
174,4558700,5048685,489985,57717
175,4587455,5078501,491046,58615
176,4616259,5107951,491692,58214
177,4645029,5137364,492335,58231
178,4673851,5166809,492958,58323
179,4702734,5196151,493417,58107
180,4731503,5225308,493805,57884
181,4760235,5254432,494197,57822
182,4788937,5283658,494721,58512
183,4818227,5312760,494533,57855
184,4846984,5341911,494927,57940
185,4875779,5371045,495266,57857
186,4904508,5400193,495685,57878
187,4933244,5429887,496643,58512
188,4962069,5459049,496980,57820
189,4990734,5488176,497442,57931
190,5019543,5517232,497689,58047
191,5048604,5546077,497473,58540
192,5546954,5612536,65582,75117
193,5556497,5622565,66068,19998
194,5566476,5640471,73995,27701
195,5576295,5652555,76260,21997
196,5586218,5672388,86170,29651
197,5596039,5682421,86382,19948
198,5605958,5700280,94322,27722
199,5615825,5712329,96504,21891
200,5625671,5732206,106535,29764
201,5635561,5742280,106719,19937
202,5645427,5760110,114683,27670
203,5655271,5772134,116863,21888
204,5665139,5791957,126818,29680
205,5674999,5801929,126930,19791
206,5684821,5819889,135068,27831
207,5694695,5831923,137228,21894
208,5704559,5851781,147222,29714
209,5714418,5861867,147449,19937
210,5724273,5879676,155403,27670
211,5734138,5891689,157551,21847
212,5743975,5911613,167638,29780
213,5753834,5923674,169840,21921
214,5763698,5939530,175832,25731
215,5773576,5951535,177959,21839
216,5783415,5971465,188050,29791
217,5793280,5981542,188262,19923
218,5803129,6001338,198209,29641
219,5812978,6011378,198400,19900
220,5822843,6031256,208413,29733
221,5832702,6041307,208605,19902
222,5842557,6061143,218586,29696
223,5852420,6071202,218782,19925
224,5862289,6090973,228684,29631
225,5872152,6101028,228876,19914
226,5882015,6120916,238901,29761
227,5891891,6130953,239062,19875
228,5901732,6150315,248583,29224
229,5911596,6160305,248709,19853
230,5921462,6178576,257114,28106
231,5931300,6188594,257294,19879
232,5941164,6208283,267119,29550
233,5951027,6218347,267320,19907
234,5960873,6237948,277075,29462
235,5970738,6248007,277269,19919
236,5980601,6267704,287103,29517
237,5990424,6277734,287310,19890
238,6000288,6297395,297107,29570
239,6010205,6307450,297245,19872
240,6020026,6327062,307036,29474
241,6029892,6337142,307250,19941
242,6039757,6356822,317065,29498
243,6049578,6366843,317265,19881
244,6059442,6386548,327106,29559
245,6069300,6396587,327287,19874
246,6079139,6416300,337161,29573
247,6089001,6426380,337379,19936
248,6098861,6445936,347075,29397
249,6108705,6455979,347274,19903
250,6118569,6475730,357161,29612
251,6128434,6485794,357360,19881
252,6138255,6505474,367219,30083
253,6148663,6515512,366849,19903
254,6158532,6535192,376660,39551
255,6178408,6545230,366822,19949
256,6188324,6564944,376620,39511
257,6208124,6574920,366796,19853
258,6218005,6594651,376646,39546
259,6237825,6604737,366912,19988
260,6247731,6624923,377192,39961
261,6267509,6634925,367416,19860
262,6277371,6654733,377362,39640
263,6297208,6664740,367532,19872
264,6307077,6684496,377419,39603
265,6326928,6694533,367605,19908
266,6336803,6714276,377473,39715
267,6356779,6724251,367472,19840
268,6366648,6744046,377398,39555
269,6386412,6754095,367683,19937
270,6396303,6773878,377575,39617
271,6416142,6783930,367788,19916
272,6426010,6803648,377638,39556
273,6445853,6813688,367835,19907
274,6455724,6833313,377589,39484
275,6475587,6843349,367762,19901
276,6485456,6862978,377522,39472
277,6505303,6873017,367714,19902
278,6515170,6892649,377479,39504
279,6535047,6902736,367689,19975
280,6544939,6922438,377499,39538
281,6564778,6932460,367682,19893
282,6574652,6952213,377561,39613
283,6594515,6962242,367727,19924
284,6604414,6981843,377429,39967
285,6624785,6991856,367071,19878
286,6634654,7011681,377027,39741
287,6654575,7021765,367190,19978
288,6664473,7041289,376816,39381
289,6684335,7051353,367018,19927
290,6694202,7071055,376853,39653
291,6714157,7081109,366952,19916
292,6724023,7100768,376745,39564
293,6743933,7110782,366849,19894
294,6753817,7130531,376714,39664
295,6773736,7140543,366807,19876
296,6783604,7160306,376702,39656
297,6803500,7170388,366888,19947
298,6813369,7189993,376624,39375
299,6833142,7200056,366914,19928
300,6843011,7219818,376807,39584
301,6862836,7229815,366979,19861
302,6872705,7249540,376835,39566
303,6892551,7259519,366968,19851
304,6902427,7279310,376883,39651
305,6922292,7289370,367078,19936
306,6932172,7308943,376771,39432
307,6952034,7318946,366912,19882
308,6961917,7338705,376788,39586
309,6981747,7348749,367002,19912
310,6991638,7368421,376783,39516
311,7011486,7378443,366957,19885
312,7021373,7398175,376802,39544
313,7041188,7408235,367047,19924
314,7051056,7427854,376798,39463
315,7070904,7437925,367021,19935
316,7080772,7457554,376782,39485
317,7100632,7467556,366924,19865
318,7110499,7487292,376793,39634
319,7130400,7497355,366955,19927
320,7140268,7517046,376778,39557
321,7160138,7527113,366975,19945
322,7170020,7546732,376712,39466
323,7189871,7556819,366948,19988
324,7199777,7576453,376676,39495
325,7219644,7586481,366837,19908
326,7229528,7606195,376667,39592
327,7249411,7616242,366831,19911
328,7259279,7635955,376676,39589
329,7279158,7645984,366826,19916
330,7289049,7665734,376685,39568
331,7308870,7675810,366940,19941
332,7318739,7695391,376652,39421
333,7338583,7705422,366839,19925
334,7348481,7725100,376619,39489
335,7368297,7735173,366876,19942
336,7378170,7754910,376740,39541
337,7397978,7764953,366975,19907
338,7407846,7784623,376777,39514
339,7427694,7794661,366967,19903
340,7437563,7814423,376860,39620
341,7457424,7824500,367076,19952
342,7467304,7844342,377038,39691
343,7487158,7854382,367224,19902
344,7497025,7874051,377026,39518
345,7516878,7884091,367213,19904
346,7526747,7903884,377137,39634
347,7546592,7913923,367331,19931
348,7556488,7933663,377175,39584
349,7576336,7943695,367359,19898
350,7586206,7963432,377226,39586
351,7606059,7973518,367459,19986
352,7615962,7993295,377333,39619
353,7635809,8003352,367543,19938
354,7645694,8022950,377256,39438
355,7665539,8032975,367436,19888
356,7675406,8052702,377296,39608
357,7695292,8062731,367439,19892
358,7705159,8082410,377251,39508
359,7724992,8092468,367476,19923
360,7734861,8112159,377298,39576
361,7754750,8122240,367490,19973
362,7764646,8141814,377168,39434
363,7784509,8151782,367273,19829
364,7794374,8171560,377186,39638
365,7814238,8181616,367378,19954
366,7824140,8201248,377108,39630
367,7844142,8211306,367164,19933
368,7854021,8231070,377049,39657
369,7873918,8241061,367143,19856
370,7883787,8260744,376957,39629
371,7903737,8270724,366987,19845
372,7913606,8290405,376799,39583
373,7933512,8300428,366916,19887
374,7943380,8320236,376856,39701
375,7963277,8330309,367032,19937
376,7973145,8349934,376789,39574
377,7993098,8359961,366863,19892
378,8002967,8379812,376845,39690
379,8022810,8389831,367021,19895
380,8032690,8409475,376785,39505
381,8052555,8419509,366954,19907
382,8062432,8439407,376975,39728
383,8082267,8449509,367242,19988
384,8092157,8469060,376903,39400
385,8112010,8479056,367046,19874
386,8121892,8498787,376895,39543
387,8141708,8508832,367124,19908
388,8151575,8528476,376901,39514
389,8171448,8538504,367056,19894
390,8181317,8558201,376884,39506
391,8201130,8568276,367146,19940
392,8210999,8587984,376985,39581
393,8230876,8597971,367095,19851
394,8240743,8617682,376939,39554
395,8260591,8627765,367174,19954
396,8270466,8647414,376948,39500
397,8290322,8657449,367127,19931
398,8300222,8677141,376919,39542
399,8320077,8687175,367098,19911
400,8329958,8706848,376890,39547
401,8349835,8716827,366992,19882
402,8359742,8736572,376830,39610
403,8379611,8746642,367031,19935
404,8389480,8766358,376878,39568
405,8409336,8776390,367054,19940
406,8419248,8796030,376782,39623
407,8439235,8806086,366851,19920
408,8449103,8825816,376713,39589
409,8468967,8835834,366867,19885
410,8478838,8855621,376783,39591
411,8498646,8865656,367010,19893
412,8508508,8885305,376797,39512
413,8528375,8895365,366990,19925
414,8538244,8915012,376768,39514
415,8558115,8925065,366950,19918
416,8567984,8944769,376785,39509
417,8587794,8954805,367011,19901
418,8597663,8974401,376738,39435
419,8617506,8984444,366938,19930
420,8627397,9004080,376683,39482
421,8647247,9014086,366839,19892
422,8657137,9033870,376733,39616
423,8676973,9043931,366958,19930
424,8686846,9063656,376810,39576
425,8706702,9073734,367032,19970
426,8716598,9093334,376736,39426
427,8736429,9103414,366985,19953
428,8746306,9123041,376735,39479
429,8766162,9133060,366898,19918
430,8776065,9152726,376661,39485
431,8795888,9162764,366876,19917
432,8805771,9182564,376793,39694
433,8825669,9192558,366889,19858
434,8835537,9212254,376717,39580
435,8855426,9222331,366905,19962
436,8865315,9242024,376709,39516
437,8885142,9252017,366875,19855
438,8895008,9271707,376699,39537
439,8914859,9281788,366929,19938
440,8924720,9301486,376766,39543
441,8944569,9311567,366998,19946
442,8954438,9331267,376829,39544
443,8974286,9341322,367036,19919
444,8984154,9360994,376840,39502
445,9003988,9371069,367081,19954
446,9013871,9390668,376797,39456
447,9033732,9400705,366973,19902
448,9043601,9420509,376908,39672
449,9063473,9430486,367013,19850
450,9073349,9450208,376859,39574
451,9093206,9460229,367023,19886
452,9103075,9480003,376928,39615
453,9122919,9490019,367100,19881
454,9132786,9509710,376924,39547
455,9152645,9519722,367077,19884
456,9162521,9539370,376849,39540
457,9182417,9549463,367046,19985
458,9192313,9569194,376881,39544
459,9212130,9579261,367131,19945
460,9222012,9598939,376927,39506
461,9241844,9608967,367123,19881
462,9251711,9628906,377195,39827
463,9271603,9638940,367337,19898
464,9281472,9658691,377219,39646
465,9301371,9668734,367363,19949
466,9311292,9688374,377082,39460
467,9331115,9698420,367305,19933
468,9341006,9718083,377077,39487
469,9360834,9728107,367273,19894
470,9370707,9747795,377088,39571
471,9390595,9757812,367217,19911
472,9400492,9777565,377073,39589
473,9420333,9787569,367236,19869
474,9430202,9807205,377003,39526
475,9450095,9817197,367102,19896
476,9460003,9836969,376966,39612
477,9479847,9846986,367139,19880
478,9489713,9866784,377071,39664
479,9509583,9876829,367246,19909
480,9519451,9896499,377048,39513
481,9539297,9906534,367237,19922
482,9549187,9926236,377049,39572
483,9569062,9936315,367253,19945
484,9578932,9955942,377010,39485
485,9598793,9965937,367144,19859
486,9608661,9985715,377054,39879
487,9628765,9995695,366930,19844
488,9638632,10015432,376800,39624
489,9658524,10025439,366915,19870
490,9668391,10045125,376734,39537
491,9688245,10055207,366962,19958
492,9698125,10074930,376805,39557
493,9717963,10085012,367049,19945
494,9727830,10104528,376698,39372
495,9747690,10114553,366863,19907
496,9757576,10134236,376660,39496
497,9777394,10144210,366816,19873
498,9787297,10164026,376729,39647
499,9807132,10174057,366925,19918
500,9817023,10193713,376690,39494
501,9836866,10203746,366880,19902
502,9846739,10223432,376693,39557
503,9866613,10233460,366847,19892
504,9876481,10253082,376601,39480
505,9896344,10263122,366778,19917
506,9906225,10282852,376627,39564
507,9926063,10292889,366826,19900
508,9935930,10312594,376664,39575
509,9955804,10322674,366870,19945
510,9965673,10342382,376709,39575
511,9985545,10352386,366841,19909
512,9995454,10372161,376707,39635
513,10015318,10382152,366834,19855
514,10025185,10401814,376629,39499
515,10045027,10411797,366770,19843
516,10054891,10431648,376757,39694
517,10074738,10441712,366974,19929
518,10084606,10461295,376689,39395
519,10104422,10471358,366936,19929
520,10114292,10491098,376806,39594
521,10134151,10501136,366985,19902
522,10144019,10520794,376775,39528
523,10163892,10530874,366982,19946
524,10173761,10550558,376797,39492
525,10193573,10560554,366981,19896
526,10203479,10580288,376809,39520
527,10223270,10590344,367074,19939
528,10233158,10610006,376848,39477
529,10252977,10620043,367066,19902
530,10262846,10642160,379314,41977
531,10282710,10659895,377185,27592
532,10292573,10683175,390602,43142
533,10312440,10693145,380705,19831
534,10322305,10703099,380794,29845
535,10342200,10713176,370976,20039
536,10352166,10739109,386943,45733
537,10371970,10749138,377168,19892
538,10381838,10768948,387110,39663
539,10401695,10778991,377296,19947
540,10411603,10798763,387160,39615
541,10431450,10808777,377327,19879
542,10441319,10828657,387338,39711
543,10461154,10838672,377518,19881
544,10471026,10858574,387548,39798
545,10490926,10868596,377670,19912
546,10500819,10888395,387576,39648
547,10520672,10898475,377803,19946
548,10530542,10918210,387668,39571
549,10550382,10928251,377869,19937
550,10560282,10948050,387768,39640
551,10580126,10958066,377940,19881
552,10589995,10977806,387811,39589
553,10609850,10987832,377982,19902
554,10633238,11007127,373889,29158
555,10643104,11016790,373686,19509
556,11017569,11071056,53487,62873
557,11026977,11100657,73680,39566
558,11036967,11130155,93188,39443
559,11046921,11159573,112652,39035
560,11056544,11188979,132435,39334
561,11066479,11218299,151820,39110
562,11076273,11247457,171184,38801
563,11085920,11276274,190354,38609
564,11095717,11305015,209298,38511
565,11105492,11333761,228269,38381
566,11115132,11362632,247500,38620
567,11124886,11391449,266563,38584
568,11134658,11420184,285526,38406
569,11144334,11448979,304645,38535
570,11154079,11477758,323679,38470
571,11163775,11506556,342781,38433
572,11173414,11535268,361854,38482
573,11183188,11564342,381154,38720
574,11192840,11593198,400358,38470
575,11202458,11621903,419445,38456
576,11212215,11651293,439078,39092
577,11221922,11680237,458315,38448
578,11231431,11709218,477787,44923
579,11247381,11738267,490886,57762
580,11276101,11767304,491203,57800
581,11304869,11796314,491445,57776
582,11333641,11825122,491481,57607
583,11362445,11853808,491363,57502
584,11391267,11882643,491376,57574
585,11420012,11911298,491286,57494
586,11448859,11940070,491211,57493
587,11477586,11968849,491263,57542
588,11506354,11997725,491371,57634
589,11535118,12026495,491377,57785
590,11564141,12055324,491183,57682
591,11593000,12084029,491029,57436
592,11621737,12112784,491047,58148
593,11651137,12141564,490427,57700
594,11680063,12170379,490316,57816
595,11709072,12199131,490059,57743
596,11738069,12227814,489745,57743
597,11767137,12257505,490368,58710
598,11796162,12286476,490314,57713
599,11824910,12315480,490570,57785
600,11853699,12344536,490837,57777
601,11882426,12373623,491197,57827
602,11911171,12402617,491446,57758
603,11939941,12431330,491389,57469
604,11968703,12460091,491388,57605
605,11997554,12488866,491312,57517
606,12026302,12517663,491361,57606
607,12055116,12546440,491324,57529
608,12083874,12575198,491324,57556
609,12112679,12603967,491288,57478
610,12141394,12632709,491315,57504
611,12170162,12661399,491237,57458
612,12198936,12690319,491383,57627
613,12227649,12719064,491415,58479
614,12257403,12747802,490399,57616
615,12286286,12776582,490296,57799
616,12315311,12805320,490009,57820
617,12344401,12834174,489773,57845
618,12373398,12863327,489929,58169
619,12402441,12892259,489818,57658
620,12431184,12921265,490081,57742
621,12459925,12950246,490321,57763
622,12488713,12979347,490634,57865
623,12517483,13008242,490759,57690
624,12546286,13037034,490748,57524
625,12575024,13065724,490700,57452
626,12603792,13094464,490672,57477
627,12632534,13123251,490717,57520
628,12661275,13152038,490763,57669
629,12690163,13180854,490691,57535
630,12718888,13209609,490721,57529
631,12747668,13238363,490695,57530
632,12776452,13267133,490681,57462
633,12805149,13295874,490725,57626
634,12834044,13324661,490617,57823
635,12863088,13353366,490278,57660
636,12892051,13382427,490376,58087
637,12921084,13411188,490104,57774
638,12950102,13440047,489945,57879
639,12979128,13468949,489821,57834
640,13008066,13497775,489709,57619
641,13036867,13526456,489589,57426
642,13065619,13555303,489684,57536
643,13094314,13584190,489876,57649
644,13123082,13612922,489840,57494
645,13151850,13641727,489877,57612
646,13180663,13670537,489874,57573
647,13209431,13699372,489941,57597
648,13238199,13728075,489876,57473
649,13266974,13756829,489855,57479
650,13295704,13785619,489915,57552
651,13324473,13814439,489966,57609
652,13353269,13843380,490111,57941
653,13382277,13872122,489845,57450
654,13410991,13900887,489896,57690
655,13439923,13929670,489747,57580
656,13468727,13958422,489695,57588
657,13497569,13987117,489548,57460
658,13526340,14015920,489580,57594
659,13555138,14044766,489628,57661
660,13583959,14073842,489883,57853
661,13612742,14102775,490033,57826
662,13641641,14131772,490131,57723
663,13670373,14160874,490501,57886
664,13699162,14189842,490680,57728
665,13727928,14218552,490624,57472
666,13756696,14247306,490610,57548
667,13785498,14276103,490605,57545
668,13814253,14304892,490639,57692
669,13843161,14333557,490396,57448
670,13871950,14362435,490485,57630
671,13900709,14391209,490500,57514
672,13929456,14419900,490444,57452
673,13958224,14448744,490520,57580
674,13986967,14477705,490738,57761
675,14015773,14506413,490640,57615
676,14044688,14535165,490477,57744
677,14073685,14563960,490275,57709
678,14102604,14592741,490137,57799
679,14131628,14621541,489913,57820
680,14160654,14650779,490125,58257
681,14189679,14679847,490168,57812
682,14218429,14708776,490347,57693
683,14247198,14737783,490585,57773
684,14275970,14766807,490837,57724
685,14304676,14795861,491185,57829
686,14333457,14824624,491167,57571
687,14362271,14853370,491099,57519
688,14391052,14882172,491120,57561
689,14419818,14910950,491132,57491
690,14448537,14939643,491106,57718
691,14477570,14968415,490845,57439
692,14506243,14997160,490917,57498
693,14535003,15025939,490936,57547
694,14563777,15054684,490907,57506
695,14592544,15083411,490867,57558
696,14621382,15112210,490828,58049
697,14650638,15141013,490375,57798
698,14679638,15169779,490141,57728
699,14708606,15198606,490000,57879
700,14737666,15227377,489711,57754
701,14766655,15256792,490137,58435
702,14795680,15285705,490025,57653
703,14824426,15314684,490258,57712
704,14853166,15343822,490656,57927
705,14881961,15372900,490939,57849
706,14910738,15401804,491066,57635
707,14939474,15430627,491153,57582
708,14968238,15459563,491325,57669
709,14996977,15488422,491445,57642
710,15025766,15517375,491609,57720
711,15054539,15546252,491713,57641
712,15083309,15575061,491752,57568
713,15112074,15603883,491809,57583
714,15140843,15632633,491790,57466
715,15169565,15661500,491935,57731
716,15198435,15690249,491814,57511
717,15227203,15719027,491824,58216
718,15256647,15747712,491065,57544
719,15285512,15776509,490997,57847
720,15314568,15805314,490746,57891
721,15343662,15834081,490419,57793
722,15372693,15863464,490771,58372
723,15401689,15892263,490574,57557
724,15430453,15921306,490853,57928
725,15459344,15950355,491011,58024
726,15488327,15979431,491104,57919
727,15517176,16008296,491120,57782
728,15546099,16037141,491042,57632
729,15574891,16065909,491018,57572
730,15603702,16094609,490907,57447
731,15632455,16123449,490994,57688
732,15661311,16152223,490912,57523
733,15690067,16180972,490905,57494
734,15718818,16209791,490973,57590
735,15747595,16238558,490963,57492
736,15776327,16267288,490961,57463
737,15805066,16296080,491014,57586
738,15833867,16324824,490957,58193
739,15863323,16353545,490222,57484
740,15892092,16382518,490426,57982
741,15921107,16411265,490158,57834
742,15950200,16440055,489855,57885
743,15979303,16468908,489605,57700
744,16008156,16497693,489537,57544
745,16036921,16526524,489603,57621
746,16065717,16555271,489554,57510
747,16094485,16584140,489655,57631
748,16123254,16612830,489576,57480
749,16152050,16641638,489588,57636
750,16180886,16670370,489484,57421
751,16209582,16699114,489532,57504
752,16238348,16727946,489598,57593
753,16267116,16756782,489666,57599
754,16295886,16785504,489618,57517
755,16324688,16814245,489557,57486
756,16353440,16842915,489475,57582
757,16382360,16871772,489412,57517
758,16411026,16900497,489471,57548
759,16439856,16929220,489364,57623
760,16468762,16958031,489269,57584
761,16497541,16986734,489193,57461
762,16526305,17015477,489172,57536
763,16555104,17044378,489274,57720
764,16583929,17073392,489463,57741
765,16612661,17102174,489513,57535
766,16641430,17130942,489512,57533
767,16670201,17159651,489450,57500
768,16698999,17188437,489438,57544
769,16727763,17217407,489644,57790
770,16756590,17246117,489527,57424
771,16785339,17274823,489484,57429
772,16814068,17303657,489589,57572
773,16842811,17332402,489591,57519
774,16871591,17361184,489593,57530
775,16900345,17389960,489615,57512
776,16929087,17418789,489702,57598
777,16957861,17447492,489631,57402
778,16986566,17476346,489780,57657
779,17015376,17505075,489699,57552
780,17044206,17533908,489702,57766
781,17073146,17562682,489536,57584
782,17101962,17591491,489529,57571
783,17130730,17620309,489579,57612
784,17159532,17649068,489536,57486
785,17188267,17678135,489868,57957
786,17217163,17706970,489807,57624
787,17245959,17736061,490102,57826
788,17274700,17765061,490361,57761
789,17303467,17794087,490620,57785
790,17332233,17822840,490607,57592
791,17361079,17851596,490517,57481
792,17389809,17880359,490550,57568
793,17418620,17909125,490505,57474
794,17447334,17937921,490587,57616
795,17476160,17966664,490504,57505
796,17504929,17995413,490484,57552
797,17533738,18024213,490475,57582
798,17562526,18053003,490477,57571
799,17591314,18081757,490443,57526
800,17620092,18110535,490443,57679
801,17649001,18139302,490301,57740
802,17677980,18168083,490103,57644
803,17706848,18196781,489933,57726
804,17735881,18225660,489779,57902
805,17764910,18254984,490074,58379
806,17793971,18283873,489902,57630
807,17822719,18312881,490162,57722
808,17851439,18341948,490509,57831
809,17880208,18371093,490885,57908
810,17908977,18400093,491116,57758
811,17937741,18428977,491236,57653
812,17966516,18457698,491182,57443
813,17995258,18486459,491201,57513
814,18024016,18515182,491166,57488
815,18052787,18544105,491318,57687
816,18081557,18573052,491495,57708
817,18110324,18601852,491528,57564
818,18139095,18630656,491561,57572
819,18167870,18659386,491516,57509
820,18196657,18688168,491511,57657
821,18225538,18716927,491389,57995
822,18254780,18745670,490890,57646
823,18283689,18774495,490806,57834
824,18312704,18803268,490564,57796
825,18341732,18832135,490403,58020
826,18370891,18861432,490541,58381
827,18399982,18890237,490255,57580
828,18428763,18919655,490892,58145
829,18457496,18948998,491502,58111
830,18486268,18978406,492138,58166
831,18515032,19007593,492561,58134
832,18543984,19036399,492415,57730
833,18572914,19065146,492232,57515
834,18601687,19093862,492175,57507
835,18630485,19122641,492156,57504
836,18659215,19151685,492470,57834
837,18688012,19180564,492552,57639
838,18716779,19209586,492807,57757
839,18745520,19238637,493117,57811
840,18774286,19267623,493337,57727
841,18803034,19296747,493713,57978
842,18831894,19325487,493593,58109
843,18861270,19354261,492991,57600
844,18890104,19383039,492935,58150
845,18919483,19411774,492291,58115
846,18948869,19440576,491707,58183
847,18978258,19470098,491840,58660
848,19007403,19498947,491544,57622
849,19036182,19528003,491821,57817
850,19064949,19557047,492098,57750
851,19093661,19586037,492376,57806
852,19122485,19614836,492351,57784
853,19151476,19643592,492116,57669
854,19180395,19672402,492007,57827
855,19209418,19701193,491775,57809
856,19238443,19729921,491478,57755
857,19267475,19758657,491182,57786
858,19296530,19787397,490867,57449
859,19325246,19816223,490977,57621
860,19354046,19845014,490968,57555
861,19382817,19873744,490927,57508
862,19411601,19902442,490841,57448
863,19440357,19931319,490962,58463
864,19469951,19959974,490023,57483
865,19498787,19988714,489927,57767
866,19527820,20017501,489681,57800
867,19556840,20046350,489510,57864
868,19585861,20075285,489424,57716
869,19614649,20104149,489500,57626
870,19643416,20132826,489410,57528
871,19672275,20161638,489363,57531
872,19700999,20190389,489390,57519
873,19729772,20219099,489327,57435
874,19758503,20247911,489408,57576
875,19787273,20276631,489358,57479
876,19816038,20305452,489414,57583
877,19844807,20334161,489354,57467
878,19873570,20362910,489340,57547
879,19902376,20391835,489459,57651
880,19931108,20420633,489525,57524
881,19959841,20449453,489612,57555
882,19988582,20478119,489537,57488
883,20017412,20506936,489524,57609
884,20046210,20535654,489444,57652
885,20075150,20564618,489468,57744
886,20103936,20593483,489547,57654
887,20132732,20622189,489457,57390
888,20161423,20651018,489595,57619
889,20190218,20680207,489989,57895
890,20218930,20709214,490284,57782
891,20247711,20738293,490582,57828
892,20276466,20767287,490821,57732
893,20305210,20796354,491144,57848
894,20333998,20825070,491072,57480
895,20362768,20853810,491042,57629
896,20391663,20882619,490956,57602
897,20420463,20911372,490909,57511
898,20449227,20940103,490876,57493
899,20477996,20968848,490852,57516
900,20506773,20997597,490824,57493
901,20535523,21026461,490938,57749
902,20564414,21055262,490848,57652
903,20593272,21084137,490865,57682
904,20622087,21112860,490773,57563
905,20650935,21141664,490729,57918
906,20680056,21170352,490296,57691
907,20709066,21199142,490076,57806
908,20738088,21227917,489829,57792
909,20767111,21256713,489602,57820
910,20796142,21285778,489636,57834
911,20824919,21314593,489674,57530
912,20853640,21343357,489717,57525
913,20882408,21372052,489644,57458
914,20911177,21400849,489672,57539
915,20939926,21429675,489749,57560
916,20968667,21458426,489759,57504
917,20997427,21487131,489704,57542
918,21026279,21515925,489646,57536
919,21055026,21544723,489697,57730
920,21083964,21573509,489545,57545
921,21112730,21602269,489539,57528
922,21141504,21631060,489556,57515
923,21170244,21659896,489652,57558
924,21198972,21688825,489853,57693
925,21227742,21717610,489868,57652
926,21256617,21746292,489675,57655
927,21285596,21775045,489449,57527
928,21314375,21803891,489516,57618
929,21343152,21832626,489474,57490
930,21371913,21861960,490047,58094
931,21400679,21891015,490336,57846
932,21429477,21920019,490542,57746
933,21458225,21949106,490881,57844
934,21486988,21978160,491172,57815
935,21515754,22006994,491240,57628
936,21544556,22035764,491208,57553
937,21573346,22064577,491231,57529
938,21602067,22093286,491219,57515
939,21630880,22122140,491260,57747
940,21659794,22150912,491118,57619
941,21688648,22179666,491018,57514
942,21717415,22208369,490954,57472
943,21746191,22237218,491027,57545
944,21774893,22265994,491101,57581
945,21803705,22294688,490983,57443
946,21832460,22323462,491002,58132
947,21861825,22352379,490554,57908
948,21890823,22381132,490309,57754
949,21919830,22409885,490055,57810
950,21948893,22438642,489749,57805
951,21977947,22467487,489540,57736
952,22006844,22496317,489473,57601
953,22035621,22525191,489570,57622
954,22064375,22554151,489776,57719
955,22093140,22583034,489894,57672
956,22121935,22611810,489875,57532
957,22150697,22640589,489892,57495
958,22179420,22669347,489927,57588
959,22208256,22698218,489962,57613
960,22237005,22726969,489964,57516
961,22265775,22755742,489967,57537
962,22294545,22784401,489856,57420
963,22323313,22813301,489988,57704
964,22352123,22842048,489925,57556
965,22380939,22870846,489907,57526
966,22409674,22899600,489926,57512
967,22438438,22928342,489904,57644
968,22467347,22957092,489745,57546
969,22496149,22985907,489758,57633
970,22524975,23014656,489681,57702
971,22553935,23043461,489526,57735
972,22582870,23072194,489324,57460
973,22611603,23100948,489345,57546
974,22640401,23129726,489325,57564
975,22669193,23158492,489299,57591
976,22698025,23187204,489179,57493
977,22726814,23215994,489180,57510
978,22755540,23244746,489206,57496
979,22784289,23273532,489243,57547
980,22813056,23302215,489159,57493
981,22841874,23331038,489164,57575
982,22870633,23359873,489240,57602
983,22899406,23388707,489301,57592
984,22928170,23417453,489283,57510
985,22956940,23446119,489179,57456
986,22985738,23474686,488948,57310
987,23014487,23503144,488657,57206
988,23043241,23531678,488437,57299
989,23072012,23560096,488084,57206
990,23100808,23588547,487739,57205
991,23129570,23617006,487436,57220
992,23158338,23645553,487215,57239
993,23187036,23674034,486998,57234
994,23215795,23702540,486745,57272
995,23244567,23730928,486361,57151
996,23273336,23759279,485943,57112
997,23302103,23787673,485570,57154
998,23330870,23816188,485318,57317
999,23359678,23844679,485001,57318
1000,23388511,23872908,484397,56961
