step,start,end,latency,execution
1,0,58199,58199,72733
2,14581,87955,73374,39758
3,24621,117239,92618,39165
4,34526,148602,114076,41148
5,44316,177943,133627,49323
6,64304,207323,143019,39044
7,73971,236554,162583,43220
8,87963,263604,175641,36671
9,97588,292317,194729,38454
10,107333,321027,213694,40431
11,119058,349754,230696,38413
12,128748,378493,249745,38484
13,138497,407324,268827,38569
14,148240,435996,287756,38390
15,157961,464704,306743,38422
16,167678,493392,325714,38434
17,177427,522136,344709,38470
18,187156,550919,363763,38555
19,196932,579673,382741,38546
20,206727,608820,402093,38732
21,216315,637726,421411,38575
22,225990,666468,440478,38511
23,235763,695180,459417,38331
24,245385,723947,478562,46925
25,263548,752668,489120,57431
26,292262,781373,489111,57406
27,320967,810056,489089,57401
28,349689,838764,489075,57466
29,378451,867497,489046,57534
30,407256,896297,489041,57468
31,435928,925033,489105,57454
32,464651,953780,489129,57450
33,493358,982440,489082,57377
34,522079,1011159,489080,57495
35,550859,1039919,489060,57510
36,579613,1068746,489133,58037
37,608829,1097482,488653,57566
38,637663,1126157,488494,57405
39,666398,1154888,488490,57440
40,695112,1183597,488485,57479
41,723886,1212875,488989,58018
42,752630,1241764,489134,57576
43,781322,1270555,489233,57442
44,809977,1299285,489308,57451
45,838702,1327989,489287,57421
46,867424,1356681,489257,57522
47,896259,1385443,489184,57471
48,924972,1414239,489267,57542
49,953723,1442998,489275,57435
50,982403,1471691,489288,57397
51,1011112,1500395,489283,57439
52,1039852,1529067,489215,57490
53,1068675,1557813,489138,57506
54,1097440,1586569,489129,57430
55,1126118,1615357,489239,57485
56,1154820,1644044,489224,57390
57,1183528,1672747,489219,57990
58,1212821,1701465,488644,57619
59,1241726,1730217,488491,57514
60,1270493,1758900,488407,57430
61,1299245,1787657,488412,57435
62,1327928,1817082,489154,58129
63,1356636,1845927,489291,57587
64,1385383,1874621,489238,57440
65,1414134,1903575,489441,57773
66,1442957,1932272,489315,57384
67,1471649,1961035,489386,57440
68,1500330,1989843,489513,57493
69,1529020,2018534,489514,57442
70,1557776,2047235,489459,57452
71,1586532,2075943,489411,57464
72,1615292,2104686,489394,57452
73,1644005,2133444,489439,57430
74,1672681,2162140,489459,57438
75,1701427,2190809,489382,57390
76,1730152,2219559,489407,57455
77,1758862,2248270,489408,57428
78,1787583,2277011,489428,58181
79,1817028,2305773,488745,57583
80,1845854,2334513,488659,57448
81,1874572,2363193,488621,57607
82,1903504,2391894,488390,57419
83,1932226,2421233,489007,58089
84,1960980,2450090,489110,57649
85,1989776,2478910,489134,57495
86,2018455,2507607,489152,57408
87,2047170,2536306,489136,57398
88,2075874,2564976,489102,57434
89,2104641,2593827,489186,57606
90,2133401,2622653,489252,57500
91,2162079,2651401,489322,57425
92,2190761,2680200,489439,57533
93,2219500,2709053,489553,57561
94,2248211,2737814,489603,57501
95,2276955,2766568,489613,57502
96,2305707,2795311,489604,57480
97,2334448,2824088,489640,57439
98,2363115,2852843,489728,57490
99,2391854,2881525,489671,58002
100,2421177,2910307,489130,57663
101,2450063,2939044,488981,57525
102,2478856,2967764,488908,57422
103,2507563,2996528,488965,57446
104,2536250,3025912,489662,58065
105,2564935,3054772,489837,57711
106,2593790,3083513,489723,57562
107,2622615,3112209,489594,57404
108,2651327,3140985,489658,57591
109,2680147,3169750,489603,57600
110,2708986,3198486,489500,57491
111,2737746,3227198,489452,57467
112,2766506,3255915,489409,57471
113,2795265,3284605,489340,57444
114,2824024,3313366,489342,57520
115,2852787,3342067,489280,57386
116,2881475,3370800,489325,57523
117,2910270,3399466,489196,57369
118,2938978,3428257,489279,57511
119,2967703,3456973,489270,57454
120,2996446,3485692,489246,58146
121,3025877,3514451,488574,57591
122,3054713,3543156,488443,57454
123,3083467,3571820,488353,57360
124,3112168,3600533,488365,57465
125,3140925,3630022,489097,58238
126,3169678,3658829,489151,57548
127,3198424,3687591,489167,57471
128,3227137,3716380,489243,57500
129,3255853,3745060,489207,57376
130,3284552,3773777,489225,57466
131,3313306,3802543,489237,57480
132,3342025,3831228,489203,57391
133,3370736,3860033,489297,57475
134,3399411,3888729,489318,57484
135,3428203,3917413,489210,57394
136,3456918,3946064,489146,57359
137,3485631,3974812,489181,57509
138,3514396,4003530,489134,57424
139,3543107,4032284,489177,57417
140,3571774,4061055,489281,57479
141,3600487,4089722,489235,58140
142,3629964,4118413,488449,57487
143,3658764,4147117,488353,57479
144,3687543,4175903,488360,57558
145,3716319,4204805,488486,57578
146,3744999,4233866,488867,57766
147,3773709,4262580,488871,57485
148,3802484,4291282,488798,57401
149,3831187,4319957,488770,57458
150,3859974,4348723,488749,57444
151,3888671,4377488,488817,57441
152,3917351,4406226,488875,57397
153,3946015,4434877,488862,57407
154,3974775,4463567,488792,57370
155,4003460,4492305,488845,57477
156,4032216,4521017,488801,57485
157,4060994,4549808,488814,57441
158,4089683,4578496,488813,57373
159,4118373,4607176,488803,57372
160,4147069,4636003,488934,57579
161,4175826,4664682,488856,57627
162,4204781,4693470,488689,57829
163,4233826,4722188,488362,57421
164,4262534,4750899,488365,57413
165,4291240,4779573,488333,57368
166,4319939,4808451,488512,57593
167,4348658,4837426,488768,57733
168,4377421,4866234,488813,57510
169,4406127,4895028,488901,57486
170,4434823,4923740,488917,57434
171,4463550,4952398,488848,57355
172,4492252,4981110,488858,57433
173,4520978,5009861,488883,57510
174,4549741,5038614,488873,57463
175,4578455,5067362,488907,57427
176,4607138,5096475,489337,57896
177,4635926,5128181,492255,60419
178,4664645,5157465,492820,58037
179,4693402,5186659,493257,57894
180,4722106,5215788,493682,57847
181,4750828,5244936,494108,57835
182,4779518,5274076,494558,58074
183,4808459,5303236,494777,58078
184,4837381,5332362,494981,57879
185,4866138,5361488,495350,57942
186,4894959,5388662,493703,55876
187,4923665,5418211,494546,58223
188,4952344,5447493,495149,57991
189,4981058,5476620,495562,57885
190,5009820,5505709,495889,57830
191,5038565,5534819,496254,57842
192,5067301,5563883,496582,58200
193,5110161,5592891,482730,45005
194,5593748,5667713,73965,83593
195,5603419,5681578,78159,23853
196,5613420,5702538,89118,43317
197,5635788,5712323,76535,19654
198,5645661,5740496,94835,37995
199,5655487,5760370,104883,43906
200,5679523,5789944,110421,39366
201,5689319,5809745,120426,31538
202,5701059,5836068,135009,36105
203,5710845,5850867,140022,26528
204,5722578,5872387,149809,31263
205,5732324,5903722,171398,43063
206,5744055,5913506,169451,19536
207,5753809,5936463,182654,34693
208,5765548,5956312,190764,29661
209,5775363,5966106,190743,21539
210,5787112,5983975,196863,27618
211,5796865,6003849,206984,34743
212,5811738,6033592,221854,39499
213,5821496,6053437,231941,51173
214,5852828,6082995,230167,54887
215,5878161,6102833,224672,33823
216,5892149,6132454,240305,51644
217,5914176,6152322,238146,31584
218,5925895,6181822,255927,39277
219,5935675,6200795,265120,30708
220,5947413,6238784,291371,47733
221,5957160,6257290,300130,30232
222,5968890,6277159,308269,29644
223,5978668,6297028,318360,31600
224,5990403,6316897,326494,29612
225,6000149,6326713,326564,21790
226,6012127,6336498,324371,19530
227,6021875,6346314,324439,21660
228,6033722,6370479,336757,33986
229,6043547,6396142,352595,37402
230,6055289,6419287,363998,32898
231,6065045,6435945,370900,28387
232,6076776,6471599,394823,45436
233,6086561,6490875,404314,29025
234,6096314,6510744,414430,29607
235,6106055,6530612,424557,29645
236,6115834,6550458,434624,31574
237,6127566,6570296,442730,29626
238,6137357,6590105,452748,29586
239,6147137,6622797,475660,42438
240,6156886,6632646,475760,19625
241,6166665,6652489,485824,31564
242,6178390,6672328,493938,29577
243,6188132,6692167,504035,29586
244,6197882,6712009,514127,49884
245,6227927,6721804,493877,29603
246,6247739,6731619,483880,30935
247,6268863,6741404,472541,29589
248,6288671,6751219,462548,29618
249,6308478,6761005,452527,36313
250,6335009,6770820,435811,23697
251,6348894,6780634,431740,19594
252,6358678,6795185,436507,25312
253,6369445,6815055,445610,29652
254,6379231,6835398,456167,60376
255,6419268,6859693,440425,34045
256,6429022,6869475,440453,42243
257,6461487,6879287,417800,29618
258,6481296,6911634,430338,52747
259,6501699,6931483,429784,39650
260,6521503,6945994,424491,34314
261,6541310,6965863,424553,39702
262,6561147,6985732,424585,39701
263,6580983,7005603,424620,39697
264,6600812,7025473,424661,37130
265,6618077,7045342,427265,39696
266,6637908,7065210,427302,39731
267,6657775,7075026,417251,29640
268,6677603,7084821,407218,29619
269,6697431,7094636,397205,34701
270,6722321,7107717,385396,22905
271,6732149,7117504,385355,33305
272,6755671,7141361,385690,49629
273,6781447,7161199,379752,29616
274,6791227,7175057,383830,23598
275,6800971,7194925,393954,29644
276,6810750,7218500,407750,33320
277,6820497,7228347,407850,19607
278,6830262,7248475,418213,29874
279,6840012,7268318,428306,29577
280,6849750,7288158,438408,34242
281,6864156,7307997,443841,38717
282,6883037,7327835,444798,62673
283,6925875,7351067,425192,48361
284,6951007,7360848,409841,29575
285,6970805,7386659,415854,45610
286,6990607,7412440,421833,45578
287,7010406,7422252,411846,29599
288,7030197,7448033,417836,45560
289,7049979,7457748,407769,26559
290,7066827,7483550,416723,35541
291,7076569,7493339,416770,35565
292,7102348,7503150,400802,26914
293,7119454,7512931,393477,19530
294,7129206,7522742,393536,36189
295,7155587,7532522,376935,35589
296,7181399,7555966,374567,39724
297,7197682,7565749,368067,19561
298,7207464,7591970,384506,55928
299,7237174,7601753,364579,29617
300,7257014,7611565,354551,29651
301,7276857,7621346,344489,29616
302,7296695,7652862,356167,51348
303,7316530,7672731,356201,39693
304,7336358,7692600,356242,29608
305,7346101,7712479,366378,29654
306,7355879,7732351,376472,29622
307,7365633,7742142,376509,19566
308,7375412,7751965,376553,19560
309,7385153,7761750,376597,19558
310,7394928,7777782,382854,25764
311,7404696,7787602,382906,19601
312,7414480,7811701,397221,33844
313,7424229,7821491,397262,19527
314,7433970,7852414,418444,40702
315,7443753,7862235,418482,19571
316,7453507,7900122,446615,60517
317,7476142,7919961,443819,29584
318,7485891,7940335,454444,42392
319,7507913,7960173,452260,39634
320,7527712,7980015,452303,33797
321,7541670,7999854,458184,29618
322,7551453,8019693,468240,43741
323,7575358,8039532,464174,29576
324,7585099,8059371,474272,43783
325,7609047,8079210,470163,32596
326,7621807,8099059,477252,46311
327,7648273,8118897,470624,39632
328,7668071,8138737,470666,39634
329,7687869,8158575,470706,39671
330,7707706,8178423,470717,39657
331,7727518,8198262,470744,38779
332,7746462,8218085,471623,37180
333,7763824,8237939,474115,35824
334,7779798,8259751,479953,31559
335,7789548,8269533,479985,19555
336,7799324,8279345,480021,22142
337,7811657,8289126,477469,19522
338,7821402,8298938,477536,40770
339,7852362,8308718,456356,23577
340,7866162,8331976,465814,66418
341,7909326,8341757,432431,29074
342,7928622,8363966,435344,42026
343,7948443,8386497,438054,42365
344,7968280,8406223,437943,39550
345,7988108,8433444,445336,47054
346,8007944,8464422,456478,50802
347,8027773,8474076,446303,29474
348,8047597,8483889,436292,29643
349,8067430,8493669,426239,29614
350,8087267,8503490,416223,29650
351,8107099,8513270,406171,29614
352,8126936,8523081,396145,29645
353,8146773,8532869,386096,29615
354,8166603,8553051,386448,40016
355,8186440,8567498,381058,34279
356,8206275,8594879,388604,47177
357,8226074,8614122,388048,39022
358,8245856,8633991,388135,29645
359,8255636,8653860,398224,29615
360,8265385,8673729,408344,29643
361,8275163,8707908,432745,43930
362,8284917,8737213,452296,39077
363,8294693,8757052,462359,29585
364,8304441,8776891,472450,33894
365,8318499,8796729,478230,49188
366,8347851,8816599,468748,45618
367,8373602,8836468,462866,29638
368,8383375,8846321,462946,19591
369,8393115,8866162,473047,29617
370,8402895,8886034,483139,35606
371,8418634,8905903,487269,45650
372,8444419,8925771,481352,29612
373,8454165,8945640,491475,29649
374,8463948,8955457,491509,39086
375,8493222,8965242,472020,29588
376,8513029,8975068,462039,28136
377,8531343,8984853,453510,19535
378,8541097,8994669,453572,21743
379,8553028,9004463,451435,19574
380,8562811,9014435,451624,31923
381,8584766,9024262,439496,29626
382,8604571,9034068,429497,30209
383,8624979,9043892,418913,29619
384,8644777,9057312,412535,33218
385,8664579,9075701,411122,38194
386,8684387,9099966,415579,34016
387,8694143,9125747,431604,35564
388,8703929,9135566,431637,31389
389,8725502,9161347,435845,35553
390,8735277,9187158,451881,46232
391,8755702,9196939,441237,29614
392,8775539,9222751,447212,45643
393,8795374,9232531,437157,29580
394,8815177,9258343,443166,45613
395,8834982,9280692,445710,42153
396,8854789,9300531,445742,39682
397,8874636,9310354,435718,29618
398,8894435,9320141,425706,29591
399,8914243,9329928,415685,29560
400,8934019,9339743,405724,28816
401,8953022,9349528,396506,35571
402,8978811,9368972,390161,29183
403,8988552,9388811,400259,45734
404,9014451,9398627,384176,19574
405,9024213,9408413,384200,35542
406,9049973,9427319,377346,28686
407,9059757,9437103,377346,29077
408,9079053,9460995,381942,33662
409,9088826,9480864,392038,45642
410,9114602,9494859,380257,39743
411,9140352,9511684,371332,26563
412,9150093,9539966,389873,54050
413,9175865,9565748,389883,35519
414,9185605,9575560,389955,35572
415,9211369,9601348,389979,51556
416,9237140,9627161,390021,35587
417,9246917,9636943,390026,35517
418,9272655,9662760,390105,35591
419,9282432,9672541,390109,19526
420,9292181,9698352,406171,35557
421,9301931,9724133,422202,51559
422,9327711,9733914,406203,19527
423,9337460,9759735,422275,46975
424,9358618,9769516,410898,29609
425,9378449,9801242,422793,52368
426,9399094,9811058,411964,21826
427,9411108,9820843,409735,28181
428,9429507,9830659,401152,19589
429,9439284,9840444,401160,19524
430,9449027,9860315,411288,29637
431,9458797,9880191,421394,29605
432,9468529,9889979,421450,19559
433,9478304,9899801,421497,19563
434,9488049,9909587,421538,19523
435,9497790,9919404,421614,19592
436,9507569,9930990,423421,30491
437,9526478,9940777,414299,35535
438,9552231,9962666,410435,31661
439,9562008,9982536,420528,45630
440,9587772,9994392,406620,37732
441,9613652,10004179,390527,19572
442,9623440,10028036,404596,49639
443,9649226,10045161,395935,42901
444,9675006,10061746,386740,26330
445,9684755,10078270,393515,42291
446,9710525,10104952,394427,36420
447,9720266,10116734,396468,37516
448,9746004,10126551,380547,35583
449,9771774,10136339,364565,19526
450,9781515,10159089,377574,32524
451,9791292,10169979,378687,20627
452,9801033,10205702,404669,61494
453,9826808,10230211,403403,34250
454,9836553,10250048,413495,29604
455,9846323,10269889,423566,29575
456,9856060,10289728,433668,29581
457,9865805,10309566,443761,29616
458,9875586,10329405,453819,39469
459,9895220,10349244,454024,29587
460,9904971,10369082,464111,43786
461,9928921,10388926,460005,36223
462,9945303,10408765,463462,47282
463,9972750,10428615,455865,38750
464,9991675,10448454,456779,35618
465,10007457,10468292,460835,29583
466,10017205,10488131,470926,46220
467,10043590,10507968,464378,29583
468,10053339,10527806,474467,29605
469,10063109,10537587,474478,19529
470,10072860,10557425,484565,40501
471,10093527,10577264,483737,36636
472,10110327,10597108,486781,45448
473,10135934,10616951,481017,29585
474,10145679,10636789,491110,31236
475,10157081,10656658,499577,29646
476,10166862,10676536,509674,43671
477,10190658,10696450,505792,39739
478,10210487,10718855,508368,37758
479,10225845,10728758,502913,29710
480,10245656,10766841,521185,57880
481,10265460,10778642,513182,31633
482,10285297,10788453,503156,29645
483,10305134,10813696,508562,45070
484,10324964,10823515,498551,29653
485,10344801,10835441,490640,31755
486,10364634,10845302,480668,29682
487,10384459,10855125,470666,29652
488,10404292,10872906,468614,37615
489,10424129,10882723,458594,29649
490,10443966,10892505,448539,29616
491,10463803,10902330,438527,29659
492,10483639,10928112,444473,45615
493,10503475,10937894,434419,29608
494,10523304,10947705,424401,29643
495,10543140,10957486,414346,29610
496,10562972,10967297,404325,29670
497,10582834,10977079,394245,29624
498,10602678,10991418,388740,34174
499,10622516,11001198,378682,29577
500,10642315,11022715,380400,41291
501,10662093,11032497,370404,29586
502,10681901,11052063,370162,42628
503,10704969,11061845,356876,35399
504,10746157,11081273,335116,43429
505,10770162,11090899,320737,35605
506,11091585,11145104,53519,56472
507,11101220,11184237,83017,49300
508,11111396,11214453,103057,40015
509,11121201,11247597,126396,43076
510,11131142,11276785,145643,38893
511,11140851,11305965,165114,38910
512,11150586,11332891,182305,36620
513,11160285,11361696,201411,38443
514,11169928,11390405,220477,38539
515,11179760,11419155,239395,40364
516,11191377,11447825,256448,38314
517,11201025,11476598,275573,38565
518,11210821,11505344,294523,38427
519,11220505,11534139,313634,38382
520,11230096,11562802,332706,38369
521,11239806,11591548,351742,38488
522,11249552,11620307,370755,38339
523,11259135,11649082,389947,38438
524,11268801,11677857,409056,38553
525,11278583,11706789,428206,38461
526,11288116,11735786,447670,38678
527,11297801,11764584,466783,38563
528,11307569,11793311,485742,53983
529,11332829,11822150,489321,57634
530,11361629,11851103,489474,57656
531,11390336,11879863,489527,57505
532,11419085,11908561,489476,57390
533,11447782,11937273,489491,57468
534,11476543,11965999,489456,57474
535,11505295,11994756,489461,57535
536,11534078,12023537,489459,57447
537,11562749,12052301,489552,57496
538,11591486,12080969,489483,57426
539,11620249,12109662,489413,57504
540,11649064,12138413,489349,57459
541,11677777,12167147,489370,57652
542,11706703,12195900,489197,57780
543,11735735,12224621,488886,57505
544,11764523,12253295,488772,57397
545,11793251,12281986,488735,57525
546,11822089,12310999,488910,57954
547,11851035,12339929,488894,57699
548,11879809,12368757,488948,57531
549,11908516,12397526,489010,57467
550,11937218,12426231,489013,57411
551,11965928,12454927,488999,57459
552,11994696,12483649,488953,57483
553,12023462,12512362,488900,57483
554,12052236,12541082,488846,57387
555,12080907,12569787,488880,57415
556,12109621,12598500,488879,57464
557,12138376,12627213,488837,57415
558,12167083,12655885,488802,57424
559,12195839,12684710,488871,57552
560,12224570,12713570,489000,57534
561,12253249,12742273,489024,57363
562,12281913,12770977,489064,57699
563,12310916,12799687,488771,57674
564,12339885,12828382,488497,57507
565,12368702,12857136,488434,57521
566,12397474,12885908,488434,57432
567,12426138,12914838,488700,57668
568,12454881,12943952,489071,57812
569,12483585,12972778,489193,57556
570,12512319,13001491,489172,57419
571,12541029,13030263,489234,57487
572,12569749,13059046,489297,57458
573,12598429,13087780,489351,57451
574,12627151,13116449,489298,57355
575,12655842,13145190,489348,57552
576,12684657,13173906,489249,57559
577,12713504,13202660,489156,57482
578,12742236,13231465,489229,57479
579,12770914,13260205,489291,57433
580,12799612,13288862,489250,57366
581,12828325,13317584,489259,57477
582,12857084,13346340,489256,57506
583,12885839,13375048,489209,57643
584,12914782,13403832,489050,57868
585,12943872,13432540,488668,57556
586,12972724,13461241,488517,57412
587,13001439,13489936,488497,57424
588,13030173,13519093,488920,57955
589,13058975,13547978,489003,57645
590,13087739,13576731,488992,57411
591,13116401,13605563,489162,57548
592,13145121,13634228,489107,57399
593,13173859,13662969,489110,57500
594,13202623,13691732,489109,57530
595,13231395,13720631,489236,57651
596,13260151,13749457,489306,57483
597,13288813,13778273,489460,57516
598,13317518,13806981,489463,57464
599,13346279,13835679,489400,57393
600,13374978,13864371,489393,57481
601,13403771,13893203,489432,57529
602,13432473,13921965,489492,57473
603,13461189,13950718,489529,57447
604,13489887,13979385,489498,57813
605,13519038,14008131,489093,57617
606,13547913,14036814,488901,57430
607,13576665,14065551,488886,57553
608,13605485,14094319,488834,57450
609,13634171,14123530,489359,57964
610,13662929,14152429,489500,57631
611,13691665,14181173,489508,57666
612,13720591,14209961,489370,57607
613,13749415,14238737,489322,57561
614,13778204,14267474,489270,57439
615,13806910,14296246,489336,57475
616,13835618,14324923,489305,57352
617,13864327,14353630,489303,57521
618,13893145,14382388,489243,57529
619,13921920,14411098,489178,57463
620,13950678,14439863,489185,57430
621,13979347,14468538,489191,57383
622,14008060,14497240,489180,57393
623,14036755,14525940,489185,57444
624,14065504,14554705,489201,57518
625,14094262,14583413,489151,57912
626,14123471,14612181,488710,57678
627,14152386,14640868,488482,57413
628,14181116,14669553,488437,57442
629,14209877,14698369,488492,57608
630,14238674,14727582,488908,57939
631,14267405,14756342,488937,57522
632,14296173,14785147,488974,57489
633,14324861,14813929,489068,57476
634,14353559,14842709,489150,57548
635,14382332,14871393,489061,57383
636,14411036,14900099,489063,57455
637,14439790,14928886,489096,57486
638,14468494,14957629,489135,57423
639,14497179,14986321,489142,57385
640,14525876,15015021,489145,57464
641,14554644,15043736,489092,57403
642,14583336,15072438,489102,57490
643,14612129,15101177,489048,57430
644,14640825,15129928,489103,57432
645,14669510,15158643,489133,57531
646,14698331,15187313,488982,57849
647,14727515,15216033,488518,57509
648,14756308,15244773,488465,57529
649,14785102,15273540,488438,57542
650,14813882,15302311,488429,57515
651,14842630,15331559,488929,57960
652,14871346,15360339,488993,57483
653,14900054,15389046,488992,57489
654,14928841,15417809,488968,57473
655,14957555,15446574,489019,57480
656,14986274,15475328,489054,57459
657,15014983,15504084,489101,57441
658,15043672,15532784,489112,57406
659,15072382,15561498,489116,57436
660,15101108,15590360,489252,57617
661,15129868,15619165,489297,57505
662,15158573,15647942,489369,57461
663,15187262,15676651,489389,57407
664,15215964,15705389,489425,57475
665,15244706,15734291,489585,57666
666,15273474,15763093,489619,57573
667,15302249,15791851,489602,57995
668,15331490,15820581,489091,57510
669,15360274,15849307,489033,57433
670,15388986,15877967,488981,57438
671,15417768,15906717,488949,57514
672,15446536,15936056,489520,58079
673,15475281,15964883,489602,57587
674,15504045,15993744,489699,57536
675,15532724,16022586,489862,57536
676,15561423,16051410,489987,57691
677,15590295,16080121,489826,57529
678,15619118,16108823,489705,57460
679,15647881,16137576,489695,57457
680,15676590,16166356,489766,57520
681,15705334,16195119,489785,57669
682,15734245,16223915,489670,57582
683,15763036,16252590,489554,57424
684,15791789,16281316,489527,57432
685,15820500,16310032,489532,57466
686,15849254,16338798,489544,57398
687,15877890,16367538,489648,57525
688,15906679,16396265,489586,58028
689,15935984,16424934,488950,57512
690,15964832,16453653,488821,57574
691,15993691,16482423,488732,57615
692,16022541,16511145,488604,57513
693,16051336,16540431,489095,58016
694,16080070,16569290,489220,57561
695,16108776,16597939,489163,57400
696,16137532,16626670,489138,57488
697,16166294,16655385,489091,57466
698,16195049,16684110,489061,57526
699,16223855,16712947,489092,57507
700,16252529,16741651,489122,57416
701,16281246,16770365,489119,57435
702,16309972,16799022,489050,57418
703,16338737,16827760,489023,57469
704,16367473,16856667,489194,57622
705,16396193,16885564,489371,57572
706,16424872,16914289,489417,57441
707,16453592,16942982,489390,57456
708,16482359,16971744,489385,57518
709,16511119,17000507,489388,58010
710,16540370,17029242,488872,57612
711,16569251,17058003,488752,57407
712,16597901,17086733,488832,57440
713,16626616,17115538,488922,57506
714,16655322,17144531,489209,57708
715,16684041,17173269,489228,57595
716,16712902,17201956,489054,57388
717,16741607,17230773,489166,57499
718,16770293,17259482,489189,57388
719,16798977,17288187,489210,57412
720,16827688,17316908,489220,57625
721,16856597,17345658,489061,57661
722,16885512,17374405,488893,57437
723,16914220,17403159,488939,57441
724,16942912,17431812,488900,57407
725,16971671,17460528,488857,57466
726,17000439,17489241,488802,57477
727,17029207,17517947,488740,57427
728,17057932,17546703,488771,57487
729,17086668,17575465,488797,57560
730,17115470,17604285,488815,57813
731,17144467,17633004,488537,57471
732,17173223,17661704,488481,57384
733,17201911,17690543,488632,57643
734,17230719,17719550,488831,57727
735,17259443,17748569,489126,57695
736,17288123,17777330,489207,57477
737,17316845,17806044,489199,57452
738,17345588,17834785,489197,57483
739,17374335,17863465,489130,57439
740,17403098,17892317,489219,57544
741,17431794,17921082,489288,57432
742,17460466,17949772,489306,57402
743,17489182,17978587,489405,57531
744,17517902,18007311,489409,57480
745,17546663,18036004,489341,57438
746,17575412,18064758,489346,57566
747,17604228,18093542,489314,57501
748,17632949,18122188,489239,57356
749,17661663,18150877,489214,57498
750,17690477,18179578,489101,57714
751,17719495,18208294,488799,57713
752,17748498,18237043,488545,57538
753,17777291,18265830,488539,57464
754,17805972,18294623,488651,57528
755,17834712,18323533,488821,57596
756,17863403,18352522,489119,57819
757,17892238,18381233,488995,57487
758,17921019,18409927,488908,57384
759,17949713,18438722,489009,57605
760,17978527,18467476,488949,57470
761,18007247,18496174,488927,57380
762,18035933,18524884,488951,57470
763,18064697,18553592,488895,57488
764,18093481,18582357,488876,57429
765,18122149,18611125,488976,57435
766,18150821,18639803,488982,57385
767,18179532,18668488,488956,57397
768,18208248,18697266,489018,57497
769,18236995,18725992,488997,57490
770,18265764,18754726,488962,57543
771,18294578,18783558,488980,57714
772,18323464,18812265,488801,57693
773,18352454,18840987,488533,57444
774,18381180,18869760,488580,57473
775,18409885,18898518,488633,57553
776,18438684,18927634,488950,57857
777,18467429,18956555,489126,57607
778,18496119,18985349,489230,57488
779,18524817,19014142,489325,57515
780,18553543,19042895,489352,57506
781,18582301,19071611,489310,57472
782,18611062,19100441,489379,57522
783,18639758,19129188,489430,57415
784,18668431,19157915,489484,57504
785,18697212,19186620,489408,57412
786,18725923,19215351,489428,57469
787,18754665,19244075,489410,57551
788,18783496,19272829,489333,57465
789,18812212,19301574,489362,57441
790,18840913,19330283,489370,57507
791,18869716,19359007,489291,57474
792,18898470,19387722,489252,57830
793,18927589,19416473,488884,57658
794,18956500,19445238,488738,57556
795,18985296,19473972,488676,57518
796,19014084,19502715,488631,57480
797,19042826,19531834,489008,57824
798,19071535,19560719,489184,57731
799,19100385,19589492,489107,57531
800,19129147,19618302,489155,57557
801,19157899,19647078,489179,57440
802,19186568,19675832,489264,57460
803,19215279,19704563,489284,57457
804,19244009,19733456,489447,57647
805,19272768,19762340,489572,57643
806,19301531,19791064,489533,57433
807,19330245,19819762,489517,57403
808,19358955,19848537,489582,57490
809,19387675,19877197,489522,57402
810,19416422,19905938,489516,57484
811,19445170,19934721,489551,57513
812,19473904,19963429,489525,57443
813,19502644,19992165,489521,57858
814,19531771,20020966,489195,57697
815,19560671,20049706,489035,57476
816,19589411,20078432,489021,57575
817,19618265,20107128,488863,57428
818,19647002,20136469,489467,58094
819,19675760,20165418,489658,57686
820,19704501,20194265,489764,57721
821,19733379,20223040,489661,57661
822,19762269,20251705,489436,57408
823,19791016,20280433,489417,57427
824,19819719,20309151,489432,57457
825,19848462,20337905,489443,57429
826,19877142,20366733,489591,57581
827,19905899,20395391,489492,57399
828,19934644,20424112,489468,57430
829,19963358,20452825,489467,57469
830,19992119,20481597,489478,57553
831,20020905,20510369,489464,57503
832,20049640,20539098,489458,57475
833,20078391,20567808,489417,57397
834,20107083,20596584,489501,58109
835,20136421,20625365,488944,57711
836,20165355,20654094,488739,57576
837,20194220,20682888,488668,57547
838,20222978,20711722,488744,57493
839,20251641,20741035,489394,58028
840,20280361,20769841,489480,57531
841,20309090,20798917,489827,57827
842,20337845,20827713,489868,57612
843,20366665,20856494,489829,57494
844,20395383,20885231,489848,57402
845,20424053,20914021,489968,57506
846,20452773,20942763,489990,57518
847,20481553,20971465,489912,57444
848,20510301,21000178,489877,57441
849,20539034,21028938,489904,57466
850,20567745,21057835,490090,57659
851,20596511,21086765,490254,57735
852,20625321,21115430,490109,57377
853,20654037,21144156,490119,57505
854,20682820,21172941,490121,57618
855,20711658,21201756,490098,58121
856,20740969,21230578,489609,57641
857,20769792,21259270,489478,57750
858,20798855,21287982,489127,57528
859,20827676,21316680,489004,57455
860,20856438,21346112,489674,58153
861,20885177,21374936,489759,57612
862,20913969,21403679,489710,57462
863,20942692,21432428,489736,57445
864,20971393,21461105,489712,57412
865,21000132,21489843,489711,57486
866,21028884,21518577,489693,57606
867,21057760,21547286,489526,57643
868,21086699,21576052,489353,57448
869,21115385,21604834,489449,57485
870,21144092,21633504,489412,57449
871,21172875,21662239,489364,57563
872,21201708,21690985,489277,57543
873,21230509,21719845,489336,57557
874,21259209,21748726,489517,57588
875,21287920,21777417,489497,57429
876,21316662,21806102,489440,58078
877,21346059,21834820,488761,57520
878,21374865,21863548,488683,57474
879,21403615,21892338,488723,57530
880,21432360,21921315,488955,57667
881,21461054,21950405,489351,57804
882,21489773,21979123,489350,57457
883,21518516,22007822,489306,57403
884,21547225,22036514,489289,57449
885,21575987,22065256,489269,57519
886,21604768,22093995,489227,57413
887,21633446,22122698,489252,57415
888,21662163,22151378,489215,57458
889,21690945,22180165,489220,57645
890,21719808,22208864,489056,57552
891,21748666,22237620,488954,57459
892,21777373,22266363,488990,57411
893,21806046,22295073,489027,57441
894,21834782,22323711,488929,57330
895,21863478,22352462,488984,57563
896,21892294,22381152,488858,57643
897,21921251,22409919,488668,57855
898,21950342,22438715,488373,57495
899,21979046,22467418,488372,57419
900,22007767,22496093,488326,57353
901,22036451,22524792,488341,57452
902,22065208,22553551,488343,57462
903,22093915,22582327,488412,57493
904,22122636,22611079,488443,57428
905,22151316,22639809,488493,57508
906,22180098,22668489,488391,57376
907,22208799,22697313,488514,57579
908,22237559,22726039,488480,57465
909,22266302,22754816,488514,57480
910,22295009,22783587,488578,57427
911,22323669,22812309,488640,57445
912,22352397,22841012,488615,57392
913,22381091,22869729,488638,57473
914,22409852,22898486,488634,57558
915,22438657,22927205,488548,57423
916,22467365,22955910,488545,57369
917,22496033,22984647,488614,57447
918,22524747,23013317,488570,57422
919,22553503,23042007,488504,57438
920,22582255,23070729,488474,57462
921,22611021,23099460,488439,57470
922,22639765,23128196,488431,57408
923,22668442,23156925,488483,57532
924,22697250,23185575,488325,57367
925,22725972,23214306,488334,57503
926,22754747,23243105,488358,57561
927,22783514,23271835,488321,57464
928,22812252,23300574,488322,57435
929,22840952,23329276,488324,57406
930,22869660,23357979,488319,57468
931,22898430,23386705,488275,57433
932,22927142,23415448,488306,57462
933,22955865,23444196,488331,57455
934,22984577,23472973,488396,57447
935,23013251,23501680,488429,57389
936,23041937,23530367,488430,57434
937,23070688,23559076,488388,57408
938,23099391,23587842,488451,57522
939,23128151,23616648,488497,57514
940,23156863,23645381,488518,57387
941,23185521,23674080,488559,57431
942,23214257,23702810,488553,57499
943,23243030,23731666,488636,57589
944,23271767,23760450,488683,57542
945,23300530,23789211,488681,57457
946,23329230,23817994,488764,57466
947,23357917,23846726,488809,57454
948,23386644,23875428,488784,57435
949,23415381,23904149,488768,57473
950,23444138,23932860,488722,57476
951,23472907,23961626,488719,57483
952,23501629,23990387,488758,57440
953,23530312,24019096,488784,57414
954,23559022,24047799,488777,57449
955,23587773,24076495,488722,57529
956,23616610,24105233,488623,57460
957,23645337,24133975,488638,57417
958,23674016,24162757,488741,57513
959,23702751,24191444,488693,57525
960,23731594,24220171,488577,57510
961,23760381,24248876,488495,57453
962,23789135,24277640,488505,57560
963,23817935,24306458,488523,57558
964,23846680,24335190,488510,57400
965,23875353,24363924,488571,57464
966,23904088,24392590,488502,57357
967,23932784,24421358,488574,57539
968,23961559,24450084,488525,57512
969,23990349,24478854,488505,57473
970,24019057,24507569,488512,57383
971,24047729,24536320,488591,57465
972,24076448,24564983,488535,57368
973,24105158,24593702,488544,57465
974,24133908,24622457,488549,57530
975,24162687,24651143,488456,57400
976,24191405,24679921,488516,57480
977,24220112,24708749,488637,57528
978,24248817,24737467,488650,57464
979,24277567,24766140,488573,57497
980,24306394,24794849,488455,57463
981,24335152,24823607,488455,57458
982,24363856,24852391,488535,57468
983,24392544,24881083,488539,57454
984,24421311,24909764,488453,57402
985,24450036,24938446,488410,57434
986,24478792,24966841,488049,57093
987,24507496,24995286,487790,57208
988,24536263,25023773,487510,57151
989,24564931,25052179,487248,57109
990,24593640,25080676,487036,57235
991,24622382,25109139,486757,57172
992,24651097,25137594,486497,57204
993,24679852,25166111,486259,57356
994,24708697,25194481,485784,57068
995,24737400,25222953,485553,57172
996,24766107,25251359,485252,57124
997,24794830,25279799,484969,57171
998,24823568,25308246,484678,57207
999,24852335,25336618,484283,57076
1000,24881045,25364914,483869,56961
