step,start,end,latency,execution
1,0,57903,57903,71659
2,13800,87273,73473,39030
3,23480,116568,93088,39296
4,33506,145945,112439,39221
5,43355,174914,131559,38698
6,53090,203872,150782,38786
7,62924,232881,169957,38682
8,72603,261656,189053,38443
9,82277,290295,208018,38354
10,91998,319034,227036,38381
11,101646,347753,246107,38389
12,111321,376407,265086,38372
13,121045,405055,284010,38285
14,130687,433743,303056,38434
15,140439,462515,322076,38331
16,150004,491203,341199,38113
17,159435,519948,360513,38424
18,169120,548664,379544,38283
19,178692,577375,398683,38135
20,188122,606330,418208,38587
21,197760,635340,437580,38583
22,207340,664195,456855,38281
23,216773,693130,476357,44784
24,232630,721774,489144,57381
25,261375,750465,489090,57374
26,290067,779268,489201,57539
27,318811,808065,489254,57481
28,347503,836878,489375,57478
29,376176,865509,489333,57308
30,404861,894273,489412,57441
31,433546,923242,489696,57703
32,462288,952148,489860,57574
33,490964,981006,490042,57591
34,519705,1009670,489965,57366
35,548415,1038356,489941,57388
36,577124,1067005,489881,57583
37,606070,1095705,489635,57724
38,635102,1124493,489391,57640
39,663962,1153165,489203,57578
40,692877,1181881,489004,57363
41,721532,1211118,489586,57911
42,750215,1240098,489883,57786
43,779029,1268865,489836,57561
44,807832,1297530,489698,57450
45,836625,1326306,489681,57436
46,865293,1355013,489720,57454
47,894047,1383689,489642,57612
48,922991,1412431,489440,57638
49,951895,1441127,489232,57547
50,980754,1469781,489027,57332
51,1009440,1498444,489004,57343
52,1038127,1527215,489088,57408
53,1066773,1555874,489101,57341
54,1095462,1584553,489091,57470
55,1124261,1613199,488938,57327
56,1152950,1641886,488936,57359
57,1181630,1670575,488945,57908
58,1210858,1699228,488370,57658
59,1239870,1727918,488048,57447
60,1268636,1756621,487985,57349
61,1297290,1785356,488066,57492
62,1326055,1814838,488783,58182
63,1354763,1843635,488872,57477
64,1383452,1872388,488936,57496
65,1412203,1901027,488824,57328
66,1440900,1929753,488853,57362
67,1469544,1958495,488951,57405
68,1498215,1987383,489168,57636
69,1526970,2016217,489247,57496
70,1555639,2044863,489224,57310
71,1584311,2073510,489199,57295
72,1612967,2102200,489233,57369
73,1641654,2130952,489298,57434
74,1670344,2159686,489342,57412
75,1699030,2188396,489366,57348
76,1727676,2217095,489419,57388
77,1756373,2245740,489367,57373
78,1785108,2274394,489286,58128
79,1814590,2303096,488506,57507
80,1843403,2331840,488437,57471
81,1872148,2360513,488365,57304
82,1900787,2389202,488415,57400
83,1929506,2418534,489028,58096
84,1958279,2447392,489113,57709
85,1987138,2476348,489210,57800
86,2015990,2505096,489106,57384
87,2044634,2533774,489140,57318
88,2073282,2562492,489210,57373
89,2101945,2591163,489218,57434
90,2130716,2619887,489171,57435
91,2159435,2648542,489107,57327
92,2188116,2677245,489129,57442
93,2216863,2705898,489035,57293
94,2245512,2734594,489082,57344
95,2274168,2763362,489194,57442
96,2302851,2792067,489216,57445
97,2331598,2821078,489480,57690
98,2360285,2849722,489437,57321
99,2388970,2878455,489485,58060
100,2418305,2907163,488858,57576
101,2447181,2935868,488687,57576
102,2476060,2964646,488586,57581
103,2504871,2993327,488456,57326
104,2533524,3022811,489287,58197
105,2562245,3051456,489211,57326
106,2590934,3080142,489208,57396
107,2619652,3108872,489220,57387
108,2648317,3137790,489473,57590
109,2676996,3166486,489490,57364
110,2705672,3195152,489480,57350
111,2734364,3223876,489512,57486
112,2763134,3252672,489538,57476
113,2791822,3281479,489657,57811
114,2820834,3310195,489361,57377
115,2849502,3338961,489459,57471
116,2878215,3367683,489468,57424
117,2906925,3396353,489428,57373
118,2935636,3425063,489427,57464
119,2964398,3453760,489362,57355
120,2993078,3482477,489399,58230
121,3022599,3511228,488629,57383
122,3051239,3539934,488695,57373
123,3079914,3568573,488659,57362
124,3108645,3597191,488546,57513
125,3137548,3626792,489244,58276
126,3166231,3655463,489232,57352
127,3194920,3684165,489245,57404
128,3223630,3712877,489247,57518
129,3252444,3741515,489071,57416
130,3281231,3770304,489073,57500
131,3309950,3798968,489018,57415
132,3338709,3827654,488945,57400
133,3367431,3856335,488904,57354
134,3396112,3885037,488925,57417
135,3424835,3913752,488917,57408
136,3453536,3942415,488879,57346
137,3482227,3971180,488953,57506
138,3510976,4000140,489164,57662
139,3539686,4029076,489390,57600
140,3568358,4057911,489553,57440
141,3596971,4086668,489697,58340
142,3626561,4115425,488864,57423
143,3655235,4144125,488890,57389
144,3683932,4172823,488891,57388
145,3712629,4201482,488853,57311
146,3741289,4230915,489626,58191
147,3770055,4259793,489738,57540
148,3798725,4288702,489977,57580
149,3827404,4317598,490194,57573
150,3856088,4346416,490328,57532
151,3884810,4375120,490310,57391
152,3913505,4404319,490814,57859
153,3942173,4433003,490830,57443
154,3970940,4461702,490762,57648
155,3999897,4490423,490526,57665
156,4028849,4519123,490274,57505
157,4057662,4547808,490146,57416
158,4086437,4576527,490090,57473
159,4115199,4605166,489967,57324
160,4143892,4633825,489933,57334
161,4172575,4662496,489921,57330
162,4201241,4691186,489945,58123
163,4230682,4719918,489236,57605
164,4259563,4748595,489032,57577
165,4288472,4777336,488864,57607
166,4317346,4806247,488901,57740
167,4346183,4834991,488808,57433
168,4374881,4863750,488869,57933
169,4404063,4892458,488395,57422
170,4432785,4921120,488335,57336
171,4461466,4949794,488328,57372
172,4490172,4978515,488343,57424
173,4518882,5007223,488341,57391
174,4547573,5035924,488351,57399
175,4576279,5065384,489105,58122
176,4604948,5095065,490117,58321
177,4633597,5124365,490768,57997
178,4662303,5153626,491323,57894
179,4690942,5183000,492058,58090
180,4719666,5212444,492778,58116
181,4748346,5241878,493532,58170
182,4777090,5271017,493927,57989
183,4805948,5300155,494207,57963
184,4834781,5329390,494609,57968
185,4863522,5358460,494938,57749
186,4892209,5387548,495339,57750
187,4920879,5416835,495956,57943
188,4949543,5446149,496606,58027
189,4978264,5475266,497002,57819
190,5006975,5504402,497427,57850
191,5035697,5533501,497804,58420
192,5065042,5562356,497314,60896
193,5563268,5626957,63689,73280
194,5572906,5637041,64135,19982
195,5582817,5656833,74016,29576
196,5592606,5666914,74308,19963
197,5602499,5686669,84170,29593
198,5612340,5696751,84411,19960
199,5622224,5716549,94325,29664
200,5632094,5726629,94535,19849
201,5641868,5746394,104526,29686
202,5651793,5756518,104725,19991
203,5661665,5776286,114621,29541
204,5671442,5786367,114925,19949
205,5681316,5806095,124779,29595
206,5691186,5816175,124989,19863
207,5700974,5835992,135018,29722
208,5710883,5846074,135191,19948
209,5720755,5865890,145135,29604
210,5730547,5875970,145423,19934
211,5740406,5895765,155359,29661
212,5750276,5905847,155571,19877
213,5760076,5925584,165508,29631
214,5769974,5935665,165691,19944
215,5779843,5955475,175632,29612
216,5789649,5965558,175909,19921
217,5799493,5985376,185883,29685
218,5809364,5995456,186092,19893
219,5819183,6015360,196177,29784
220,5829067,6025464,196397,19960
221,5838936,6045214,206278,29598
222,5848789,6055294,206505,19929
223,5858643,6075091,216448,29665
224,5868515,6085178,216663,19909
225,5878343,6104883,226540,29567
226,5888209,6114963,226754,19946
227,5898080,6134733,236653,29601
228,5907915,6144815,236900,19894
229,5917733,6164584,246851,29631
230,5927599,6174668,247069,19924
231,5937444,6194577,257133,29757
232,5947296,6204694,257398,19983
233,5957168,6224371,267203,29554
234,5967050,6234457,267407,19941
235,5976911,6254155,277244,29563
236,5986780,6264256,277476,19981
237,5996666,6283905,287239,29471
238,6006492,6293993,287501,19980
239,6016389,6313717,297328,29585
240,6026254,6323803,297549,19859
241,6036033,6343551,307518,29613
242,6045902,6353639,307737,19954
243,6055773,6373344,317571,29454
244,6065526,6383429,317903,19948
245,6075395,6403120,327725,29578
246,6085285,6413206,327921,19876
247,6095080,6432875,337795,29536
248,6104951,6442961,338010,19963
249,6114834,6462677,347843,29495
250,6124617,6472763,348146,19947
251,6134485,6492450,357965,29553
252,6144355,6502535,358180,19864
253,6154140,6522226,368086,29876
254,6164331,6532340,368009,20002
255,6174226,6551985,377759,39754
256,6194340,6562070,367730,19949
257,6204210,6581757,377547,39614
258,6224143,6591842,367699,19951
259,6234016,6611536,377520,39591
260,6253919,6621627,367708,19952
261,6263789,6641441,377652,39702
262,6283683,6651526,367843,19952
263,6293556,6671185,377629,39596
264,6313499,6681272,367773,19950
265,6323369,6700897,377528,39569
266,6343319,6710981,367662,19950
267,6353191,6730640,377449,39590
268,6373128,6740728,367600,19952
269,6382997,6760348,377351,39517
270,6402900,6770432,367532,19949
271,6412772,6790109,377337,39558
272,6432659,6800194,367535,19989
273,6442568,6819886,377318,39577
274,6462459,6829972,367513,19951
275,6472331,6849777,377446,39698
276,6492233,6859861,367628,19993
277,6502149,6879522,377373,39496
278,6521990,6889608,367618,19948
279,6531859,6909287,377428,39561
280,6551746,6919372,367626,19952
281,6561619,6939098,377479,39623
282,6581522,6949183,367661,19948
283,6591390,6968867,377477,39565
284,6611281,6978951,367670,19962
285,6621164,6998639,377475,39723
286,6641205,7008724,367519,19948
287,6651075,7028344,377269,39495
288,6670956,7038429,367473,19951
289,6680829,7058094,377265,39512
290,6700681,7068179,367498,19947
291,6710550,7087882,377332,39570
292,6730422,7097967,367545,19969
293,6740313,7117657,377344,39500
294,6760128,7127744,367616,19952
295,6770000,7147455,377455,39595
296,6789891,7157541,367650,19957
297,6799769,7177203,377434,39551
298,6819664,7187288,367624,19950
299,6829536,7206974,377438,39678
300,6849534,7217112,367578,20001
301,6859403,7237094,377691,39873
302,6879303,7247179,367876,19950
303,6889174,7266836,377662,39547
304,6909069,7276921,367852,19978
305,6918967,7296743,377776,39709
306,6938859,7306831,367972,19954
307,6948731,7326552,377821,39617
308,6968632,7336668,368036,19980
309,6978502,7356282,377780,39490
310,6998401,7366368,367967,19951
311,7008273,7386028,377755,39507
312,7028143,7396113,367970,19951
313,7038016,7415764,377748,39505
314,7057875,7425849,367974,19949
315,7067745,7445467,377722,39515
316,7087647,7455552,367905,19951
317,7097519,7475213,377694,39557
318,7117420,7485328,367908,19978
319,7127290,7504970,377680,39564
320,7147218,7515054,367836,19960
321,7157101,7534757,377656,39582
322,7176986,7544842,367856,19948
323,7186855,7564508,377653,39560
324,7206754,7574593,367839,19975
325,7216654,7594298,377644,39843
326,7236798,7604412,367614,19977
327,7246668,7624027,377359,39540
328,7266599,7634113,367514,19952
329,7276471,7653787,377316,39719
330,7296522,7663872,367350,19989
331,7306433,7683576,377143,39597
332,7326331,7693661,367330,19950
333,7336202,7713343,377141,39561
334,7356087,7723427,367340,19949
335,7365959,7743103,377144,39520
336,7385809,7753189,367380,19949
337,7395678,7772932,377254,39591
338,7415532,7783016,367484,19949
339,7425403,7802701,377298,39528
340,7445252,7812834,367582,19996
341,7455121,7832593,377472,39625
342,7474996,7842682,367686,19954
343,7484868,7862402,377534,39599
344,7504752,7872518,367766,19979
345,7514622,7892178,377556,39551
346,7534518,7902269,367751,19957
347,7544390,7921972,377582,39597
348,7564290,7932056,367766,19948
349,7574159,7951725,377566,39568
350,7594064,7961814,367750,19952
351,7603933,7981461,377528,39518
352,7623810,7991546,367736,19950
353,7633682,8011343,377661,39681
354,7653572,8021431,367859,19950
355,7663441,8041166,377725,39627
356,7683338,8051251,367913,19951
357,7693210,8070954,377744,39613
358,7713126,8081040,367914,19949
359,7722995,8100698,377703,39537
360,7742880,8110782,367902,19951
361,7752752,8130433,377681,39550
362,7772656,8140522,367866,19992
363,7782566,8160158,377592,39495
364,7802431,8170244,367813,19953
365,7812305,8189913,377608,39766
366,7832408,8200026,367618,19976
367,7842278,8219684,377406,39556
368,7862181,8229769,367588,19949
369,7872051,8249438,377387,39573
370,7891961,8259523,367562,19959
371,7901841,8279238,377397,39606
372,7921738,8289329,367591,19982
373,7931635,8309034,377399,39625
374,7951561,8319120,367559,19960
375,7961442,8338805,377363,39506
376,7981268,8348890,367622,19949
377,7991138,8368551,377413,39630
378,8011112,8378635,367523,19950
379,8020985,8398307,377322,39613
380,8040932,8408421,367489,19978
381,8050802,8428518,377716,40027
382,8070737,8438603,367866,19951
383,8080610,8458305,377695,39570
384,8100483,8468419,367936,19977
385,8110351,8488036,377685,39477
386,8130217,8498122,367905,19972
387,8140108,8517840,377732,39541
388,8159937,8527924,367987,19951
389,8169809,8547613,377804,39557
390,8189683,8557698,368015,19948
391,8199552,8577383,377831,39582
392,8219455,8587468,368013,19950
393,8229327,8607139,377812,39555
394,8249217,8617224,368007,19950
395,8259087,8636899,377812,39578
396,8278996,8646984,367988,19949
397,8288867,8666672,377805,39610
398,8308795,8676758,367963,19949
399,8318665,8696416,377751,39555
400,8338567,8706500,367933,19949
401,8348439,8726170,377731,39532
402,8368307,8736272,367965,19965
403,8378176,8755943,377767,39573
404,8398084,8766029,367945,19948
405,8407953,8785683,377730,39946
406,8428250,8795768,367518,19950
407,8438121,8815577,377456,39753
408,8458071,8825666,367595,19953
409,8467941,8845316,377375,39546
410,8487843,8855400,367557,19949
411,8497715,8875066,377351,39548
412,8517603,8885151,367548,19944
413,8527467,8904795,377328,39553
414,8547382,8914882,367500,19952
415,8557253,8934540,377287,39546
416,8577147,8944627,367480,19984
417,8587051,8964285,377234,39517
418,8606916,8974369,367453,19950
419,8616788,8994037,377249,39537
420,8636663,9004122,367459,19989
421,8646573,9024258,377685,39992
422,8666434,9034343,367909,19944
423,8676300,9054070,377770,39597
424,8696177,9064157,367980,19954
425,8706050,9083885,377835,39626
426,8725953,9093971,368018,19974
427,8735848,9113665,377817,39566
428,8755726,9123750,368024,19951
429,8765598,9143443,377845,39557
430,8785467,9153528,368061,19949
431,8795336,9173208,377872,39680
432,8815342,9183293,367951,19954
433,8825218,9202991,377773,39560
434,8845086,9213076,367990,19948
435,8854954,9232740,377786,39536
436,8874832,9242825,367993,19950
437,8884704,9262535,377831,39580
438,8904580,9272649,368069,19975
439,8914446,9292339,377893,39561
440,8934323,9302426,368103,19953
441,8944196,9322144,377948,39583
442,8964066,9332230,368164,19952
443,8973938,9351912,377974,39542
444,8993820,9361998,368178,19948
445,9003689,9381816,378127,40136
446,9024012,9391903,367891,19955
447,9033886,9411615,377729,39698
448,9053878,9421700,367822,19968
449,9063766,9441370,377604,39563
450,9083665,9451454,367789,19950
451,9093537,9471131,377594,39571
452,9113436,9481217,367781,19977
453,9123334,9500859,377525,39510
454,9143208,9510943,367735,19949
455,9153080,9530609,377529,39568
456,9172988,9540695,367707,19986
457,9182894,9560318,377424,39476
458,9202753,9570402,367649,19957
459,9212634,9590080,377446,39563
460,9232524,9600164,367640,19947
461,9242394,9619835,377441,39560
462,9262299,9629930,367631,19957
463,9272168,9649572,377404,39565
464,9292098,9659686,367588,19982
465,9301972,9679345,377373,39596
466,9321926,9689431,367505,19976
467,9331823,9709110,377287,39520
468,9351670,9719194,367524,19950
469,9361542,9738885,377343,39735
470,9381592,9748971,367379,19949
471,9391461,9768636,377175,39580
472,9411381,9778721,367340,19951
473,9421253,9798380,377127,39554
474,9441154,9808496,367342,19978
475,9451023,9828140,377117,39522
476,9470905,9838225,367320,19952
477,9480778,9857908,377130,39541
478,9500642,9867993,367351,19948
479,9510510,9887701,377191,39583
480,9530391,9897786,367395,19951
481,9540263,9917454,377191,39498
482,9560099,9927542,367443,19954
483,9569971,9947226,377255,39549
484,9589841,9957312,367471,19950
485,9599710,9976993,377283,39547
486,9619582,9987077,367495,19956
487,9629459,10006809,377350,39650
488,9649383,10016894,367511,19949
489,9659253,10036649,377396,39623
490,9679127,10046733,367606,19949
491,9688999,10066402,377403,39540
492,9708875,10076517,367642,19978
493,9718744,10096185,377441,39567
494,9738649,10106271,367622,19951
495,9748521,10125934,377413,39554
496,9768418,10136018,367600,19967
497,9778307,10155689,377382,39498
498,9798140,10165775,367635,19948
499,9808009,10185480,377471,39612
500,9827922,10195564,367642,19948
501,9837793,10215285,377492,39613
502,9857691,10225380,367689,19958
503,9867561,10245033,377472,39549
504,9887464,10255118,367654,19951
505,9897336,10274795,377459,39572
506,9917237,10284881,367644,19954
507,9927112,10304549,377437,39557
508,9947007,10314641,367634,19969
509,9956893,10334329,377436,39564
510,9976775,10344447,367672,19981
511,9986645,10364069,377424,39562
512,10006591,10374184,367593,19980
513,10016462,10393836,377374,39584
514,10036400,10403920,367520,19947
515,10046269,10423600,377331,39601
516,10066196,10433686,367490,19948
517,10076065,10453372,377307,39564
518,10095949,10463456,367507,19951
519,10105822,10483126,377304,39541
520,10125698,10493212,367514,19949
521,10135567,10512894,377327,39580
522,10155470,10522979,367509,19950
523,10165342,10542670,377328,39587
524,10185244,10552756,367512,19943
525,10195108,10572410,377302,39552
526,10215012,10582494,367482,19950
527,10224884,10602182,377298,39614
528,10244816,10612309,367493,20029
529,10254723,10632186,377463,39699
530,10274555,10642285,367730,19958
531,10284427,10662097,377670,39694
532,10304316,10672178,367862,19987
533,10314229,10691957,377728,39652
534,10334108,10702039,367931,19946
535,10343977,10721822,377845,39652
536,10363851,10731902,368051,19947
537,10373724,10751661,377937,39646
538,10393617,10761743,368126,19944
539,10403486,10781508,378022,39634
540,10423361,10791588,368227,19946
541,10433233,10811386,378153,39695
542,10453136,10821499,368363,19975
543,10463005,10841543,378538,39931
544,10482907,10851625,368718,19962
545,10492794,10871375,378581,39629
546,10512679,10881456,368777,19943
547,10522548,10901242,378694,39683
548,10542450,10911324,368874,19949
549,10552322,10931104,378782,39617
550,10572165,10941185,369020,19947
551,10582037,10960957,378920,39672
552,10601943,10971037,369094,19970
553,10611857,10990366,378509,41685
554,10634218,11000054,365836,21848
555,11000747,11054373,53626,63105
556,11010285,11083775,73490,39291
557,11020186,11113023,92837,39103
558,11030050,11142171,112121,38898
559,11039806,11171134,131328,38884
560,11049734,11200086,150352,38713
561,11059501,11229005,169504,38476
562,11069065,11257687,188622,38405
563,11078794,11286369,207575,38307
564,11088425,11315067,226642,38222
565,11097955,11343812,245857,38460
566,11107676,11372471,264795,38361
567,11117383,11401133,283750,38233
568,11126960,11429898,302938,38421
569,11136622,11458564,321942,38227
570,11146189,11487240,341051,38100
571,11155618,11515976,360358,38386
572,11165274,11544697,379423,38288
573,11174847,11573353,398506,38080
574,11184277,11602477,418200,38765
575,11193924,11631834,437910,38931
576,11203504,11660811,457307,38403
577,11212936,11689737,476801,44731
578,11228749,11718675,489926,57644
579,11257462,11747636,490174,57606
580,11286115,11776375,490260,57425
581,11314809,11804972,490163,57362
582,11343581,11833676,490095,57358
583,11372242,11862358,490116,57339
584,11400906,11891122,490216,57491
585,11429641,11919796,490155,57347
586,11458322,11948526,490204,57392
587,11486992,11977310,490318,57532
588,11515748,12006243,490495,57648
589,11544471,12035062,490591,57469
590,11573129,12063781,490652,57809
591,11602226,12092509,490283,58083
592,11631588,12121189,489601,57644
593,11660559,12149870,489311,57595
594,11689480,12178538,489058,57611
595,11718430,12207221,488791,57646
596,11747401,12236620,489219,58100
597,11776110,12265516,489406,57533
598,11804755,12294200,489445,57346
599,11833425,12322919,489494,57415
600,11862128,12351583,489455,57416
601,11890888,12380297,489409,57417
602,11919599,12408967,489368,57346
603,11948283,12437666,489383,57476
604,11977068,12466390,489322,57645
605,12005997,12495095,489098,57518
606,12034818,12523851,489033,57484
607,12063554,12552490,488936,57355
608,12092278,12581140,488862,57310
609,12120946,12609780,488834,57314
610,12149628,12638499,488871,57358
611,12178275,12667175,488900,57357
612,12206964,12695831,488867,58078
613,12236395,12724494,488099,57515
614,12265265,12753161,487896,57341
615,12293947,12781869,487922,57422
616,12322669,12810759,488090,57551
617,12351338,12840249,488911,58160
618,12380016,12868991,488975,57447
619,12408748,12897679,488931,57383
620,12437451,12926320,488869,57316
621,12466134,12955022,488888,57420
622,12494860,12983734,488874,57437
623,12523592,13012433,488841,57349
624,12552250,13041128,488878,57352
625,12580915,13069815,488900,57321
626,12609556,13098492,488936,57382
627,12638269,13127296,489027,57459
628,12666932,13155910,488978,57284
629,12695610,13184558,488948,57278
630,12724248,13213243,488995,57341
631,12752912,13241880,488968,57337
632,12781620,13270791,489171,57805
633,12810522,13299524,489002,58189
634,12839985,13328229,488244,57449
635,12868737,13356915,488178,57380
636,12897438,13385560,488122,57333
637,12926132,13414339,488207,57417
638,12954778,13443789,489011,58181
639,12983516,13472711,489195,57574
640,13012176,13501417,489241,57393
641,13040871,13530117,489246,57408
642,13069587,13558769,489182,57320
643,13098263,13587447,489184,57475
644,13127068,13616140,489072,57299
645,13155682,13644876,489194,57363
646,13184316,13673561,489245,57367
647,13213005,13702223,489218,57336
648,13241686,13730873,489187,57490
649,13270534,13759549,489015,57406
650,13299272,13788347,489075,57510
651,13327992,13817038,489046,57379
652,13356688,13845689,489001,57273
653,13385318,13874402,489084,57464
654,13414076,13903312,489236,58387
655,13443561,13932222,488661,57808
656,13472466,13960912,488446,57375
657,13501159,13989644,488485,57435
658,13529870,14018445,488575,57446
659,13558522,14047418,488896,57645
660,13587202,14076328,489126,57617
661,13615917,14105032,489115,57421
662,13644642,14133771,489129,57408
663,13673319,14162440,489121,57310
664,13701968,14191125,489157,57325
665,13730616,14219831,489215,57404
666,13759322,14248520,489198,57420
667,13788061,14277176,489115,57366
668,13816779,14305844,489065,57310
669,13845429,14334518,489089,57395
670,13874157,14363209,489052,57585
671,13903058,14391872,488814,57576
672,13931978,14420613,488635,57449
673,13960695,14449314,488619,57417
674,13989419,14477969,488550,57439
675,14018210,14506666,488456,57674
676,14047195,14535324,488129,57465
677,14076010,14564009,487999,57465
678,14104798,14592661,487863,57367
679,14133521,14621487,487966,57511
680,14162213,14650400,488187,57560
681,14190868,14679101,488233,57423
682,14219598,14707775,488177,57363
683,14248295,14736459,488164,57302
684,14276921,14765121,488200,57322
685,14305589,14793830,488241,57380
686,14334268,14822506,488238,57349
687,14362949,14851206,488257,57381
688,14391638,14879934,488296,57463
689,14420381,14908571,488190,57307
690,14449058,14937287,488229,57367
691,14477717,14966043,488326,57470
692,14506439,14994711,488272,57328
693,14535106,15023465,488359,57403
694,14563764,15052120,488356,57315
695,14592432,15080804,488372,57475
696,14621230,15109476,488246,57596
697,14650162,15138361,488199,57561
698,14678846,15167086,488240,57406
699,14707535,15195770,488235,57372
700,14736234,15224640,488406,57521
701,14764894,15253550,488656,57611
702,14793603,15282326,488723,57451
703,14822286,15311016,488730,57359
704,14850963,15339745,488782,57444
705,14879685,15368439,488754,57327
706,14908326,15397126,488800,57378
707,14937024,15425849,488825,57481
708,14965790,15454584,488794,57415
709,14994478,15483284,488806,57418
710,15023204,15512006,488802,57419
711,15051909,15540686,488777,57340
712,15080577,15569342,488765,57330
713,15109260,15597975,488715,57468
714,15138103,15626714,488611,57455
715,15166827,15655402,488575,57363
716,15195509,15684063,488554,57528
717,15224384,15712714,488330,57614
718,15253355,15741381,488026,57387
719,15282083,15770075,487992,57394
720,15310791,15798782,487991,57425
721,15339517,15827606,488089,57450
722,15368151,15856466,488315,57577
723,15396876,15885238,488362,57505
724,15425617,15913930,488313,57417
725,15454349,15942643,488294,57390
726,15483034,15971373,488339,57466
727,15511778,16000052,488274,57323
728,15540430,16028789,488359,57384
729,15569086,16057476,488390,57343
730,15597750,16086228,488478,57454
731,15626460,16114942,488482,57405
732,15655158,16143727,488569,57455
733,15683836,16172475,488639,57429
734,15712525,16201146,488621,57292
735,15741154,16229813,488659,57391
736,15769885,16258465,488580,57298
737,15798539,16287171,488632,57537
738,15827377,16315888,488511,57568
739,15856237,16344561,488324,57440
740,15885012,16373219,488207,57325
741,15913687,16401907,488220,57378
742,15942385,16430898,488513,57729
743,15971131,16459667,488536,57440
744,15999810,16488340,488530,57418
745,16028563,16517035,488472,57353
746,16057229,16545731,488502,57442
747,16085983,16574441,488458,57419
748,16114700,16603183,488483,57534
749,16143500,16631901,488401,57429
750,16172219,16660557,488338,57319
751,16200889,16689187,488298,57289
752,16229556,16717878,488322,57335
753,16258208,16746560,488352,57380
754,16286914,16775246,488332,57395
755,16315631,16803936,488305,57361
756,16344310,16832576,488266,57289
757,16372967,16861250,488283,57378
758,16401680,16889924,488244,57706
759,16430720,16918660,487940,57453
760,16459445,16947373,487928,57341
761,16488081,16976038,487957,57421
762,16516845,17004723,487878,57334
763,16545502,17033947,488445,57896
764,16574181,17062744,488563,57544
765,16602935,17091459,488524,57374
766,16631613,17120208,488595,57428
767,16660300,17148975,488675,57431
768,16688972,17177645,488673,57315
769,16717625,17206330,488705,57382
770,16746330,17234949,488619,57296
771,16775026,17263610,488584,57341
772,16803714,17292286,488572,57304
773,16832350,17320985,488635,57365
774,16861024,17349658,488634,57339
775,16889697,17378371,488674,57413
776,16918405,17407029,488624,57375
777,16947130,17435728,488598,57366
778,16975804,17464385,488581,57338
779,17004492,17493159,488667,57998
780,17033724,17521857,488133,57452
781,17062485,17550560,488075,57427
782,17091217,17579234,488017,57410
783,17119961,17607930,487969,57449
784,17148722,17637191,488469,57920
785,17177389,17665918,488529,57401
786,17206071,17694618,488547,57333
787,17234712,17723308,488596,57340
788,17263370,17752026,488656,57403
789,17292063,17780670,488607,57327
790,17320754,17809510,488756,57508
791,17349429,17838219,488790,57384
792,17378112,17866984,488872,57443
793,17406798,17895862,489064,57549
794,17435477,17924848,489371,57659
795,17464158,17953582,489424,57473
796,17492904,17982249,489345,57356
797,17521601,18010899,489298,57348
798,17550307,18039629,489322,57404
799,17578988,18068341,489353,57429
800,17607712,18097030,489318,57909
801,17636939,18125768,488829,57452
802,17665662,18154502,488840,57450
803,17694386,18183176,488790,57346
804,17723066,18211822,488756,57346
805,17751773,18241004,489231,57842
806,17780441,18269979,489538,57809
807,17809283,18298691,489408,57448
808,17838027,18327339,489312,57344
809,17866731,18355986,489255,57515
810,17895607,18384636,489029,57624
811,17924590,18413328,488738,57417
812,17953323,18441935,488612,57284
813,17982008,18470672,488664,57392
814,18010671,18499417,488746,57449
815,18039382,18528115,488733,57391
816,18068083,18556796,488713,57390
817,18096799,18585457,488658,57397
818,18125542,18614117,488575,57363
819,18154253,18642901,488648,57453
820,18182930,18671580,488650,57330
821,18211589,18700478,488889,58080
822,18240779,18729212,488433,57668
823,18269721,18757829,488108,57333
824,18298445,18786528,488083,57363
825,18327117,18815242,488125,57329
826,18355740,18844482,488742,57900
827,18384407,18873190,488783,57388
828,18413095,18901870,488775,57317
829,18441740,18930620,488880,57428
830,18470426,18959432,489006,57552
831,18499174,18988455,489281,57696
832,18527855,19017127,489272,57347
833,18556538,19045849,489311,57408
834,18585232,19074552,489320,57355
835,18613892,19103254,489362,57446
836,18642644,19132137,489493,57546
837,18671315,19160879,489564,57704
838,18700285,19189537,489252,57327
839,18728962,19218182,489220,57321
840,18757646,19246889,489243,57353
841,18786300,19275623,489323,57423
842,18814997,19304314,489317,57909
843,18844222,19332998,488776,57420
844,18872965,19361621,488656,57269
845,18901618,19390309,488691,57425
846,18930363,19419003,488640,57524
847,18959201,19448165,488964,58120
848,18988167,19476933,488766,57501
849,19016908,19505678,488770,57448
850,19045619,19534353,488734,57368
851,19074320,19563022,488702,57353
852,19103011,19591731,488720,57608
853,19131918,19620428,488510,57399
854,19160628,19649093,488465,57338
855,19189309,19677716,488407,57235
856,19217929,19706384,488455,57370
857,19246639,19735093,488454,57429
858,19275367,19763732,488365,57317
859,19304053,19792432,488379,57379
860,19332740,19821128,488388,57343
861,19361395,19849814,488419,57359
862,19390076,19878515,488439,57390
863,19418773,19907198,488425,57807
864,19447905,19935902,487997,57476
865,19476685,19964564,487879,57393
866,19505424,19993204,487780,57309
867,19534101,20021986,487885,57435
868,19562762,20051276,488514,58005
869,19591485,20080039,488554,57423
870,19620153,20108723,488570,57360
871,19648837,20137431,488594,57355
872,19677491,20166087,488596,57307
873,19706150,20194758,488608,57354
874,19734841,20223439,488598,57343
875,19763510,20252159,488649,57394
876,19792191,20280850,488659,57395
877,19820904,20309505,488601,57300
878,19849557,20338121,488564,57309
879,19878258,20366797,488539,57378
880,19906968,20395530,488562,57402
881,19935645,20424209,488564,57373
882,19964347,20452879,488532,57292
883,19992977,20481554,488577,57420
884,20021730,20510273,488543,58016
885,20051035,20538939,487904,57416
886,20079793,20567656,487863,57408
887,20108492,20596362,487870,57390
888,20137184,20625003,487819,57281
889,20165832,20654313,488481,57984
890,20194514,20683096,488582,57473
891,20223212,20711770,488558,57386
892,20251932,20740457,488525,57347
893,20280600,20769122,488522,57334
894,20309277,20797799,488522,57294
895,20337901,20826493,488592,57342
896,20366557,20855166,488609,57387
897,20395279,20883857,488578,57362
898,20423958,20912605,488647,57432
899,20452650,20941418,488768,57477
900,20481322,20970299,488977,57569
901,20510017,20999023,489006,57407
902,20538708,21027776,489068,57427
903,20567391,21056419,489028,57330
904,20596085,21085139,489054,57403
905,20624776,21113786,489010,57941
906,20654078,21142535,488457,57511
907,20682848,21171214,488366,57356
908,20711533,21199900,488367,57342
909,20740197,21228740,488543,57532
910,20768897,21257699,488802,57609
911,20797554,21286429,488875,57419
912,20826251,21315032,488781,57264
913,20854920,21343740,488820,57381
914,20883600,21372442,488842,57474
915,20912380,21401159,488779,57481
916,20941152,21429839,488687,57574
917,20970054,21458529,488475,57381
918,20998764,21487222,488458,57452
919,21027531,21515903,488372,57330
920,21056188,21544563,488375,57377
921,21084913,21573332,488419,57399
922,21113551,21602060,488509,57444
923,21142287,21630789,488502,57405
924,21170971,21659492,488521,57377
925,21199653,21688195,488542,57552
926,21228509,21716868,488359,57626
927,21257470,21745497,488027,57354
928,21286203,21774246,488043,57353
929,21314815,21802920,488105,57336
930,21343483,21831662,488179,57432
931,21372182,21860561,488379,57631
932,21400922,21889214,488292,57325
933,21429603,21917936,488333,57394
934,21458283,21946593,488310,57333
935,21486967,21975385,488418,57462
936,21515645,22004093,488448,57357
937,21544302,22032795,488493,57459
938,21573067,22061434,488367,57393
939,21601829,22090120,488291,57401
940,21630552,22119002,488450,57580
941,21659258,22147713,488455,57423
942,21687978,22176400,488422,57337
943,21716635,22205091,488456,57351
944,21745302,22233787,488485,57404
945,21774018,22262475,488457,57353
946,21802691,22291097,488406,57341
947,21831417,22319856,488439,57687
948,21860352,22348656,488304,57430
949,21888989,22377347,488358,57393
950,21917699,22405947,488248,57275
951,21946382,22434576,488194,57381
952,21975142,22463300,488158,57410
953,22003836,22491987,488151,57387
954,22032544,22520674,488130,57341
955,22061206,22549425,488219,57425
956,22089888,22578227,488339,57675
957,22118769,22606902,488133,57366
958,22147468,22635602,488134,57388
959,22176164,22664327,488163,57418
960,22204865,22693016,488151,57351
961,22233534,22721684,488150,57372
962,22262247,22750375,488128,57340
963,22290904,22779106,488202,57416
964,22319597,22807866,488269,57558
965,22348403,22836707,488304,57516
966,22377086,22865366,488280,57296
967,22405731,22894107,488376,57354
968,22434352,22922896,488544,57502
969,22463073,22951734,488661,57547
970,22491790,22980592,488802,57477
971,22520417,23009254,488837,57403
972,22549166,23037948,488782,57514
973,22577994,23066601,488607,57309
974,22606658,23095292,488634,57384
975,22635359,23124205,488846,57615
976,22664069,23152920,488851,57425
977,22692788,23181581,488793,57321
978,22721456,23210276,488820,57375
979,22750143,23238970,488827,57401
980,22778857,23267817,488960,57598
981,22807615,23296559,488944,57601
982,22836482,23325275,488793,57357
983,22865131,23353922,488791,57362
984,22893853,23382636,488783,57503
985,22922651,23411261,488610,57476
986,22951510,23439749,488239,57311
987,22980340,23468291,487951,57206
988,23009012,23496757,487745,57178
989,23037732,23525171,487439,57049
990,23066375,23553609,487234,57119
991,23095064,23582051,486987,57321
992,23123950,23610544,486594,57228
993,23152693,23638997,486304,57106
994,23181353,23667415,486062,57111
995,23210054,23695884,485830,57155
996,23238748,23724393,485645,57324
997,23267571,23752799,485228,57156
998,23296328,23781191,484863,57078
999,23325022,23809583,484561,57058
1000,23353695,23837864,484169,56957
