step,start,end,latency,execution
1,0,49111,49111,63296
2,14299,68871,54572,29838
3,24384,89125,64741,30167
4,34306,109021,74715,29835
5,44251,129193,84942,29899
6,53983,149313,95330,29961
7,63830,169516,105686,30264
8,73899,189707,115808,29963
9,83676,209955,126279,29984
10,93418,229978,136560,29814
11,103215,249876,146661,29639
12,112960,269971,157011,29946
13,122818,289848,167030,29736
14,132685,309844,177159,29852
15,142545,329514,186969,29529
16,152410,349145,196735,29490
17,162274,368805,206531,29520
18,172137,388363,216226,29458
19,182042,408045,226003,29558
20,191924,427538,235614,29351
21,201786,447181,245395,29495
22,211642,466743,255101,29393
23,221477,486443,264966,29421
24,231203,506173,274970,29441
25,240920,525772,284852,29324
26,250649,545428,294779,29481
27,260478,564917,304439,29208
28,270201,584509,314308,29307
29,279921,604324,324403,29567
30,289677,624267,334590,39795
31,309536,644064,334528,39588
32,329334,663745,334411,39285
33,348946,683352,334406,39275
34,368622,703214,334592,39472
35,388240,723057,334817,39358
36,407763,742641,334878,39235
37,427420,762273,334853,39251
38,447047,781870,334823,39134
39,466590,801526,334936,39405
40,486345,820996,334651,39096
41,505977,840493,334516,39079
42,525567,860022,334455,39183
43,545228,879598,334370,39116
44,564776,899208,334432,39248
45,584422,918693,334271,39243
46,604196,938255,334059,39449
47,624089,957695,333606,39158
48,643814,977254,333440,39301
49,663562,996895,333333,39226
50,683154,1016411,333257,39361
51,703005,1035942,332937,39358
52,722838,1055676,332838,39306
53,742418,1075206,332788,39148
54,762043,1094823,332780,39225
55,781657,1114577,332920,39414
56,801325,1134037,332712,38940
57,820813,1153506,332693,38960
58,840310,1173173,332863,39244
59,859893,1192709,332816,39165
60,879530,1213025,333495,39778
61,899000,1232853,333853,39320
62,918500,1252759,334259,39444
63,938046,1272634,334588,39309
64,957488,1292327,334839,39285
65,977088,1312288,335200,39600
66,996735,1331971,335236,39179
67,1016239,1351695,335456,39298
68,1035834,1371079,335245,39048
69,1055505,1390746,335241,39215
70,1075060,1410451,335391,39248
71,1094607,1430044,335437,39334
72,1114354,1449637,335283,39056
73,1133823,1469234,335411,39158
74,1153390,1488939,335549,39316
75,1173008,1508646,335638,39306
76,1192613,1528190,335577,39727
77,1212802,1547850,335048,39530
78,1232677,1567324,334647,39291
79,1252500,1586959,334459,39562
80,1272433,1606615,334182,39383
81,1292167,1626129,333962,39459
82,1312116,1645639,333523,39146
83,1331760,1665290,333530,39417
84,1351532,1684739,333207,38904
85,1370995,1704305,333310,39170
86,1390606,1723791,333185,39189
87,1410317,1743411,333094,39149
88,1429852,1763025,333173,39234
89,1449480,1782483,333003,39111
90,1469140,1802420,333280,39474
91,1488683,1822347,333664,39643
92,1508408,1842171,333763,39493
93,1528085,1861801,333716,39174
94,1547637,1881452,333815,39276
95,1567268,1901064,333796,39076
96,1586738,1920887,334149,39473
97,1606396,1940439,334043,39153
98,1626004,1959834,333830,38861
99,1645476,1979482,334006,39248
100,1665083,1999131,334048,39142
101,1684582,2018669,334087,39055
102,1704105,2038280,334175,39122
103,1723623,2057812,334189,39153
104,1743252,2077395,334143,39230
105,1762905,2096997,334092,39036
106,1782347,2116508,334161,39568
107,1802422,2136164,333742,39379
108,1822151,2155778,333627,39413
109,1841956,2175452,333496,39343
110,1861633,2194923,333290,39175
111,1881345,2214619,333274,39246
112,1900903,2234135,333232,39234
113,1920629,2253769,333140,39281
114,1940283,2273308,333025,38922
115,1959670,2292860,333190,39192
116,1979315,2312644,333329,39441
117,1998978,2332146,333168,39048
118,2018530,2351859,333329,39240
119,2038064,2371426,333362,39151
120,2057655,2390965,333310,39074
121,2077198,2410979,333781,39705
122,2096896,2430835,333939,39250
123,2116297,2450667,334370,39545
124,2136017,2470573,334556,39437
125,2155556,2490292,334736,39345
126,2175190,2510101,334911,39440
127,2194829,2529764,334935,39310
128,2214483,2549216,334733,38919
129,2233956,2568850,334894,39225
130,2253554,2588445,334891,39177
131,2273144,2607890,334746,39020
132,2292725,2627554,334829,39315
133,2312383,2647185,334802,39315
134,2332075,2666613,334538,39025
135,2351679,2686270,334591,39178
136,2371206,2705680,334474,38992
137,2390792,2725373,334581,39623
138,2410728,2745025,334297,39507
139,2430589,2764604,334015,39454
140,2450471,2784017,333546,39297
141,2470363,2803563,333200,39298
142,2490122,2823187,333065,39440
143,2509946,2842715,332769,39187
144,2529610,2862285,332675,38974
145,2549020,2881852,332832,39238
146,2568699,2901624,332925,39337
147,2588271,2921144,332873,39052
148,2607808,2940799,332991,39277
149,2627437,2960366,332929,39040
150,2646916,2979990,333074,39217
151,2666516,2999593,333077,39148
152,2686067,3019673,333606,39527
153,2705520,3039492,333972,39456
154,2725164,3059224,334060,39405
155,2744843,3078877,334034,39204
156,2764401,3098682,334281,39261
157,2783865,3118403,334538,39249
158,2803438,3137999,334561,39077
159,2822927,3157665,334738,39237
160,2842505,3177279,334774,39219
161,2862116,3196637,334521,38949
162,2881712,3216268,334556,39322
163,2901409,3235992,334583,39231
164,2920924,3255468,334544,39144
165,2940598,3275133,334535,39256
166,2960197,3294618,334421,39083
167,2979803,3314129,334326,39093
168,2999393,3333827,334434,39798
169,3019502,3353389,333887,39402
170,3039348,3372977,333629,39323
171,3059088,3392604,333516,39200
172,3078669,3412208,333539,39422
173,3098494,3431813,333319,39357
174,3118254,3451484,333230,39189
175,3137778,3471059,333281,39264
176,3157473,3490512,333039,39031
177,3177057,3510154,333097,39096
178,3196517,3529618,333101,39047
179,3216106,3549224,333118,39249
180,3235757,3569006,333249,39389
181,3255369,3588712,333343,39263
182,3274934,3608334,333400,39143
183,3294462,3628168,333706,39444
184,3314078,3648050,333972,39457
185,3333660,3667773,334113,39261
186,3353204,3687281,334077,39067
187,3372768,3706995,334227,39326
188,3392387,3726604,334217,39263
189,3412047,3746237,334190,39170
190,3431592,3765836,334244,39314
191,3451315,3785374,334059,39104
192,3470888,3804974,334086,39075
193,3490370,3824603,334233,39203
194,3509952,3844165,334213,39057
195,3529453,3863710,334257,39153
196,3549069,3883248,334179,39324
197,3568862,3902833,333971,39200
198,3588483,3922496,334013,39355
199,3608181,3942137,333956,39469
200,3628016,3961669,333653,39354
201,3647844,3981170,333326,39183
202,3667532,4000807,333275,39276
203,3687177,4020456,333279,39245
204,3706781,4039999,333218,39137
205,3726381,4059682,333301,39322
206,3746027,4079193,333166,39138
207,3765660,4098774,333114,39124
208,3785210,4118374,333164,39183
209,3804800,4137909,333109,39165
210,3824436,4157461,333025,39144
211,3844035,4176977,332942,38969
212,3863493,4196614,333121,39230
213,3883091,4216545,333454,39477
214,3902645,4236474,333829,39553
215,3922277,4256396,334119,39613
216,3941975,4276140,334165,39245
217,3961483,4295857,334374,39270
218,3981044,4315593,334549,39325
219,4000640,4335344,334704,39376
220,4020272,4354984,334712,39239
221,4039879,4374506,334627,39124
222,4059486,4393974,334488,38989
223,4079014,4413397,334383,38992
224,4098587,4433020,334433,39231
225,4118200,4452537,334337,39080
226,4137769,4472115,334346,39190
227,4157387,4491575,334188,38890
228,4176822,4511121,334299,39116
229,4196396,4530857,334461,39681
230,4216347,4550624,334277,39821
231,4236409,4570185,333776,39368
232,4256224,4589959,333735,39449
233,4275906,4609490,333584,39312
234,4295694,4629190,333496,39606
235,4315605,4648986,333381,39360
236,4335175,4668666,333491,39268
237,4354771,4688344,333573,39221
238,4374322,4708050,333728,39178
239,4393802,4727714,333912,39105
240,4413249,4747260,334011,39164
241,4432873,4766874,334001,39167
242,4452432,4786396,333964,39056
243,4471974,4806175,334201,39205
244,4491408,4826019,334611,39444
245,4511015,4845667,334652,39319
246,4530693,4865455,334762,39478
247,4550389,4885169,334780,39380
248,4570061,4904762,334701,39277
249,4589751,4924562,334811,39275
250,4609234,4944111,334877,39288
251,4628980,4963708,334728,39404
252,4648793,4983260,334467,39163
253,4668412,5002959,334547,39403
254,4688123,5022612,334489,39408
255,4707886,5042141,334255,39184
256,4727549,5062096,334547,39524
257,4747125,5082404,335279,39837
258,4766662,5102316,335654,39499
259,4786254,5122046,335792,39384
260,4805914,5141951,336037,39857
261,4825872,5161845,335973,39568
262,4845554,5181447,335893,39276
263,4865233,5201278,336045,39575
264,4884985,5221101,336116,39491
265,4904658,5240852,336194,39475
266,4924387,5260656,336269,39408
267,4943997,5280324,336327,39274
268,4963610,5299930,336320,39114
269,4983124,5319800,336676,39453
270,5002715,5339463,336748,39339
271,5022398,5359242,336844,39340
272,5041966,5378912,336946,39655
273,5062045,5398413,336368,39738
274,5399247,5457980,58733,68305
275,5408830,5478231,69401,29827
276,5418413,5502253,83840,34074
277,5428497,5518358,89861,25891
278,5438287,5541539,103252,33005
279,5448117,5558610,110493,27001
280,5458051,5580650,122599,31842
281,5467859,5600579,132720,29840
282,5477774,5627681,149907,36850
283,5487528,5649037,161509,31286
284,5497461,5665557,168096,26334
285,5507280,5679003,171723,23332
286,5517170,5700670,183500,31460
287,5526968,5718692,191724,27932
288,5536883,5738521,201638,29643
289,5546703,5758449,211746,29818
290,5556598,5778390,221792,29729
291,5566391,5798352,231961,29843
292,5576278,5818258,241980,29712
293,5586089,5837925,251836,29464
294,5595892,5858053,262161,29943
295,5605714,5878025,272311,29856
296,5615603,5897901,282298,29669
297,5625402,5917850,292448,29786
298,5635244,5937705,302461,29715
299,5645108,5957730,312622,29856
300,5654944,5977572,322628,29700
301,5664808,5997489,332681,29753
302,5674650,6017670,343020,29981
303,5684456,6037727,353271,39017
304,5703424,6057683,354259,39947
305,5723421,6077613,354192,39817
306,5743315,6097648,354333,39970
307,5763257,6117754,354497,40068
308,5783225,6137727,354502,39829
309,5803087,6157665,354578,39832
310,5823008,6177783,354775,40096
311,5843007,6197788,354781,39876
312,5862884,6217766,354882,39965
313,5882876,6237760,354884,39825
314,5902713,6257750,355037,39911
315,5922640,6277647,355007,39843
316,5942592,6297667,355075,39814
317,5962393,6317516,355123,39805
318,5982355,6337467,355112,39738
319,6002147,6357440,355293,40216
320,6022396,6377276,354880,39881
321,6042446,6397363,354917,40034
322,6062399,6417286,354887,39905
323,6082387,6437298,354911,39897
324,6102277,6457263,354986,40167
325,6122484,6477364,354880,40110
326,6142500,6497203,354703,39874
327,6162541,6517397,354856,40203
328,6182557,6537143,354586,39825
329,6202642,6557065,354423,39807
330,6222533,6576923,354390,39865
331,6242547,6596811,354264,39781
332,6262447,6616980,354533,40172
333,6282456,6637088,354632,40138
334,6302493,6657002,354509,39688
335,6322273,6676959,354686,39961
336,6342283,6696777,354494,39718
337,6362190,6716753,354563,39895
338,6382115,6736535,354420,39822
339,6402162,6756447,354285,39856
340,6422112,6776480,354368,39994
341,6442079,6796279,354200,39760
342,6462046,6815942,353896,39664
343,6482053,6835920,353867,39959
344,6502040,6855780,353740,39904
345,6522090,6875517,353427,39574
346,6541933,6895488,353555,39901
347,6561869,6915560,353691,39853
348,6581656,6935289,353633,39632
349,6601565,6955217,353652,40173
350,6621816,6975127,353311,39892
351,6641805,6994857,353052,39631
352,6661712,7015015,353303,40059
353,6681619,7034796,353177,39736
354,6701580,7054809,353229,39827
355,6721401,7074641,353240,39739
356,6741315,7094675,353360,40030
357,6761317,7114561,353244,39695
358,6781132,7134355,353223,39517
359,6800861,7154424,353563,39999
360,6820798,7174555,353757,39964
361,6840637,7194435,353798,39778
362,6860542,7214440,353898,39890
363,6880433,7234570,354137,40068
364,6900383,7254497,354114,39822
365,6920285,7274472,354187,39819
366,6940135,7294547,354412,39919
367,6959985,7314393,354408,39713
368,6979858,7334217,354359,39865
369,6999905,7354214,354309,39802
370,7019717,7374132,354415,39832
371,7039638,7394006,354368,39881
372,7059652,7413971,354319,39856
373,7079548,7433895,354347,39740
374,7099370,7453754,354384,39820
375,7119337,7473745,354408,40002
376,7139354,7493634,354280,39857
377,7159328,7513537,354209,39878
378,7179309,7533339,354030,39748
379,7199261,7553271,354010,39809
380,7219144,7573326,354182,40202
381,7239297,7593041,353744,39735
382,7259323,7612849,353526,39796
383,7279317,7632786,353469,39847
384,7299232,7652524,353292,39609
385,7319109,7672405,353296,39841
386,7339075,7692264,353189,39760
387,7358983,7712052,353069,39667
388,7378868,7731971,353103,39928
389,7398883,7751903,353020,39781
390,7418738,7771737,352999,39790
391,7438700,7791795,353095,39970
392,7458618,7811741,353123,39837
393,7478516,7831909,353393,40049
394,7498403,7851893,353490,39813
395,7518238,7871699,353461,39749
396,7538187,7891746,353559,39910
397,7558057,7911686,353629,39783
398,7577906,7931672,353766,39823
399,7597749,7951905,354156,40072
400,7617595,7971614,354019,39511
401,7637403,7991606,354203,39832
402,7657249,8011546,354297,39834
403,7677150,8031629,354479,39955
404,7697028,8051577,354549,39782
405,7716868,8071660,354792,39868
406,7736659,8091594,354935,39965
407,7756696,8111577,354881,39933
408,7776652,8131529,354877,39945
409,7796651,8151487,354836,40011
410,7816713,8171303,354590,39821
411,7836725,8191245,354520,39887
412,7856676,8211175,354499,39884
413,7876636,8231225,354589,40092
414,7896684,8250977,354293,39633
415,7916571,8270901,354330,39968
416,7936620,8290899,354279,39861
417,7956488,8310827,354339,39813
418,7976379,8330816,354437,39945
419,7996342,8350646,354304,39910
420,8016429,8370777,354348,40087
421,8036391,8390717,354326,39983
422,8056441,8410551,354110,39825
423,8076438,8430713,354275,40190
424,8096472,8450746,354274,39961
425,8116407,8470765,354358,40010
426,8136405,8490818,354413,39921
427,8156279,8510582,354303,39698
428,8176219,8530585,354366,39891
429,8196113,8550510,354397,39811
430,8216005,8570478,354473,39962
431,8236005,8590301,354296,39691
432,8255879,8610345,354466,39936
433,8275777,8630307,354530,39929
434,8295750,8650115,354365,39653
435,8315601,8670066,354465,39913
436,8335569,8689921,354352,39835
437,8355555,8709689,354134,39747
438,8375539,8729724,354185,39857
439,8395368,8749593,354225,39953
440,8415460,8769671,354211,40197
441,8435585,8789589,354004,39924
442,8455597,8809489,353892,39885
443,8475588,8829423,353835,39708
444,8495367,8849347,353980,39886
445,8515335,8869176,353841,39784
446,8535296,8889078,353782,39944
447,8555344,8908941,353597,39690
448,8575177,8929020,353843,40038
449,8595143,8948933,353790,39912
450,8615148,8969063,353915,40025
451,8635049,8988849,353800,39658
452,8654927,9008758,353831,39756
453,8674780,9029089,354309,40162
454,8694617,9049042,354425,39895
455,8714565,9068995,354430,39866
456,8734485,9089103,354618,40104
457,8754487,9109016,354529,39933
458,8774513,9128882,354369,39683
459,8794336,9148833,354497,39863
460,8814254,9168666,354412,39785
461,8834212,9188699,354487,39873
462,8854069,9208578,354509,39765
463,8873975,9228498,354523,39865
464,8893926,9248407,354481,39865
465,8913888,9268249,354361,39851
466,8933902,9288242,354340,39908
467,8953822,9308097,354275,39775
468,8973749,9328081,354332,39844
469,8993615,9348155,354540,40376
470,9013925,9368042,354117,39858
471,9033902,9387885,353983,39825
472,9053891,9407635,353744,39725
473,9073872,9427688,353816,39963
474,9093789,9447456,353667,39735
475,9113762,9467343,353581,39801
476,9133683,9487513,353830,40112
477,9153631,9507322,353691,39689
478,9173517,9527318,353801,39989
479,9193516,9547210,353694,39689
480,9213319,9567248,353929,39918
481,9233205,9586985,353780,39682
482,9253156,9606979,353823,39989
483,9273158,9627351,354193,40240
484,9293033,9647311,354278,39931
485,9313011,9667405,354394,40006
486,9332929,9687346,354417,39881
487,9352890,9707133,354243,39557
488,9372666,9727153,354487,39824
489,9392476,9747125,354649,39993
490,9412503,9767075,354572,39808
491,9432367,9787175,354808,40030
492,9452303,9807070,354767,39826
493,9472241,9827036,354795,39944
494,9492225,9846894,354669,39700
495,9512073,9866600,354527,39669
496,9532041,9886468,354427,39892
497,9552071,9906363,354292,39748
498,9571930,9926326,354396,39897
499,9591869,9946127,354258,39955
500,9612031,9966089,354058,40068
501,9632144,9986145,354001,40074
502,9652168,10006041,353873,39914
503,9672193,10025957,353764,39753
504,9692036,10045806,353770,39853
505,9712046,10065680,353634,39879
506,9732057,10085668,353611,39904
507,9751979,10105675,353696,39927
508,9771905,10125628,353723,39892
509,9791851,10145485,353634,39884
510,9811884,10165532,353648,39874
511,9831717,10185335,353618,39611
512,9851531,10205336,353805,39828
513,9871363,10225445,354082,39947
514,9891208,10245562,354354,40029
515,9911126,10265639,354513,40002
516,9931058,10285514,354456,39801
517,9950990,10305719,354729,40135
518,9970927,10325564,354637,39792
519,9990880,10345387,354507,39676
520,10010739,10365415,354676,39953
521,10030670,10385346,354676,39849
522,10050594,10405141,354547,39733
523,10070538,10425017,354479,39841
524,10090509,10444996,354487,39945
525,10110481,10465035,354554,39898
526,10130345,10492450,362105,47432
527,10150369,10510399,360030,37868
528,10170296,10527758,357462,37252
529,10190194,10551252,361058,43310
530,10210016,10568401,358385,37505
531,10230377,10588571,358194,40163
532,10250375,10608772,358397,40207
533,10270387,10628696,358309,39920
534,10290389,10648913,358524,40183
535,10310361,10666734,356373,37784
536,10330330,10686619,356289,39826
537,10350277,10706782,356505,39978
538,10370099,10726702,356603,39851
539,10390036,10746583,356547,39677
540,10409839,10766594,356755,39966
541,10429800,10786421,356621,39722
542,10449764,10805775,356011,39572
543,10806318,10849795,43477,52835
544,10815682,10869802,54120,29617
545,10825299,10889725,64426,29992
546,10835404,10909638,74234,29736
547,10845233,10929630,84397,29679
548,10854942,10949575,94633,29745
549,10864748,10969599,104851,29728
550,10874457,10989626,115169,29830
551,10884264,11009575,125311,29664
552,10893985,11029538,135553,29723
553,10903749,11049312,145563,29474
554,10913452,11069134,155682,29618
555,10923253,11089083,165830,29723
556,10933032,11108821,175789,29494
557,10942793,11128403,185610,29353
558,10952568,11147839,195271,29206
559,10962342,11167459,205117,29403
560,10972131,11187019,214888,29357
561,10981934,11206642,224708,29344
562,10991659,11226266,234607,29400
563,11001439,11245796,244357,29221
564,11011134,11265396,254262,29361
565,11020900,11284890,263990,29203
566,11030615,11304483,273868,29312
567,11040337,11323975,283638,29182
568,11050031,11343520,293489,29194
569,11059686,11363157,303471,29394
570,11069448,11382746,313298,29242
571,11079107,11402471,323364,29491
572,11088877,11422134,333257,39428
573,11108648,11441986,333338,39459
574,11128261,11461820,333559,39264
575,11147697,11481489,333792,39290
576,11167324,11501165,333841,39246
577,11186900,11520702,333802,39091
578,11206459,11540471,334012,39383
579,11226080,11560292,334212,39459
580,11245724,11580042,334318,39201
581,11265181,11599682,334501,39205
582,11284753,11619370,334617,39279
583,11304351,11638883,334532,38977
584,11323822,11658420,334598,39068
585,11343359,11678005,334646,39157
586,11362936,11697485,334549,39106
587,11382568,11717136,334568,39373
588,11402294,11736598,334304,39081
589,11421920,11756174,334254,39461
590,11441811,11775671,333860,39308
591,11461630,11795231,333601,39241
592,11481319,11814763,333444,39202
593,11500995,11834266,333271,39135
594,11520633,11854070,333437,39477
595,11540311,11873611,333300,39369
596,11560146,11893145,332999,39171
597,11579790,11912706,332916,39232
598,11599467,11932378,332911,39420
599,11619222,11951871,332649,38943
600,11638676,11971495,332819,39139
601,11658199,11990925,332726,39103
602,11677880,12010491,332611,39018
603,11697339,12029966,332627,39062
604,11716934,12050253,333319,39787
605,11736439,12069854,333415,39162
606,11756007,12089582,333575,39167
607,11775450,12109132,333682,39144
608,11795052,12128725,333673,39134
609,11814599,12148356,333757,39195
610,11834171,12168328,334157,39685
611,11853891,12188070,334179,39210
612,11873367,12207924,334557,39417
613,11892938,12227843,334905,39506
614,11912550,12247416,334866,39192
615,11932176,12266999,334823,39101
616,11951721,12286721,335000,39272
617,11971277,12306389,335112,39173
618,11990789,12326043,335254,39211
619,12010353,12345508,335155,38871
620,12029766,12365174,335408,39911
621,12050017,12384621,334604,39059
622,12069637,12404203,334566,39277
623,12089338,12423835,334497,39211
624,12108923,12443536,334613,39292
625,12128519,12463092,334573,39291
626,12148259,12482552,334293,39270
627,12168076,12502135,334059,39314
628,12187815,12521827,334012,39595
629,12207722,12541496,333774,39553
630,12227612,12561070,333458,39161
631,12247203,12580726,333523,39324
632,12266877,12600324,333447,39264
633,12286547,12619819,333272,39069
634,12306127,12639771,333644,39614
635,12325795,12659528,333733,39257
636,12345304,12679302,333998,39376
637,12364914,12698989,334075,39180
638,12384414,12718585,334171,39170
639,12403996,12738327,334331,39391
640,12423650,12758019,334369,39449
641,12443415,12777663,334248,39115
642,12462890,12797377,334487,39250
643,12482434,12817141,334707,39245
644,12501922,12836771,334849,39363
645,12521662,12856321,334659,39233
646,12541353,12875943,334590,39130
647,12560869,12895475,334606,39180
648,12580524,12915063,334539,39207
649,12600151,12934659,334508,39092
650,12619653,12954302,334649,39483
651,12639505,12973861,334356,39349
652,12659301,12993421,334120,39345
653,12679094,13012963,333869,39165
654,12698723,13032535,333812,39278
655,12718436,13052025,333589,39214
656,12738165,13071564,333399,39237
657,12757869,13091186,333317,39282
658,12777533,13110719,333186,39257
659,12797262,13130507,333245,39400
660,12816882,13150052,333170,39172
661,12836516,13169721,333205,39301
662,12856153,13189249,333096,39131
663,12875762,13208776,333014,39106
664,12895348,13228256,332908,38994
665,12914870,13248466,333596,39893
666,12934559,13268146,333587,39267
667,12954152,13287608,333456,38991
668,12973688,13307298,333610,39222
669,12993227,13326955,333728,39122
670,13012700,13346549,333849,39229
671,13032341,13366278,333937,39219
672,13051838,13386112,334274,39339
673,13071350,13405791,334441,39345
674,13091021,13425558,334537,39324
675,13110583,13445260,334677,39360
676,13130246,13464884,334638,39282
677,13149911,13484424,334513,39159
678,13169536,13504021,334485,39136
679,13189081,13523649,334568,39108
680,13208566,13543310,334744,39176
681,13228089,13562855,334766,39786
682,13248338,13582608,334270,39421
683,13268013,13602178,334165,39059
684,13287510,13621675,334165,39165
685,13307186,13641255,334069,39128
686,13326741,13660960,334219,39276
687,13346320,13680562,334242,39389
688,13366112,13700038,333926,39293
689,13385935,13719554,333619,39197
690,13405623,13739093,333470,39305
691,13425396,13758745,333349,39284
692,13445035,13778303,333268,39244
693,13464728,13797767,333039,39056
694,13484327,13817445,333118,39137
695,13503791,13837228,333437,39454
696,13523466,13856988,333522,39433
697,13543146,13876618,333472,39154
698,13562676,13896235,333559,39325
699,13582392,13915986,333594,39326
700,13601974,13935950,333976,39445
701,13621463,13955831,334368,39516
702,13641104,13975829,334725,39638
703,13660752,13995463,334711,39228
704,13680354,14015341,334987,39359
705,13699843,14034835,334992,39029
706,13719384,14054365,334981,39076
707,13738938,14074004,335066,39237
708,13758543,14093502,334959,39040
709,13778089,14113028,334939,39065
710,13797636,14132633,334997,39212
711,13817250,14152302,335052,39527
712,13837117,14171843,334726,39230
713,13856813,14191404,334591,39241
714,13876501,14210854,334353,39079
715,13896138,14230518,334380,39246
716,13915727,14250147,334420,39591
717,13935697,14269663,333966,39460
718,13955648,14289264,333616,39556
719,13975611,14308810,333199,39324
720,13995397,14328485,333088,39406
721,14015136,14348138,333002,39148
722,14034636,14367643,333007,39080
723,14054218,14387229,333011,39226
724,14073864,14406789,332925,39076
725,14093386,14426303,332917,38984
726,14112863,14446109,333246,39449
727,14132512,14465829,333317,39313
728,14152110,14485333,333223,39090
729,14171702,14504985,333283,39119
730,14191177,14524742,333565,39356
731,14210782,14544624,333842,39433
732,14230339,14564325,333986,39338
733,14249983,14584184,334201,39420
734,14269550,14603995,334445,39268
735,14289014,14623685,334671,39361
736,14308692,14643195,334503,39143
737,14328333,14662750,334417,39068
738,14347852,14682412,334560,39233
739,14367430,14702032,334602,39253
740,14387071,14721713,334642,39214
741,14406608,14741240,334632,39047
742,14426134,14760701,334567,39279
743,14445958,14780176,334218,39223
744,14465712,14799615,333903,38944
745,14485225,14819114,333889,39082
746,14504814,14838737,333923,39390
747,14524587,14858374,333787,39437
748,14544394,14877971,333577,39309
749,14564114,14897570,333456,39467
750,14583987,14917010,333023,39222
751,14603777,14936710,332933,39429
752,14623510,14956327,332817,39115
753,14643013,14975995,332982,39287
754,14662638,14995511,332873,39103
755,14682232,15015080,332848,39244
756,14701915,15034732,332817,39239
757,14721509,15054887,333378,39722
758,14741084,15074604,333520,39179
759,14760552,15094344,333792,39221
760,14780040,15113860,333820,38828
761,14799360,15133698,334338,39383
762,14818913,15153596,334683,39570
763,14838590,15173244,334654,39208
764,14858156,15193234,335078,39695
765,14877868,15213023,335155,39352
766,14897448,15232607,335159,39040
767,14916910,15252130,335220,39111
768,14936517,15271719,335202,39211
769,14956147,15291406,335259,39287
770,14975754,15311036,335282,39256
771,14995387,15330576,335189,39037
772,15014888,15350047,335159,39140
773,15034563,15369660,335097,39742
774,15054700,15389240,334540,39311
775,15074438,15408760,334322,39207
776,15094130,15428518,334388,39320
777,15113697,15448058,334361,39278
778,15133441,15467700,334259,39570
779,15153377,15487180,333803,39199
780,15173102,15506867,333765,39601
781,15193024,15526551,333527,39492
782,15212839,15546258,333419,39363
783,15232502,15566038,333536,39346
784,15252076,15585752,333676,39214
785,15271583,15605392,333809,39194
786,15291144,15625150,334006,39434
787,15310828,15644950,334122,39407
788,15330441,15664635,334194,39163
789,15349928,15684112,334184,39034
790,15369493,15703565,334072,38980
791,15389025,15723216,334191,39195
792,15408574,15742916,334342,39382
793,15428263,15762581,334318,39308
794,15447912,15782358,334446,39411
795,15467550,15802061,334511,39223
796,15487077,15821830,334753,39356
797,15506672,15841423,334751,39295
798,15526382,15860937,334555,39298
799,15546174,15880442,334268,39145
800,15565822,15899850,334028,39156
801,15585577,15919283,333706,39063
802,15605215,15938931,333716,39374
803,15624946,15958514,333568,39373
804,15644744,15978157,333413,39358
805,15664465,15997689,333224,38952
806,15683891,16017349,333458,39169
807,15703407,16036900,333493,39221
808,15723085,16056456,333371,39166
809,15742700,16076056,333356,39305
810,15762411,16095649,333238,39362
811,15782186,16115299,333113,39366
812,15801910,16134927,333017,39351
813,15821640,16154572,332932,39209
814,15841210,16174216,333006,39201
815,15860774,16193667,332893,38893
816,15880221,16213320,333099,39149
817,15899724,16233022,333298,39114
818,15919144,16253253,334109,39799
819,15938719,16272948,334229,39273
820,15958306,16292502,334196,39212
821,15977970,16312116,334146,39187
822,15997550,16331863,334313,39422
823,16017232,16351612,334380,39196
824,16036684,16371444,334760,39403
825,16056263,16391253,334990,39449
826,16075911,16411042,335131,39382
827,16095510,16430655,335145,39221
828,16115126,16450274,335148,39200
829,16134714,16469851,335137,39251
830,16154395,16489407,335012,39161
831,16174005,16508953,334948,39142
832,16193607,16528609,335002,39293
833,16213251,16548217,334966,39173
834,16232823,16567692,334869,39664
835,16253018,16587390,334372,39374
836,16272700,16606997,334297,39280
837,16292380,16626698,334318,39298
838,16311984,16646229,334245,39210
839,16331670,16665733,334063,39280
840,16351453,16685358,333905,39452
841,16371286,16704965,333679,39363
842,16391050,16724361,333311,39130
843,16410792,16743930,333138,39293
844,16430524,16763505,332981,39224
845,16450180,16783087,332907,39144
846,16469748,16802683,332935,39103
847,16489260,16822373,333113,39263
848,16508840,16842020,333180,39242
849,16528442,16861784,333342,39321
850,16548005,16881470,333465,39254
851,16567579,16901076,333497,39216
852,16587195,16920557,333362,39166
853,16606886,16940494,333608,39531
854,16626487,16960394,333907,39466
855,16646059,16980154,334095,39324
856,16665631,17000005,334374,39474
857,16685260,17019816,334556,39276
858,16704733,17039317,334584,38965
859,16724203,17058698,334495,38929
860,16743759,17078425,334666,39348
861,16763388,17097822,334434,38993
862,16782992,17117525,334533,39191
863,16802488,17137204,334716,39301
864,16822118,17156787,334669,39397
865,16841939,17176376,334437,39279
866,16861637,17196031,334394,39296
867,16881284,17215453,334169,39068
868,16900935,17234984,334049,39019
869,16920429,17254532,334103,39426
870,16940312,17274224,333912,39576
871,16960203,17293705,333502,39269
872,16979997,17313490,333493,39678
873,16999895,17333151,333256,39477
874,17019717,17352893,333176,39200
875,17039180,17372517,333337,39040
876,17058603,17392061,333458,39113
877,17078179,17411544,333365,38944
878,17097647,17430960,333313,39203
879,17117442,17450904,333462,39478
880,17136983,17470680,333697,39433
881,17156648,17490242,333594,39119
882,17176212,17509974,333762,39357
883,17195843,17529583,333740,39030
884,17215271,17549347,334076,39297
885,17234812,17569056,334244,39328
886,17254439,17588811,334372,39317
887,17274008,17608533,334525,39249
888,17293542,17628238,334696,39411
889,17313254,17647864,334610,39411
890,17333045,17667502,334457,39323
891,17352735,17687146,334411,39221
892,17372317,17706699,334382,39171
893,17391941,17726430,334489,39134
894,17411352,17746004,334652,39104
895,17430889,17765646,334757,39464
896,17450716,17785504,334788,39603
897,17470467,17805040,334573,39164
898,17490103,17824644,334541,39260
899,17509766,17844233,334467,39286
900,17529470,17863858,334388,39396
901,17549248,17883546,334298,39394
902,17568960,17903193,334233,39249
903,17588567,17922872,334305,39433
904,17608329,17942505,334176,39336
905,17628038,17962028,333990,39119
906,17647640,17981577,333937,39193
907,17667290,18001170,333880,39281
908,17686986,18020857,333871,39256
909,17706561,18040455,333894,39249
910,17726217,18060683,334466,39845
911,17745841,18080408,334567,39339
912,17765463,18099870,334407,39333
913,17785340,18119392,334052,39045
914,17804870,18139156,334286,39371
915,17824482,18158757,334275,39089
916,17843975,18178328,334353,39264
917,17863675,18198125,334450,39480
918,17883375,18217816,334441,39374
919,17903064,18237483,334419,39323
920,17922738,18256999,334261,39077
921,17942305,18276562,334257,39095
922,17961845,18296321,334476,39322
923,17981415,18315787,334372,39070
924,18001024,18335498,334474,39319
925,18020639,18355147,334508,39321
926,18040317,18374716,334399,39761
927,18060514,18394364,333850,39371
928,18080244,18414043,333799,39164
929,18099737,18433571,333834,38992
930,18119209,18453231,334022,39469
931,18139026,18472752,333726,39055
932,18158568,18492430,333862,39284
933,18178181,18511804,333623,39143
934,18197957,18531615,333658,39485
935,18217636,18551088,333452,39141
936,18237311,18570748,333437,39129
937,18256787,18590329,333542,39190
938,18276404,18609972,333568,39261
939,18296029,18629627,333598,39266
940,18315647,18649529,333882,39572
941,18335321,18669215,333894,39339
942,18354983,18688692,333709,39023
943,18374536,18708330,333794,39224
944,18394129,18727982,333853,39411
945,18413895,18747704,333809,39224
946,18433404,18767262,333858,39197
947,18453048,18786865,333817,39096
948,18472547,18806534,333987,39334
949,18492219,18826329,334110,39259
950,18511691,18845808,334117,39203
951,18531421,18865454,334033,39228
952,18551010,18885066,334056,39149
953,18570552,18904725,334173,39331
954,18590232,18924415,334183,39298
955,18609846,18943880,334034,39086
956,18629475,18963402,333927,39356
957,18649315,18982986,333671,39261
958,18668997,19002533,333536,39074
959,18688528,19022079,333551,39186
960,18708174,19041478,333304,38975
961,18727758,19061211,333453,39461
962,18747492,19080804,333312,39181
963,18767087,19100448,333361,39241
964,18786689,19120151,333462,39388
965,18806381,19139699,333318,39286
966,18826126,19159383,333257,39206
967,18845656,19179022,333366,39315
968,18865338,19198586,333248,39141
969,18884923,19217906,332983,38914
970,18904524,19237452,332928,39217
971,18924202,19257645,333443,39747
972,18943762,19277295,333533,39207
973,18963328,19296836,333508,39009
974,18982801,19316484,333683,39153
975,19002314,19336079,333765,39188
976,19021914,19355827,333913,39196
977,19041368,19375371,334003,39161
978,19060992,19395157,334165,39390
979,19080602,19414755,334153,39218
980,19100229,19434404,334175,39288
981,19119875,19453847,333972,39114
982,19139553,19473361,333808,39167
983,19159213,19493017,333804,39258
984,19178820,19512493,333673,39081
985,19198431,19531999,333568,38773
986,19217702,19551498,333796,39074
987,19237284,19570759,333475,39428
988,19257458,19590359,332901,39253
989,19277119,19609870,332751,39154
990,19296769,19629221,332452,38858
991,19316282,19648450,332168,38803
992,19335862,19667553,331691,38814
993,19355581,19686843,331262,38942
994,19375240,19706027,330787,38959
995,19395023,19725317,330294,38853
996,19414592,19744364,329772,38690
997,19434241,19763577,329336,38701
998,19453736,19782725,328989,38608
999,19473203,19802018,328815,38838
1000,19492754,19821209,328455,38728
