step,start,end,latency,execution
1,0,62108,62108,76696
2,20092,119936,99844,82207
3,44483,171332,126849,82857
4,75946,227621,151675,77876
5,97536,280273,182737,84638
6,129525,332815,203290,74260
7,151247,385463,234216,84425
8,183027,438240,255213,74102
9,204355,492271,287916,90003
10,240330,542585,302255,69736
11,259755,592803,333048,83441
12,292981,645835,352854,72329
13,312282,699021,386739,86454
14,345553,744705,399152,65060
15,364933,796051,431118,84599
16,398188,837259,439071,60733
17,417717,878595,460878,72640
18,449024,919980,470956,50730
19,458373,961204,502831,58647
20,475799,1002987,527188,81292
21,515312,1044215,528903,52406
22,526494,1085596,559102,80868
23,565984,1126898,560914,52594
24,577279,1168242,590963,70959
25,606900,1210386,603486,61702
26,626462,1252278,625816,76792
27,661366,1293696,632330,59987
28,679939,1335046,655107,80939
29,719532,1376381,656849,53178
30,731378,1417740,686362,70980
31,761002,1459032,698030,65129
32,784842,1500472,715630,82681
33,826086,1541914,715828,82724
34,867370,1583265,715895,82760
35,908782,1624618,715836,82581
36,950013,1665775,715762,82884
37,991743,1707206,715463,82693
38,1033009,1748509,715500,82642
39,1074351,1789734,715383,82556
40,1115686,1832093,716407,83690
41,1157021,1873390,716369,83119
42,1198847,1914602,715755,83348
43,1240987,1955996,715009,82898
44,1282494,1997351,714857,82686
45,1323827,2038576,714749,82555
46,1365161,2080100,714939,82890
47,1406531,2122356,715825,83543
48,1447822,2163920,716098,83003
49,1489265,2205243,715978,82744
50,1530690,2246588,715898,82695
51,1572044,2287911,715867,82680
52,1613405,2329011,715606,82243
53,1654551,2370596,716045,83021
54,1695990,2412688,716698,83393
55,1737295,2454694,717399,83233
56,1778525,2496183,717658,83690
57,1820731,2538326,717595,83616
58,1862207,2580418,718211,83269
59,1903387,2621825,718438,82793
60,1944776,2663210,718434,82765
61,1986160,2704656,718496,82649
62,2027367,2746009,718642,82678
63,2068695,2787275,718580,83661
64,2111094,2828472,717378,82775
65,2152675,2869813,717138,82723
66,2194061,2911160,717099,82661
67,2235378,2952553,717175,82712
68,2276700,2993994,717294,82581
69,2317843,3036274,718431,83828
70,2359395,3077723,718328,83312
71,2401261,3119154,717893,83541
72,2443374,3160450,717076,82720
73,2484801,3201828,717027,83530
74,2526957,3243165,716208,83426
75,2569050,3284322,715272,82703
76,2610600,3325488,714888,82550
77,2651987,3366768,714781,82724
78,2693435,3408135,714700,82729
79,2734800,3449458,714658,82579
80,2776059,3490812,714753,82564
81,2817274,3532144,714870,82667
82,2858612,3573359,714747,82557
83,2899958,3615454,715496,83482
84,2941348,3656929,715581,82889
85,2982766,3698382,715616,83679
86,3024995,3739704,714709,82846
87,3066522,3780933,714411,82636
88,3107933,3822246,714313,82604
89,3149226,3863546,714320,82625
90,3190555,3905089,714534,82943
91,3231959,3946436,714477,82495
92,3273110,3987874,714764,82616
93,3314292,4029084,714792,82431
94,3355516,4070442,714926,82700
95,3396861,4112160,715299,83118
96,3438264,4153692,715428,82875
97,3479611,4195071,715460,82696
98,3520930,4237462,716532,83611
99,3562154,4278952,716798,83264
100,3603931,4320269,716338,83098
101,3645716,4361431,715715,82614
102,3687172,4402826,715654,82714
103,3728494,4444146,715652,82557
104,3769735,4485431,715696,82591
105,3811045,4526817,715772,82672
106,3852335,4568195,715860,82938
107,3893898,4609636,715738,82761
108,3935222,4651021,715799,82806
109,3976646,4692395,715749,82633
110,4017908,4733734,715826,82608
111,4059180,4775151,715971,83151
112,4100916,4817253,716337,83609
113,4142427,4858811,716384,82960
114,4183831,4899970,716139,83440
115,4226116,4941400,715284,83041
116,4267730,4982851,715121,82781
117,4309063,5024053,714990,82372
118,4350237,5065307,715070,82588
119,4391575,5106681,715106,82726
120,4432930,5147985,715055,82607
121,4474237,5189382,715145,82748
122,4515592,5230578,714986,82598
123,4556997,5271835,714838,82663
124,4598407,5313162,714755,82728
125,4639812,5354509,714697,82706
126,4681174,5395904,714730,82735
127,4722517,5438214,715697,83733
128,4763943,5479558,715615,83252
129,4805855,5520747,714892,82931
130,4847600,5562137,714537,82560
131,4888772,5603444,714672,82741
132,4930208,5644701,714493,82699
133,4971653,5686116,714463,82600
134,5012841,5727456,714615,82635
135,5054139,5768763,714624,82631
136,5095467,5809941,714474,82454
137,5136745,5851209,714464,82664
138,5178145,5892601,714456,82613
139,5219369,5933901,714532,82553
140,5260625,5975259,714634,82701
141,5301971,6017548,715577,83616
142,5343300,6059098,715798,82931
143,5384685,6100495,715810,83647
144,5426938,6141938,715000,82840
145,5468337,6183419,715082,82695
146,5509554,6252773,743219,110719
147,5550922,6310647,759725,99180
148,5592232,6359156,766924,89763
149,5633489,6407448,773959,89702
150,5674901,6465425,790524,99295
151,5716223,6513722,797499,89667
152,5757596,6561830,804234,89250
153,5798741,6620493,821752,99916
154,5839997,6668786,828789,89695
155,5881402,6716905,835503,89399
156,5922685,6762960,840275,87391
157,5964044,6824697,860653,103157
158,6005478,6872675,867197,90392
159,6047896,6918950,871054,87668
160,6089292,6965207,875915,87677
161,6130714,7011411,880697,87619
162,6172132,7067613,895481,99034
163,6225484,7113757,888273,119922
164,7114468,7223296,108828,132831
165,7145525,7280295,134770,68457
166,7156992,7337685,180693,88886
167,7188492,7401493,213001,101677
168,7226365,7466758,240393,102686
169,7263790,7534734,270944,98673
170,7294490,7608701,314211,119027
171,7339553,7666758,327205,79341
172,7360840,7736696,375856,118531
173,7409437,7804678,395241,86865
174,7428324,7866921,438597,111488
175,7477572,7932679,455107,83320
176,7495138,8000679,505541,118459
177,7545600,8072773,527173,88581
178,7562090,8126758,564668,102531
179,7610640,8187053,576413,78620
180,7628969,8238734,609765,98356
181,7675648,8299072,623424,69686
182,7684999,8348481,663482,86057
183,7721651,8404069,682418,86896
184,7752962,8460477,707515,91735
185,7788293,8516149,727856,90170
186,7822797,8571843,749046,65246
187,7832352,8632159,799807,109883
188,7881923,8682735,800812,85564
189,7916914,8738685,821771,87272
190,7948239,8794416,846177,91082
191,7983594,8854735,871141,91638
192,8014916,8906735,891819,91512
193,8054432,8967077,912645,89165
194,8083258,9019272,936014,63540
195,8094606,9079105,984499,115531
196,8150308,9130735,980427,107439
197,8206121,9191103,984982,115901
198,8261658,9240359,978701,104747
199,8317153,9296029,978876,111252
200,8372738,9351650,978912,112020
201,8429141,9407293,978152,111324
202,8484825,9462977,978152,111370
203,8540513,9518701,978188,111243
204,8596036,9574421,978385,111424
205,8651744,9635009,983265,116171
206,8707331,9684951,977620,105717
207,8763109,9740759,977650,111300
208,8818605,9796781,978176,111762
209,8874349,9852761,978412,111558
210,8929930,9908681,978751,111634
211,8985647,9969051,983404,116912
212,9042192,10018735,976543,105285
213,9097797,10075708,977911,112611
214,9153438,10131317,977879,111218
215,9209051,10187062,978011,111390
216,9264699,10247630,982931,116194
217,9320329,10297668,977339,105666
218,9375959,10354693,978734,112710
219,9431648,10410322,978674,111317
220,9487340,10464782,977442,110207
221,9543091,10520760,977669,111338
222,9598454,10576758,978304,112753
223,9655212,10632781,977569,111546
224,9710739,10693106,982367,115874
225,9766292,10742735,976443,105211
226,9821877,10799520,977643,112278
227,9877373,10855864,978491,111910
228,9932942,10911723,978781,111800
229,9988886,10972041,983155,115817
230,10044389,11022735,978346,106312
231,10100010,11078471,978461,111478
232,10155754,11134193,978439,111222
233,10211257,11194602,983345,116959
234,10267810,11246735,978925,107684
235,10323363,11307075,983712,115988
236,10379015,11358734,979719,107327
237,10434687,11408970,974283,105865
238,10490320,11468095,977775,114866
239,10546064,11523753,977689,111143
240,10601551,11584068,982517,115798
241,10657038,11634758,977720,106216
242,10712568,11695075,982507,115936
243,10768190,11746735,978545,107965
244,10824498,11807076,982578,116255
245,10880415,11858758,978343,107160
246,10935896,11919075,983179,115979
247,10991562,11968359,976797,104784
248,11047066,12023972,976906,111405
249,11102862,12084313,981451,115960
250,11158485,12134735,976250,106303
251,11214369,12190781,976412,111576
252,11269903,12251087,981184,116026
253,11325626,12302758,977132,107271
254,11381230,12363073,981843,115815
255,11436733,12414758,978025,107369
256,11492420,12475052,982632,115713
257,11547843,12524605,976762,105172
258,11603465,12584892,981427,115834
259,11659016,12634803,975787,105418
260,11714526,12712876,998350,133768
261,11770224,12786744,1016520,129511
262,11825871,12861013,1035142,129801
263,11881406,12907704,1026298,102334
264,11937051,12980039,1042988,127932
265,11992651,13054385,1061734,129728
266,12048036,13124697,1076661,126032
267,12103759,13171835,1068076,102827
268,12159452,13257258,1097806,140992
269,12215025,13316757,1101732,115199
270,12270732,13385860,1115128,124823
271,12326456,13430904,1104448,100640
272,12382055,13500697,1118642,125425
273,12437691,13563006,1125315,117887
274,12493273,13623439,1130166,115959
275,12548801,13692674,1143873,124954
276,12604524,13755004,1150480,118790
277,12677483,13815181,1137698,143593
278,13815695,13875335,59640,43198
279,13825056,13934267,109211,92788
280,13858917,13987559,128642,85308
281,13890937,14040165,149228,74122
282,13912456,14092826,180370,87042
283,13946840,14145376,198536,72465
284,13966758,14198166,231408,86155
285,14000126,14250898,250772,72226
286,14019623,14304985,285362,87334
287,14052873,14355245,302372,69669
288,14072285,14405545,333260,83575
289,14105563,14458519,352956,72214
290,14124806,14510971,386165,85722
291,14158084,14556843,398759,65413
292,14177629,14607599,429970,83998
293,14210874,14648988,438114,60870
294,14230357,14690439,460082,72803
295,14261712,14731803,470091,50672
296,14271023,14773014,501991,58753
297,14288569,14814426,525857,80895
298,14328055,14855789,527734,52740
299,14339436,14897213,557777,80940
300,14378954,14938539,559585,52646
301,14390278,14979979,589701,70861
302,14419703,15021314,601611,60740
303,14439112,15063167,624055,76082
304,14473346,15104847,631501,61119
305,14492788,15146263,653475,80955
306,14532330,15187674,655344,52824
307,14543747,15229203,685456,73994
308,14576216,15270461,694245,61392
309,14596375,15311759,715384,82713
310,14637811,15353125,715314,82732
311,14679180,15394420,715240,82667
312,14720556,15435847,715291,82698
313,14761831,15477153,715322,82697
314,14803226,15518324,715098,82473
315,14844531,15559632,715101,82811
316,14886037,15601058,715021,82701
317,14927315,15642406,715091,82750
318,14968720,15684515,715795,83508
319,15010123,15725985,715862,83145
320,15051807,15767302,715495,83147
321,15093641,15808724,715083,82825
322,15135047,15850053,715006,82608
323,15176330,15891222,714892,82848
324,15218011,15932447,714436,82461
325,15259251,15973881,714630,82717
326,15300537,16015170,714633,82692
327,15341942,16056377,714435,82457
328,15383196,16097796,714600,82859
329,15424639,16139191,714552,82737
330,15465985,16180573,714588,82516
331,15507121,16221997,714876,82733
332,15548434,16264062,715628,83505
333,15589877,16305526,715649,82789
334,15631206,16346920,715714,83372
335,15673187,16388013,714826,82635
336,15714733,16429260,714527,82601
337,15756091,16470688,714597,82854
338,15797520,16512199,714679,82825
339,15838837,16553673,714836,82658
340,15880024,16594938,714914,82486
341,15921249,16636232,714983,82699
342,15962657,16677535,714878,82615
343,16003971,16718879,714908,82545
344,16045175,16760081,714906,82619
345,16086595,16801422,714827,82665
346,16127922,16842677,714755,82684
347,16169354,16885052,715698,83799
348,16210782,16926415,715633,83132
349,16252554,16967675,715121,82990
350,16294288,17009023,714735,82765
351,16335709,17050298,714589,82364
352,16376801,17091695,714894,82669
353,16418077,17133076,714999,82727
354,16459426,17174497,715071,82988
355,16500997,17215987,714990,82939
356,16542449,17257455,715006,82730
357,16583714,17298754,715040,82599
358,16625017,17340204,715187,82776
359,16666347,17381789,715442,82865
360,16707630,17423206,715576,82666
361,16748882,17465446,716564,83599
362,16790245,17506982,716737,82749
363,16831462,17548288,716826,83634
364,16873794,17589478,715684,82607
365,16915214,17630743,715529,82524
366,16956477,17671935,715458,82552
367,16997840,17713240,715400,82546
368,17039084,17754590,715506,82760
369,17080497,17795843,715346,82652
370,17121900,17837236,715336,82785
371,17163296,17878699,715403,82939
372,17204775,17920098,715323,82885
373,17246263,17961570,715307,82750
374,17287544,18002808,715264,82627
375,17328937,18044126,715189,82943
376,17370566,18086459,715893,83746
377,17411983,18127818,715835,83316
378,17453942,18169226,715284,83201
379,17495738,18210659,714921,82759
380,17537068,18251952,714884,82532
381,17578310,18293052,714742,82320
382,17619533,18334400,714867,82526
383,17660714,18375838,715124,82779
384,17702058,18417072,715014,82563
385,17743390,18458505,715115,82683
386,17784643,18499933,715290,82841
387,17826060,18541216,715156,82695
388,17867475,18582562,715087,82743
389,17908874,18623934,715060,82841
390,17950347,18666024,715677,83347
391,17991608,18707582,715974,82860
392,18032913,18748866,715953,83568
393,18075201,18790277,715076,82826
394,18116620,18831572,714952,82707
395,18158036,18872905,714869,82730
396,18199436,18914219,714783,82622
397,18240746,18955526,714780,82427
398,18281869,18996783,714914,82569
399,18323184,19038071,714887,82719
400,18364618,19079493,714875,82697
401,18405896,19120893,714997,82792
402,18447290,19162247,714957,82774
403,18488712,19203759,715047,82821
404,18530025,19244974,714949,82534
405,18571348,19287080,715732,83489
406,18612733,19328433,715700,82659
407,18654043,19369849,715806,83710
408,18696339,19411097,714758,82579
409,18737673,19452395,714722,82675
410,18779054,19493787,714733,82708
411,18820374,19535048,714674,82605
412,18861722,19576147,714425,82393
413,18903019,19617474,714455,82616
414,18944311,19658904,714593,82707
415,18985591,19700201,714610,82572
416,19026870,19741556,714686,82762
417,19068281,19782864,714583,82749
418,19109725,19824063,714338,82495
419,19151024,19866258,715234,83702
420,19192535,19907943,715408,82930
421,19233783,19949156,715373,83242
422,19275816,19990556,714740,82812
423,19317232,20032024,714792,82865
424,19358633,20073388,714755,82613
425,19399885,20114919,715034,82836
426,19441194,20156113,714919,82569
427,19482572,20197478,714906,82640
428,19523850,20238957,715107,82572
429,19564947,20280203,715256,82587
430,19606292,20321643,715351,82829
431,19647684,20362919,715235,82584
432,19688995,20404129,715134,82543
433,19730332,20445524,715192,82712
434,19771652,20487682,716030,83344
435,19812842,20529118,716276,82873
436,19854283,20570414,716131,83718
437,19896707,20611720,715013,82575
438,19937980,20653133,715153,82771
439,19979341,20694581,715240,82912
440,20020809,20736021,715212,82772
441,20062145,20777286,715141,82811
442,20103694,20818620,714926,82535
443,20144899,20860027,715128,82757
444,20186252,20901293,715041,82759
445,20227748,20942596,714848,82552
446,20268999,20983838,714839,82650
447,20310411,21025238,714827,82698
448,20351712,21067271,715559,83225
449,20392908,21109090,716182,83229
450,20434322,21150378,716056,83374
451,20476412,21191759,715347,82892
452,20517927,21233051,715124,82566
453,20559204,21274329,715125,82593
454,20600522,21315712,715190,82815
455,20641957,21357024,715067,82710
456,20683357,21398447,715090,82863
457,20724801,21439804,715003,82656
458,20766104,21481258,715154,82751
459,20807405,21522637,715232,82778
460,20848807,21564004,715197,82646
461,20890100,21605244,715144,82516
462,20931387,21646663,715276,82667
463,20972639,21688973,716334,83722
464,21014055,21730419,716364,82841
465,21055453,21771692,716239,83713
466,21097896,21813000,715104,82586
467,21139177,21854323,715146,82610
468,21180468,21895671,715203,82756
469,21221880,21937092,715212,82666
470,21263128,21978492,715364,82769
471,21304501,22019688,715187,82540
472,21345849,22061256,715407,82948
473,21387233,22102824,715591,82915
474,21428584,22144246,715662,82851
475,21470015,22185829,715814,82984
476,21511420,22227163,715743,82717
477,21552806,22268933,716127,83022
478,21594062,22310652,716590,83102
479,21635449,22352114,716665,83717
480,21677708,22393531,715823,82902
481,21719196,22434733,715537,82486
482,21760483,22475965,715482,82563
483,21801817,22517253,715436,82590
484,21843122,22558788,715666,82878
485,21884469,22599994,715525,82651
486,21925916,22641389,715473,82751
487,21967276,22682751,715475,82558
488,22008476,22724174,715698,82972
489,22050028,22765610,715582,82940
490,22091534,22806792,715258,82637
491,22132993,22848220,715227,83036
492,22174604,22890545,715941,83661
493,22215943,22931954,716011,82686
494,22257222,22973285,716063,83539
495,22299433,23014656,715223,82766
496,22340832,23056084,715252,82929
497,22382335,23097402,715067,82489
498,22423510,23138823,715313,82667
499,22464760,23180205,715445,82681
500,22506062,23221872,715810,83175
501,22547572,23263206,715634,82532
502,22588774,23304556,715782,82785
503,22630213,23345928,715715,82693
504,22671536,23387313,715777,82784
505,22712938,23428556,715618,82688
506,22754387,23470609,716222,83232
507,22795569,23512247,716678,83059
508,22836993,23553643,716650,83584
509,22879185,23595039,715854,82942
510,22920734,23636367,715633,82693
511,22962102,23677767,715665,82749
512,23003455,23719208,715753,82852
513,23044868,23760608,715740,82738
514,23086209,23801940,715731,82719
515,23127599,23843181,715582,82610
516,23168972,23884618,715646,83124
517,23210663,23926036,715373,82760
518,23252008,23967490,715482,82799
519,23293356,24008729,715373,82606
520,23334726,24050258,715532,82899
521,23376098,24091874,715776,82856
522,23417341,24133031,715690,82538
523,23458726,24174448,715722,83709
524,23501021,24215851,714830,82797
525,23542419,24257128,714709,82684
526,23583829,24298523,714694,82717
527,23625155,24339899,714744,82723
528,23666505,24381211,714706,82771
529,23707967,24422543,714576,82765
530,23749403,24463857,714454,82624
531,23790717,24505223,714506,82611
532,23831965,24546716,714751,82917
533,23873393,24587899,714506,82623
534,23914836,24629154,714318,82697
535,23956281,24670523,714242,82642
536,23997558,24711904,714346,82712
537,24038893,24753217,714324,83052
538,24080635,24794633,713998,82632
539,24121855,24835906,714051,82648
540,24163234,24877218,713984,82713
541,24204639,24918598,713959,82676
542,24245938,24959952,714014,82735
543,24287323,25001531,714208,82952
544,24328700,25042815,714115,82609
545,24370028,25084138,714110,82625
546,24411334,25125719,714385,82880
547,24452636,25167263,714627,82947
548,24494041,25208680,714639,82865
549,24535492,25250141,714649,82654
550,24576688,25291472,714784,82612
551,24617972,25332805,714833,82667
552,24659308,25374099,714791,82636
553,24700654,25415438,714784,82722
554,24742041,25456895,714854,82823
555,24783410,25498338,714928,82725
556,24824694,25539733,715039,82747
557,24866050,25581017,714967,82615
558,24907384,25622181,714797,82508
559,24948731,25663565,714834,82933
560,24990283,25704910,714627,82667
561,25031609,25746194,714585,82568
562,25072896,25787621,714725,82938
563,25114411,25828844,714433,82830
564,25156021,25870005,713984,82596
565,25197459,25911370,713911,82835
566,25238932,25952811,713879,82774
567,25280268,25994086,713818,82603
568,25321600,26035497,713897,82683
569,25362875,26076796,713921,82648
570,25404226,26118131,713905,82818
571,25445713,26159491,713778,82759
572,25487114,26200810,713696,82687
573,25528486,26242200,713714,82749
574,25569849,26283562,713713,82475
575,25610966,26324804,713838,82626
576,25652354,26366159,713805,82717
577,25693719,26407509,713790,82578
578,25734951,26448806,713855,82752
579,25776409,26490321,713912,82756
580,25817654,26531628,713974,82431
581,25858781,26572927,714146,82671
582,25900156,26614228,714072,82771
583,25941629,26655597,713968,82607
584,25982871,26696919,714048,82729
585,26024282,26738366,714084,82776
586,26065614,26779625,714011,82549
587,26106907,26820900,713993,82651
588,26148286,26862202,713916,82647
589,26189635,26903413,713778,82572
590,26230999,26944814,713815,82749
591,26272351,26986169,713818,82614
592,26313613,27027574,713961,82733
593,26354944,27068870,713926,82638
594,26396289,27110092,713803,82569
595,26437638,27151543,713905,82861
596,26479051,27192955,713904,82786
597,26520429,27234447,714018,82804
598,26561745,27275868,714123,82678
599,26603005,27317067,714062,82586
600,26644395,27358372,713977,82650
601,26685744,27399712,713968,82744
602,26727152,27441135,713983,82685
603,26768418,27482537,714119,82699
604,26809718,27523916,714198,82650
605,26850992,27565322,714330,82610
606,26892200,27606625,714425,82732
607,26933632,27647946,714314,82615
608,26974929,27689282,714353,82758
609,27016353,27730581,714228,82645
610,27057702,27771926,714224,82532
611,27098892,27813307,714415,82818
612,27140331,27854517,714186,82553
613,27181686,27895761,714075,82793
614,27223246,27937088,713842,82737
615,27264659,27978279,713620,82414
616,27305885,28019735,713850,82682
617,27347114,28060899,713785,82540
618,27388494,28102276,713782,82832
619,27429952,28143752,713800,82843
620,27471322,28185177,713855,82793
621,27512693,28226669,713976,82949
622,27554154,28268006,713852,82581
623,27595402,28309247,713845,82556
624,27636719,28350654,713935,82776
625,27678091,28391928,713837,82551
626,27719371,28433261,713890,82677
627,27760719,28474552,713833,82694
628,27802125,28515955,713830,82591
629,27843316,28557383,714067,82660
630,27884552,28598706,714154,82688
631,27925921,28640005,714084,82449
632,27967075,28681300,714225,82740
633,28008524,28722726,714202,82622
634,28049723,28764014,714291,82623
635,28091062,28805372,714310,82766
636,28132473,28846751,714278,82874
637,28173972,28888080,714108,82808
638,28215454,28929487,714033,82750
639,28256800,28970821,714021,82586
640,28298056,29012259,714203,82823
641,28339445,29053671,714226,82692
642,28380729,29094939,714210,82614
643,28422079,29136359,714280,82674
644,28463337,29177700,714363,82735
645,28504735,29219112,714377,82846
646,28546172,29260470,714298,82665
647,28587482,29301817,714335,82651
648,28628790,29343124,714334,82620
649,28670107,29384518,714411,82810
650,28711526,29425981,714455,82734
651,28752800,29467307,714507,82726
652,28794203,29508573,714370,82576
653,28835517,29549923,714406,82685
654,28876856,29591299,714443,82808
655,28918291,29632727,714436,82755
656,28959620,29674047,714427,82735
657,29001039,29715344,714305,82724
658,29042470,29756492,714022,82403
659,29083728,29797799,714071,82728
660,29125153,29839156,714003,82692
661,29166491,29880539,714048,82779
662,29207891,29921954,714063,82794
663,29249273,29963246,713973,82609
664,29290593,30004577,713984,82642
665,29331907,30045976,714069,82801
666,29373313,30087248,713935,82722
667,29414766,30128586,713820,82660
668,29456092,30169774,713682,82453
669,29497361,30211269,713908,82831
670,29538699,30252559,713860,82680
671,29580092,30293890,713798,82780
672,29621545,30335226,713681,82626
673,29662839,30376628,713789,82698
674,29704139,30418029,713890,82550
675,29745292,30459286,713994,82537
676,29786576,30500601,714025,82690
677,29827954,30541901,713947,82662
678,29869320,30583186,713866,82692
679,29910730,30624593,713863,82716
680,29952043,30665915,713872,82655
681,29993379,30707127,713748,82582
682,30034753,30748393,713640,82552
683,30076042,30789683,713641,82632
684,30117387,30831113,713726,82614
685,30158574,30872434,713860,82793
686,30200049,30913874,713825,82748
687,30241360,30955167,713807,82620
688,30282690,30996451,713761,82595
689,30324005,31037771,713766,82720
690,30365408,31079197,713789,82821
691,30406806,31120600,713794,82673
692,30448079,31162034,713955,82746
693,30489395,31203656,714261,82901
694,30530678,31245028,714350,82670
695,30571980,31286421,714441,82791
696,30613381,31327763,714382,82673
697,30654714,31369068,714354,82509
698,30695920,31410354,714434,82539
699,30737177,31451662,714485,82611
700,30778482,31493262,714780,83007
701,30819893,31534697,714804,82754
702,30861216,31575944,714728,82693
703,30902665,31617247,714582,82582
704,30943946,31658648,714702,82696
705,30985244,31699941,714697,82607
706,31026562,31741155,714593,82634
707,31067986,31782432,714446,82691
708,31109402,31823555,714153,82529
709,31150811,31864947,714136,83008
710,31192431,31906149,713718,82604
711,31233836,31947563,713727,82781
712,31275206,31988845,713639,82616
713,31316542,32030253,713711,82740
714,31357877,32071558,713681,82578
715,31399153,32112837,713684,82568
716,31440445,32154321,713876,83094
717,31482058,32195818,713760,82909
718,31523473,32237126,713653,82564
719,31564732,32278395,713663,82612
720,31606078,32319622,713544,82578
721,31647433,32360957,713524,82619
722,31688721,32402303,713582,82595
723,31729973,32443538,713565,82466
724,31771208,32484923,713715,82522
725,31812348,32526226,713878,82717
726,31853765,32567634,713869,82575
727,31894934,32608864,713930,82647
728,31936355,32650153,713798,82600
729,31977669,32691529,713860,82691
730,32018986,32732962,713976,82791
731,32060347,32774175,713828,82504
732,32101641,32815447,713806,82652
733,32143024,32856848,713824,82967
734,32184594,32898253,713659,82766
735,32225958,32939667,713709,82632
736,32267180,32981002,713822,82568
737,32308416,33022297,713881,82583
738,32349708,33063742,714034,82804
739,32391071,33105139,714068,82648
740,32432326,33146580,714254,82852
741,32473740,33187940,714200,82617
742,32515000,33229295,714295,82776
743,32556424,33270636,714212,82610
744,32597695,33312091,714396,82694
745,32638938,33353396,714458,82693
746,32680330,33394749,714419,82798
747,32721779,33436062,714283,82490
748,32762960,33477400,714440,82610
749,32804236,33518767,714531,82794
750,32845666,33560066,714400,82667
751,32887038,33601444,714406,82791
752,32928455,33642767,714312,82699
753,32969835,33684200,714365,82675
754,33011081,33725492,714411,82613
755,33052406,33766785,714379,82847
756,33093963,33808043,714080,82619
757,33135327,33849184,713857,82513
758,33176702,33890647,713945,82876
759,33218118,33932013,713895,82629
760,33259384,33973314,713930,82768
761,33300853,34014696,713843,82751
762,33342226,34056080,713854,82704
763,33383548,34097442,713894,82674
764,33424864,34138848,713984,82709
765,33466179,34180146,713967,82673
766,33507565,34221318,713753,82469
767,33548865,34262696,713831,82761
768,33590250,34303958,713708,82553
769,33631543,34345359,713816,82804
770,33672949,34386700,713751,82684
771,33714296,34428087,713791,82665
772,33755576,34469451,713875,82611
773,33796827,34510857,714030,82589
774,33838014,34552285,714271,82834
775,33879423,34593660,714237,82740
776,33920792,34634852,714060,82519
777,33962123,34676064,713941,82539
778,34003454,34717459,714005,82794
779,34044855,34758680,713825,82634
780,34086272,34800062,713790,82753
781,34127647,34841283,713636,82480
782,34168909,34882699,713790,82631
783,34210127,34924085,713958,82741
784,34251486,34965443,713957,82615
785,34292746,35006608,713862,82593
786,34334177,35047961,713784,82662
787,34375490,35089300,713810,82726
788,34416879,35130722,713843,82797
789,34458258,35172110,713852,82761
790,34499634,35213673,714039,82990
791,34541065,35255019,713954,82722
792,34582445,35296391,713946,82578
793,34623654,35337792,714138,82587
794,34664844,35379154,714310,82805
795,34706291,35420563,714272,82593
796,34747479,35461835,714356,82651
797,34788861,35503244,714383,82658
798,34830113,35544660,714547,82739
799,34871438,35586076,714638,82861
800,34912887,35627445,714558,82753
801,34954275,35668801,714526,82472
802,34995393,35710130,714737,82695
803,35036763,35751404,714641,82618
804,35078109,35792805,714696,82787
805,35119498,35834179,714681,82776
806,35160902,35875519,714617,82884
807,35202450,35916904,714454,82728
808,35243795,35958332,714537,82823
809,35285193,35999674,714481,82729
810,35326583,36041022,714439,82690
811,35367928,36082454,714526,82842
812,35409342,36123744,714402,82564
813,35450619,36165068,714449,82725
814,35492024,36206470,714446,82814
815,35533440,36247671,714231,82610
816,35574852,36288974,714122,82695
817,35616247,36330263,714016,82664
818,35657625,36371538,713913,82561
819,35698914,36412744,713830,82489
820,35740199,36454115,713916,82798
821,35781628,36495614,713986,82824
822,35822956,36536899,713943,82637
823,35864312,36578168,713856,82690
824,35905736,36619346,713610,82556
825,35947118,36660570,713452,82565
826,35988462,36701978,713516,82790
827,36029846,36743308,713462,82653
828,36071173,36784739,713566,82789
829,36112534,36826073,713539,82675
830,36153878,36867392,713514,82699
831,36195260,36908779,713519,82586
832,36236463,36950091,713628,82652
833,36277806,36991505,713699,82658
834,36319053,37032747,713694,82509
835,36360323,37074150,713827,82652
836,36401576,37115611,714035,82787
837,36442906,37156776,713870,82628
838,36484373,37198163,713790,82719
839,36525708,37239576,713868,82669
840,36566968,37281004,714036,82605
841,36608149,37322331,714182,82540
842,36649366,37363953,714587,82969
843,36690717,37405298,714581,82726
844,36732102,37446560,714458,82712
845,36773556,37487785,714229,82524
846,36814857,37529072,714215,82568
847,36856142,37570439,714297,82834
848,36897611,37611863,714252,82677
849,36938868,37653284,714416,82848
850,36980298,37694665,714367,82637
851,37021557,37735978,714421,82693
852,37062941,37777297,714356,82783
853,37104409,37818560,714151,82458
854,37145608,37859895,714287,82686
855,37186963,37901232,714269,82736
856,37228365,37942480,714115,82693
857,37269814,37983869,714055,82679
858,37311107,38025109,714002,82796
859,37352667,38066468,713801,82804
860,37394116,38107804,713688,82567
861,37435350,38149125,713775,82546
862,37476578,38190536,713958,82718
863,37517889,38231853,713964,82653
864,37559229,38273137,713908,82704
865,37600653,38314507,713854,82777
866,37642064,38355895,713831,82732
867,37683412,38397153,713741,82616
868,37724773,38438507,713734,82698
869,37766121,38479856,713735,82571
870,37807346,38521184,713838,82675
871,37848696,38562662,713966,82829
872,37890050,38603985,713935,82526
873,37931257,38645329,714072,82744
874,37972661,38686746,714085,82694
875,38013941,38728086,714145,82649
876,38055254,38769369,714115,82632
877,38096606,38810804,714198,82774
878,38137949,38852129,714180,82684
879,38179312,38893571,714259,82769
880,38220642,38934788,714146,82517
881,38261946,38976285,714339,82841
882,38303292,39017755,714463,82861
883,38344687,39059006,714319,82547
884,38385986,39100319,714333,82607
885,38427283,39141710,714427,82753
886,38468648,39183033,714385,82672
887,38510000,39224621,714621,83023
888,38551437,39266020,714583,82735
889,38592777,39307350,714573,82708
890,38634159,39348651,714492,82613
891,38675474,39390065,714591,82809
892,38716873,39431480,714607,82726
893,38758187,39472923,714736,82833
894,38799580,39514211,714631,82617
895,38840912,39555680,714768,82902
896,38882348,39597039,714691,82596
897,38923588,39638358,714770,82811
898,38965083,39679739,714656,82825
899,39006531,39721113,714582,82637
900,39047798,39762385,714587,82571
901,39089101,39803687,714586,82706
902,39130509,39844920,714411,82492
903,39171772,39886176,714404,82882
904,39213401,39927448,714047,82687
905,39254819,39968798,713979,82665
906,39296137,40010292,714155,82800
907,39337446,40051596,714150,82702
908,39378848,40093013,714165,82840
909,39420274,40134434,714160,82875
910,39461732,40175744,714012,82584
911,39503010,40217213,714203,82914
912,39544458,40258617,714159,82790
913,39585848,40299906,714058,82581
914,39627143,40341300,714157,82742
915,39668494,40382732,714238,82857
916,39709922,40423964,714042,82456
917,39751159,40465274,714115,82621
918,39792481,40506708,714227,82701
919,39833752,40548082,714330,82570
920,39874952,40589435,714483,82630
921,39916233,40630694,714461,82613
922,39957591,40672078,714487,82871
923,39999082,40713371,714289,82596
924,40040389,40754705,714316,82764
925,40081823,40796097,714274,82790
926,40123225,40837423,714198,82634
927,40164537,40878830,714293,82902
928,40206036,40920140,714104,82664
929,40247393,40961395,714002,82558
930,40288699,41002835,714136,82861
931,40330123,41044100,713977,82655
932,40371517,41085437,713920,82561
933,40412744,41126722,713978,82635
934,40454098,41168038,713940,82708
935,40495494,41209454,713960,82777
936,40536858,41250873,714015,82798
937,40578241,41292199,713958,82552
938,40619471,41333618,714147,82803
939,40660858,41374881,714023,82582
940,40702181,41416180,713999,82620
941,40743505,41457562,714057,82748
942,40784874,41499110,714236,82920
943,40826249,41540433,714184,82676
944,40867606,41581781,714175,82664
945,40908926,41623140,714214,82657
946,40950227,41664529,714302,82772
947,40991614,41705950,714336,82684
948,41032880,41747262,714382,82669
949,41074241,41788639,714398,82645
950,41115513,41829993,714480,82653
951,41156815,41871232,714417,82681
952,41198260,41912578,714318,82733
953,41239650,41953868,714218,82631
954,41280995,41995252,714257,82803
955,41322418,42036600,714182,82601
956,41363674,42077867,714193,82572
957,41404982,42119276,714294,82762
958,41446338,42160700,714362,82983
959,41487901,42202177,714276,82807
960,41529235,42243562,714327,82703
961,41570556,42284864,714308,82676
962,41611934,42326136,714202,82665
963,41653330,42367627,714297,82891
964,41694734,42409030,714296,82725
965,41736060,42450418,714358,82757
966,41777433,42491755,714322,82675
967,41818775,42533153,714378,82629
968,41860010,42574564,714554,82747
969,41901349,42615948,714599,82684
970,41942653,42657257,714604,82689
971,41984036,42698621,714585,82713
972,42025387,42739912,714525,82552
973,42066652,42781314,714662,82816
974,42108069,42822622,714553,82706
975,42149470,42863925,714455,82793
976,42190963,42905262,714299,82721
977,42232350,42946721,714371,82788
978,42273682,42987995,714313,82501
979,42314913,43029418,714505,82878
980,42356372,43070764,714392,82811
981,42397839,43112014,714175,82602
982,42439195,43153290,714095,82612
983,42480535,43194726,714191,82875
984,42521977,43236016,714039,82649
985,42563340,43268018,704678,73408
986,42604750,43300072,695322,73390
987,42646089,43332133,686044,73381
988,42687412,43364110,676698,73263
989,42728700,43395932,667232,73242
990,42770123,43427955,657832,73296
991,42811398,43460000,648602,73361
992,42852717,43492003,639286,73363
993,42894080,43522103,628023,71514
994,42935498,43552198,616700,71378
995,42976783,43582366,605583,71624
996,43018241,43612456,594215,71395
997,43059549,43642467,582918,71257
998,43100799,43672636,571837,71463
999,43142096,43702493,560397,71176
1000,43183418,43732622,549204,71433
