step,start,end,latency,execution
1,0,50037,50037,63492
2,13530,70008,56478,30061
3,23650,89914,66264,30216
4,33969,109853,75884,29808
5,43843,129802,85959,29806
6,53703,149756,96053,29871
7,63624,169414,105790,29588
8,73559,189073,115514,29565
9,83468,208550,125082,29389
10,93384,228366,134982,29729
11,103302,249933,146631,31483
12,113221,271347,158126,31329
13,123139,292822,169683,31382
14,133051,312147,179096,29235
15,142965,331496,188531,29237
16,152858,350880,198022,29124
17,162601,370245,207644,29106
18,172345,389643,217298,29138
19,182089,408989,226900,29122
20,191868,428403,236535,29208
21,201665,447814,246149,29155
22,211412,467156,255744,29117
23,221191,486522,265331,29107
24,230937,505815,274878,28977
25,240624,525185,284561,29149
26,250406,544570,294164,28958
27,259983,564004,304021,29201
28,269753,583406,313653,29004
29,279359,602870,323511,32937
30,292837,622405,329568,38850
31,312160,641866,329706,38797
32,331500,661329,329829,38849
33,350890,680811,329921,38873
34,370286,700270,329984,38810
35,389641,719779,330138,38899
36,409036,739414,330378,39002
37,428407,758945,330538,38944
38,447825,778226,330401,38620
39,467168,797597,330429,38726
40,486528,816965,330437,38668
41,505833,836347,330514,38768
42,525224,855771,330547,38785
43,544590,875121,330531,38777
44,564021,894563,330542,38817
45,583401,913964,330563,38955
46,602963,933359,330396,38883
47,622456,952713,330257,38801
48,641907,972026,330119,38773
49,661372,991372,330000,38794
50,680824,1010743,329919,38857
51,700315,1030113,329798,38871
52,719821,1049425,329604,38916
53,739430,1068805,329375,38902
54,758957,1088189,329232,38689
55,778267,1107630,329363,38777
56,797607,1127024,329417,38737
57,816954,1146374,329420,38731
58,836339,1165690,329351,38733
59,855760,1185013,329253,38700
60,875141,1204482,329341,38883
61,894559,1224115,329556,39015
62,913951,1243587,329636,38886
63,933370,1263037,329667,38783
64,952708,1282505,329797,38746
65,971990,1302004,330014,38893
66,991388,1321495,330107,38818
67,1010733,1341015,330282,38864
68,1030081,1360473,330392,38817
69,1049446,1379962,330516,38879
70,1068844,1399349,330505,38743
71,1088204,1418689,330485,38757
72,1107625,1437962,330337,38684
73,1127040,1457322,330282,38688
74,1146372,1476671,330299,38648
75,1165676,1496099,330423,38754
76,1185007,1515471,330464,38920
77,1204562,1534841,330279,38925
78,1224121,1554249,330128,38863
79,1243580,1573648,330068,38857
80,1263043,1593064,330021,38895
81,1282533,1612409,329876,38793
82,1301986,1631742,329756,38856
83,1321514,1651069,329555,38816
84,1341008,1670443,329435,38852
85,1360490,1689865,329375,38904
86,1379976,1709172,329196,38691
87,1399364,1728497,329133,38639
88,1418683,1747884,329201,38664
89,1437965,1767285,329320,38775
90,1457343,1786669,329326,38722
91,1476685,1806235,329550,38968
92,1496092,1825812,329720,38946
93,1515469,1845269,329800,38821
94,1534838,1864638,329800,38786
95,1554260,1884065,329805,38850
96,1573688,1903558,329870,38854
97,1593054,1923028,329974,38862
98,1612450,1942614,330164,38895
99,1631776,1962083,330307,38775
100,1651086,1981515,330429,38805
101,1670477,2000956,330479,38821
102,1689863,2020365,330502,38703
103,1709162,2039763,330601,38722
104,1728491,2059184,330693,38824
105,1747898,2078506,330608,38723
106,1767303,2097827,330524,38703
107,1786689,2117154,330465,38935
108,1806304,2136509,330205,38855
109,1825808,2155955,330147,38890
110,1845257,2175355,330098,38784
111,1864645,2194720,330075,38796
112,1884081,2214101,330020,38848
113,1903553,2233455,329902,38827
114,1923030,2252921,329891,39040
115,1942609,2272305,329696,38846
116,1962075,2291709,329634,38824
117,1981500,2311059,329559,38790
118,2000945,2330332,329387,38686
119,2020363,2349701,329338,38767
120,2039765,2369128,329363,38833
121,2059176,2388449,329273,38645
122,2078504,2407954,329450,38839
123,2097842,2427555,329713,38930
124,2117188,2447048,329860,38832
125,2136544,2466529,329985,38874
126,2155941,2486010,330069,38888
127,2175352,2505528,330176,38920
128,2194759,2524977,330218,38786
129,2214101,2544413,330312,38806
130,2233475,2563808,330333,38827
131,2252912,2583217,330305,38784
132,2272292,2602542,330250,38743
133,2291714,2621859,330145,38663
134,2311065,2641177,330112,38580
135,2330331,2660527,330196,38730
136,2349716,2679892,330176,38770
137,2369125,2699307,330182,38756
138,2388483,2718636,330153,38863
139,2408023,2738021,329998,38905
140,2427548,2757400,329852,38841
141,2447015,2776638,329623,38767
142,2466548,2796068,329520,38880
143,2486003,2815475,329472,38924
144,2505524,2834939,329415,38922
145,2524987,2854314,329327,38797
146,2544413,2873689,329276,38779
147,2563822,2893002,329180,38712
148,2583225,2912405,329180,38713
149,2602540,2931824,329284,38731
150,2621856,2951189,329333,38700
151,2641195,2970605,329410,38741
152,2660525,2989913,329388,38687
153,2679909,3009444,329535,38916
154,2699299,3029026,329727,38908
155,2718629,3048423,329794,38801
156,2738039,3067946,329907,38874
157,2757394,3087457,330063,38754
158,2776678,3106939,330261,38876
159,2796077,3126408,330331,38869
160,2815482,3145949,330467,38984
161,2834930,3165357,330427,38768
162,2854308,3184719,330411,38735
163,2873685,3204074,330389,38709
164,2893044,3223383,330339,38651
165,2912391,3242769,330378,38805
166,2931814,3262059,330245,38675
167,2951203,3281442,330239,38795
168,2970619,3300785,330166,38623
169,2989903,3320114,330211,38913
170,3009508,3339462,329954,38883
171,3029060,3358881,329821,38799
172,3048457,3378284,329827,38873
173,3067931,3397634,329703,38876
174,3087462,3416971,329509,38816
175,3106945,3436254,329309,38764
176,3126430,3455594,329164,38836
177,3145930,3474973,329043,38797
178,3165352,3494346,328994,38745
179,3184728,3513718,328990,38731
180,3204091,3533148,329057,38725
181,3223391,3552484,329093,38693
182,3242753,3571948,329195,38805
183,3262099,3591375,329276,38755
184,3281432,3610765,329333,38728
185,3300774,3630325,329551,38893
186,3320112,3649623,329511,38643
187,3339461,3669139,329678,38895
188,3358845,3688576,329731,38870
189,3378283,3708031,329748,38805
190,3397637,3727516,329879,38810
191,3416966,3746981,330015,38743
192,3436248,3766395,330147,38766
193,3455604,3785762,330158,38741
194,3474982,3805168,330186,38783
195,3494363,3824493,330130,38687
196,3513730,3843875,330145,38781
197,3533134,3863280,330146,38764
198,3552497,3882541,330044,38707
199,3571947,3901913,329966,38788
200,3591367,3921291,329924,38836
201,3610831,3940640,329809,38829
202,3630315,3960023,329708,38724
203,3649660,3979486,329826,38923
204,3669125,3998851,329726,38810
205,3688574,4018334,329760,38939
206,3708034,4037722,329688,38852
207,3727503,4057153,329650,38902
208,3746978,4076489,329511,38763
209,3766409,4095741,329332,38640
210,3785802,4115166,329364,38784
211,3805165,4134517,329352,38719
212,3824538,4153833,329295,38645
213,3843872,4173161,329289,38736
214,3863284,4192464,329180,38564
215,3882550,4212006,329456,38898
216,3901911,4231456,329545,38845
217,3921311,4250847,329536,38704
218,3940629,4270307,329678,38863
219,3960036,4289746,329710,38880
220,3979481,4309161,329680,38799
221,3998869,4328610,329741,38903
222,4018327,4348135,329808,38924
223,4037732,4367522,329790,38792
224,4057142,4386934,329792,38752
225,4076486,4406317,329831,38676
226,4095783,4425726,329943,38793
227,4115171,4445156,329985,38769
228,4134515,4464501,329986,38642
229,4153817,4483901,330084,38723
230,4173146,4503227,330081,38650
231,4192474,4522553,330079,38897
232,4212051,4541927,329876,38775
233,4231456,4561332,329876,38777
234,4250833,4580673,329840,38803
235,4270299,4600037,329738,38796
236,4289735,4619403,329668,38789
237,4309162,4638809,329647,39095
238,4328857,4658221,329364,38683
239,4348133,4677569,329436,38751
240,4367541,4696936,329395,38748
241,4386927,4716285,329358,38755
242,4406338,4735581,329243,38677
243,4425723,4755039,329316,38886
244,4445155,4774368,329213,38669
245,4464500,4793719,329219,38745
246,4483898,4813129,329231,38752
247,4503245,4832510,329265,38674
248,4522542,4851935,329393,38802
249,4541924,4871429,329505,38919
250,4561366,4890956,329590,38847
251,4580690,4910407,329717,38795
252,4600039,4929908,329869,38870
253,4619412,4949308,329896,38806
254,4638822,4968545,329723,38618
255,4658208,4987930,329722,38753
256,4677581,5007383,329802,38799
257,4696931,5026767,329836,38724
258,4716275,5046177,329902,38716
259,4735585,5065649,330064,38923
260,4755040,5085118,330078,38811
261,4774386,5110840,336454,45042
262,4793714,5126629,332915,35256
263,4813188,5146237,333049,38946
264,4832530,5165851,333321,39011
265,4851930,5185440,333510,39094
266,4871439,5205148,333709,39224
267,4890959,5224750,333791,39056
268,4910417,5244426,334009,39111
269,4929856,5263973,334117,38993
270,4949306,5281557,332251,36805
271,4968531,5301092,332561,38972
272,4987972,5320602,332630,38919
273,5007385,5340098,332713,38893
274,5026787,5359579,332792,38864
275,5046174,5379092,332918,38949
276,5065614,5398589,332975,39117
277,5085301,5418371,333070,39494
278,5426525,5485401,58876,69177
279,5436837,5511834,74997,36168
280,5446578,5536306,89728,34418
281,5456530,5560822,104292,36299
282,5468317,5585286,116969,36232
283,5480087,5609774,129687,36225
284,5491827,5634220,142393,36176
285,5503560,5658686,155126,36195
286,5515292,5683183,167891,36223
287,5527021,5707639,180618,36190
288,5538758,5732122,193364,36231
289,5550509,5756571,206062,36185
290,5562248,5781093,218845,36256
291,5573986,5795822,221836,26453
292,5585715,5812574,226859,28474
293,5597443,5826168,228725,23336
294,5607189,5851773,244584,37336
295,5618923,5871282,252359,29247
296,5628664,5890801,262137,31246
297,5640394,5910311,269917,29273
298,5650161,5929825,279664,31241
299,5661892,5949452,287560,31403
300,5673670,5969015,295345,29298
301,5683409,5988498,305089,31204
302,5695133,6008277,313144,29551
303,5704908,6027987,323079,31409
304,5716611,6047496,330885,29277
305,5726382,6067005,340623,31232
306,5738109,6086497,348388,29284
307,5747905,6105980,358075,31212
308,5759637,6125481,365844,29298
309,5769438,6145005,375567,50766
310,5800724,6164483,363759,35166
311,5816416,6184003,367587,45139
312,5842039,6203513,361474,39144
313,5861676,6223004,361328,39144
314,5881332,6232845,351513,29479
315,5900973,6259198,358225,45970
316,5920596,6288943,368347,49439
317,5940294,6311069,370775,41849
318,5960019,6340492,380473,49101
319,5979700,6360599,380899,39767
320,5999364,6380406,381042,39883
321,6019443,6400242,380799,39592
322,6039203,6423394,384191,42834
323,6058889,6442912,384023,39175
324,6078548,6462430,383882,39156
325,6098189,6481939,383750,39173
326,6117856,6501452,383596,39159
327,6137505,6520969,383464,39167
328,6157159,6540457,383298,39127
329,6176802,6559970,383168,39145
330,6196438,6579490,383052,39169
331,6216091,6599000,382909,39216
332,6235801,6618694,382893,41269
333,6257380,6638337,380957,37203
334,6274944,6657877,382933,39146
335,6294555,6677381,382826,45143
336,6320200,6696899,376699,44704
337,6345390,6716384,370994,39286
338,6365194,6735934,370740,39351
339,6384998,6755475,370477,39314
340,6404774,6774978,370204,30880
341,6416154,6794487,378333,41159
342,6437807,6813995,376188,39167
343,6457470,6833492,376022,39122
344,6477098,6852994,375896,39126
345,6496726,6872474,375748,39128
346,6516378,6891983,375605,39154
347,6536025,6911479,375454,39137
348,6555669,6931015,375346,39204
349,6575340,6950618,375278,39241
350,6594981,6970134,375153,39327
351,6614799,6989622,374823,39339
352,6634653,7009152,374499,39201
353,6654327,7028626,374299,39118
354,6673974,7048137,374163,39166
355,6693633,7067642,374009,39168
356,6713299,7087151,373852,39182
357,6732976,7106662,373686,39155
358,6752622,7126169,373547,39146
359,6772264,7135896,363632,29381
360,6791920,7155401,363481,39151
361,6811568,7174925,363357,39156
362,6831203,7194434,363231,39161
363,6850859,7214081,363222,39299
364,6870514,7233689,363175,39252
365,6890163,7253190,363027,39135
366,6909800,7272658,362858,39166
367,6929502,7292167,362665,39228
368,6949224,7311668,362444,39160
369,6968887,7331174,362287,39101
370,6988485,7350687,362202,39193
371,7008167,7370197,362030,39160
372,7027821,7389685,361864,39139
373,7047476,7409224,361748,39194
374,7067134,7428698,361564,39123
375,7086786,7448236,361450,39182
376,7106433,7467750,361317,39160
377,7126081,7487256,361175,39148
378,7145726,7506750,361024,39162
379,7165397,7526260,360863,39142
380,7185032,7536150,351118,29536
381,7204681,7562538,357857,46275
382,7224573,7592626,368053,49800
383,7244289,7614107,369818,41157
384,7263969,7635568,371599,41116
385,7283628,7661317,377689,45388
386,7303271,7671036,367765,29356
387,7322910,7680773,357863,29380
388,7342556,7702351,359795,41203
389,7362183,7719527,357344,36812
390,7381823,7735783,353960,35908
391,7401479,7762219,360740,46103
392,7421150,7793144,371994,50612
393,7440840,7819466,378626,45935
394,7460456,7842052,381596,42224
395,7480099,7866476,386377,44072
396,7499751,7885450,385699,38626
397,7519406,7900169,380763,34416
398,7539107,7916802,377695,38176
399,7560654,7931579,370925,32342
400,7578223,7949965,371742,42560
401,7602401,7976408,374007,47897
402,7623860,8002850,378990,53089
403,7650513,8031835,381322,47755
404,7669287,8050422,381135,33182
405,7683886,8069004,385118,56099
406,7721407,8097004,375597,39739
407,7733149,8118304,385155,31048
408,7742901,8152151,409250,49791
409,7758849,8177980,419131,45296
410,7778320,8200869,422549,42459
411,7797895,8222609,424714,43314
412,7819473,8244707,425234,41826
413,7839205,8264878,425673,39731
414,7858767,8281452,422685,36175
415,7878371,8301365,422994,41978
416,7900440,8325233,424793,56812
417,7933389,8343782,410393,46033
418,7960878,8360355,399477,36127
419,7980435,8385572,405137,46828
420,8002049,8406938,404889,40953
421,8021640,8445043,423403,57717
422,8041256,8466531,425275,41145
423,8060917,8476258,415341,27268
424,8078462,8489228,410766,32545
425,8098039,8510699,412660,41046
426,8117617,8536418,418801,45042
427,8136943,8546168,409225,29310
428,8156506,8578914,422408,54240
429,8178003,8588632,410629,29223
430,8197511,8608114,410603,39133
431,8217166,8627612,410446,39158
432,8236828,8647110,410282,39069
433,8256401,8666604,410203,39134
434,8276044,8686107,410063,39186
435,8295731,8695829,400098,29389
436,8315400,8715340,399940,39109
437,8335002,8734851,399849,39146
438,8354641,8754384,399743,39196
439,8374307,8773905,399598,37136
440,8391927,8793419,401492,44799
441,8417219,8812920,395701,39525
442,8437248,8832422,395174,39578
443,8457328,8851933,394605,41650
444,8479470,8871440,391970,41011
445,8500978,8890948,389970,45032
446,8526506,8910455,383949,45248
447,8552250,8929970,377720,29277
448,8562016,8949484,387468,34338
449,8576843,8968979,392136,41080
450,8598431,8988455,390024,41086
451,8620044,9007999,387955,41170
452,8641672,9027663,385991,41259
453,8663269,9047252,383983,41224
454,8684907,9066781,381874,41140
455,8706521,9086285,379764,39149
456,8726170,9105788,379618,39173
457,8745843,9125315,379472,39135
458,8765455,9144821,379366,39186
459,8785138,9164297,379159,39141
460,8804807,9183806,378999,39128
461,8824428,9203315,378887,39188
462,8844131,9222824,378693,39137
463,8863762,9242294,378532,39117
464,8883411,9261796,378385,39148
465,8903060,9281305,378245,39164
466,8922719,9300812,378093,39152
467,8942367,9320278,377911,39107
468,8962012,9339790,377778,39171
469,8981674,9359293,377619,39159
470,9001333,9378796,377463,39301
471,9021135,9398309,377174,39260
472,9040886,9417816,376930,39142
473,9060525,9437311,376786,39126
474,9080160,9456822,376662,39157
475,9099809,9476300,376491,39150
476,9119483,9495838,376355,39196
477,9139145,9515366,376221,39184
478,9158804,9534872,376068,39162
479,9178463,9554372,375909,39145
480,9198111,9573872,375761,39165
481,9217779,9593374,375595,39119
482,9237400,9612871,375471,39154
483,9257061,9632471,375410,39229
484,9276694,9652029,375335,39210
485,9296349,9671529,375180,39145
486,9315997,9691031,375034,39189
487,9335687,9710533,374846,39152
488,9355339,9730056,374717,39176
489,9374996,9749583,374587,39194
490,9394666,9769088,374422,39154
491,9414319,9788589,374270,39158
492,9433979,9808090,374111,39171
493,9453652,9827593,373941,39156
494,9473309,9847107,373798,39198
495,9492996,9866610,373614,39141
496,9512636,9876336,363700,29369
497,9532282,9895838,363556,39146
498,9551929,9915392,363463,39203
499,9571581,9934925,363344,39175
500,9591227,9954489,363262,39214
501,9610881,9974026,363145,39295
502,9630643,9993529,362886,39205
503,9650349,10013175,362826,39294
504,9670001,10032661,362660,39131
505,9689652,10052194,362542,39196
506,9709318,10071737,362419,39199
507,9728977,10091249,362272,39149
508,9748617,10110759,362142,39155
509,9768265,10130252,361987,39167
510,9787942,10149739,361797,39134
511,9807592,10169269,361677,39177
512,9827243,10188835,361592,39226
513,9846906,10208349,361443,39155
514,9866550,10228098,361548,39392
515,9886196,10247657,361461,39253
516,9905894,10267152,361258,39160
517,9925563,10286653,361090,39181
518,9945246,10296552,351306,29595
519,9964945,10323021,358076,46088
520,9984569,10347476,362907,44166
521,10004284,10369420,365136,41598
522,10023941,10385905,361964,36121
523,10043581,10403639,360058,37422
524,10063273,10430016,366743,46090
525,10082990,10454605,371615,44206
526,10102611,10474749,372138,39770
527,10122240,10491317,369077,36224
528,10141899,10514968,373069,43305
529,10161557,10533564,372007,38261
530,10181225,10555264,374039,41421
531,10200948,10572046,371098,36503
532,10220673,10598840,378167,46591
533,10240473,10621257,380784,42110
534,10260170,10637757,377587,36143
535,10279816,10666149,386333,48048
536,10299476,10694229,394753,49721
537,10321120,10720670,399550,46035
538,10340718,10747150,406432,45987
539,10360229,10773592,413363,45475
540,10379266,10800006,420740,52650
541,10405507,10826631,421124,46194
542,10425081,10853149,428068,46097
543,10444664,10879588,434924,46059
544,10464288,10906121,441833,46175
545,10483933,10932559,448626,46079
546,10503577,10958882,455305,45946
547,10523203,10977181,453978,37891
548,10542798,10991864,449066,34593
549,10576741,11006413,429672,24545
550,11006933,11050397,43464,52809
551,11016302,11072495,56193,32314
552,11026548,11094144,67596,31339
553,11036246,11115769,79523,33441
554,11048066,11135397,87331,29571
555,11058014,11155063,97049,31440
556,11069792,11174705,104913,29390
557,11079543,11194332,114789,29394
558,11089313,11214009,124696,29427
559,11099066,11233622,134556,29384
560,11108840,11253234,144394,29357
561,11118588,11272746,154158,29253
562,11128332,11292335,164003,29368
563,11138114,11309873,171759,27287
564,11147867,11329324,181457,29245
565,11157664,11348645,190981,29070
566,11167418,11367978,200560,29120
567,11177208,11387370,210162,29130
568,11186950,11406739,219789,29112
569,11196696,11426098,229402,29132
570,11206473,11445443,238970,29080
571,11216211,11464748,248537,29041
572,11225951,11484117,258166,29114
573,11235700,11503524,267824,29151
574,11245448,11522986,277538,29177
575,11255167,11542336,287169,29088
576,11264908,11561630,296722,29012
577,11274630,11580953,306323,29017
578,11284328,11600325,315997,29151
579,11294111,11619772,325661,35225
580,11309893,11639473,329580,39141
581,11329339,11658961,329622,38832
582,11348688,11678519,329831,38866
583,11368000,11697971,329971,38842
584,11387394,11717447,330053,38827
585,11406750,11736986,330236,38878
586,11426093,11756455,330362,38816
587,11445445,11775831,330386,38699
588,11464773,11795200,330427,38754
589,11484162,11814520,330358,38722
590,11503568,11833962,330394,38863
591,11522993,11853330,330337,38710
592,11542340,11872652,330312,38648
593,11561670,11892008,330338,38634
594,11580953,11911445,330492,38808
595,11600328,11930796,330468,38849
596,11619832,11950155,330323,39052
597,11639530,11969596,330066,38893
598,11658999,11988959,329960,38890
599,11678531,12008330,329799,38853
600,11698017,12027597,329580,38717
601,11717485,12046946,329461,38838
602,11736978,12066298,329320,38836
603,11756467,12085670,329203,38769
604,11775868,12105008,329140,38684
605,11795218,12124371,329153,38703
606,11814563,12143780,329217,38801
607,11833959,12163158,329199,38736
608,11853321,12182538,329217,38700
609,11872645,12201866,329221,38729
610,11892050,12221247,329197,38774
611,11911449,12240874,329425,38966
612,11930798,12260306,329508,38803
613,11950174,12279840,329666,38928
614,11969592,12299347,329755,38862
615,11988974,12318825,329851,38825
616,12008326,12338302,329976,38742
617,12027595,12357805,330210,38866
618,12046963,12377128,330165,38675
619,12066333,12396499,330166,38717
620,12085683,12415905,330222,38716
621,12104997,12435270,330273,38751
622,12124387,12454628,330241,38740
623,12143775,12473929,330154,38674
624,12163152,12493305,330153,38747
625,12182529,12512649,330120,38676
626,12201865,12532085,330220,38864
627,12221302,12551419,330117,38922
628,12240895,12570788,329893,38797
629,12260327,12590181,329854,38907
630,12279845,12609592,329747,38917
631,12299356,12628951,329595,38813
632,12318815,12648299,329484,38819
633,12338291,12667638,329347,38848
634,12357804,12686929,329125,38612
635,12377130,12706270,329140,38685
636,12396478,12725687,329209,38857
637,12415922,12745092,329170,38755
638,12435276,12764450,329174,38697
639,12454620,12783823,329203,38678
640,12473929,12803206,329277,38744
641,12493294,12822712,329418,38877
642,12512669,12842394,329725,39085
643,12532080,12861881,329801,38840
644,12551439,12881384,329945,38887
645,12570829,12900878,330049,38847
646,12590186,12920319,330133,38832
647,12609582,12939741,330159,38778
648,12628942,12959237,330295,38864
649,12648314,12978591,330277,38675
650,12667640,12997942,330302,38644
651,12686937,13017285,330348,38696
652,12706308,13036571,330263,38682
653,12725708,13055980,330272,38839
654,12745142,13075357,330215,38688
655,12764458,13094796,330338,38813
656,12783836,13114127,330291,38711
657,12803221,13133457,330236,38886
658,12822786,13152718,329932,38927
659,12842458,13172109,329651,38867
660,12861938,13191564,329626,38943
661,12881430,13210981,329551,38863
662,12900882,13230338,329456,38788
663,12920317,13249713,329396,38804
664,12939751,13269082,329331,38855
665,12959242,13288431,329189,38687
666,12978585,13307859,329274,38775
667,12997936,13327183,329247,38667
668,13017283,13346535,329252,38622
669,13036557,13365831,329274,38711
670,13055977,13385228,329251,38788
671,13075373,13404535,329162,38718
672,13094789,13424057,329268,38848
673,13114119,13443616,329497,38891
674,13133456,13463162,329706,38816
675,13152732,13482664,329932,38895
676,13172143,13502144,330001,38886
677,13191555,13521614,330059,38891
678,13210980,13541096,330116,38841
679,13230343,13560593,330250,38866
680,13249717,13579998,330281,38753
681,13269071,13599375,330304,38749
682,13288447,13618772,330325,38813
683,13307867,13638095,330228,38641
684,13327190,13657448,330258,38692
685,13346534,13676736,330202,38598
686,13365849,13696028,330179,38663
687,13385225,13715536,330311,38830
688,13404552,13734903,330351,38912
689,13424103,13754268,330165,38885
690,13443628,13773574,329946,38833
691,13463173,13792931,329758,38834
692,13482654,13812263,329609,38830
693,13502157,13831622,329465,38824
694,13521628,13851017,329389,38859
695,13541097,13870414,329317,38880
696,13560584,13889792,329208,38778
697,13579988,13909151,329163,38745
698,13599379,13928566,329187,38790
699,13618759,13947983,329224,38767
700,13638114,13967393,329279,38738
701,13657447,13986810,329363,38692
702,13676727,14006217,329490,38716
703,13696041,14025581,329540,38863
704,13715545,14045149,329604,38928
705,13734910,14064654,329744,38841
706,13754250,14084180,329930,38857
707,13773586,14103619,330033,38793
708,13792944,14123126,330182,38828
709,13812269,14142628,330359,38850
710,13831621,14162091,330470,38855
711,13851017,14181466,330449,38755
712,13870401,14200896,330495,38830
713,13889806,14220269,330463,38727
714,13909165,14239614,330449,38740
715,13928564,14258923,330359,38729
716,13947988,14278278,330290,38762
717,13967399,14297608,330209,38731
718,13986805,14316959,330154,38745
719,14006203,14336286,330083,38768
720,14025650,14355756,330106,38981
721,14045167,14375096,329929,38848
722,14064680,14394493,329813,38891
723,14084178,14413913,329735,38878
724,14103640,14433278,329638,38844
725,14123124,14452638,329514,38856
726,14142625,14471952,329327,38765
727,14162081,14491275,329194,38693
728,14181455,14510586,329131,38745
729,14200893,14529964,329071,38739
730,14220258,14549301,329043,38691
731,14239616,14568681,329065,38686
732,14258927,14588048,329121,38734
733,14278299,14607412,329113,38681
734,14297621,14626873,329252,38792
735,14316956,14646390,329434,38866
736,14336322,14665875,329553,38918
737,14355759,14685385,329626,38844
738,14375098,14704857,329759,38846
739,14394477,14724274,329797,38844
740,14413908,14743770,329862,38881
741,14433297,14763156,329859,38713
742,14452628,14782481,329853,38662
743,14471970,14801839,329869,38665
744,14491281,14821185,329904,38644
745,14510584,14840505,329921,38705
746,14529974,14859911,329937,38770
747,14549343,14879334,329991,38768
748,14568692,14898671,329979,38706
749,14588066,14918023,329957,38700
750,14607418,14937418,330000,38902
751,14626932,14956827,329895,38925
752,14646454,14976236,329782,38879
753,14665929,14995661,329732,38884
754,14685392,15015116,329724,38920
755,14704861,15034520,329659,38831
756,14724292,15053869,329577,38831
757,14743778,15073294,329516,38806
758,14763163,15092696,329533,38709
759,14782474,15112081,329607,38742
760,14801836,15131523,329687,38771
761,14821169,15150830,329661,38677
762,14840543,15170126,329583,38653
763,14859904,15189518,329614,38810
764,14879326,15208951,329625,38773
765,14898670,15228383,329713,38763
766,14918017,15247890,329873,38917
767,14937445,15267457,330012,38959
768,14956841,15286942,330101,38862
769,14976223,15306448,330225,38945
770,14995666,15325895,330229,38908
771,15015132,15345388,330256,38865
772,15034509,15364861,330352,38840
773,15053880,15384189,330309,38728
774,15073285,15403528,330243,38737
775,15092687,15422877,330190,38761
776,15112117,15442236,330119,38768
777,15131530,15461592,330062,38654
778,15150832,15480944,330112,38652
779,15170136,15500269,330133,38721
780,15189536,15519664,330128,38825
781,15208970,15539066,330096,38875
782,15228449,15558432,329983,38814
783,15247902,15577841,329939,38956
784,15267454,15597157,329703,38803
785,15286945,15616452,329507,38783
786,15306438,15635849,329411,38864
787,15325909,15655240,329331,38856
788,15345378,15674634,329256,38863
789,15364852,15694045,329193,38752
790,15384197,15713446,329249,38723
791,15403523,15732806,329283,38728
792,15422895,15752158,329263,38701
793,15442249,15771596,329347,38797
794,15461612,15790973,329361,38691
795,15480931,15810318,329387,38675
796,15500266,15829752,329486,38838
797,15519674,15849230,329556,38851
798,15539052,15868618,329566,38778
799,15558448,15888031,329583,38796
800,15577836,15907426,329590,38697
801,15597142,15926759,329617,38626
802,15616439,15946150,329711,38797
803,15635850,15965595,329745,38830
804,15655239,15984983,329744,38796
805,15674651,16004371,329720,38771
806,15694040,16023752,329712,38779
807,15713442,16043103,329661,38685
808,15732780,16062504,329724,38794
809,15752177,16081870,329693,38785
810,15771600,16101263,329663,38772
811,15790983,16120534,329551,38616
812,15810332,16139885,329553,38788
813,15829776,16159293,329517,38871
814,15849244,16178699,329455,38801
815,15868643,16198049,329406,38742
816,15888039,16217382,329343,38701
817,15907411,16236695,329284,38697
818,15926799,16256006,329207,38680
819,15946185,16275372,329187,38792
820,15965615,16294745,329130,38743
821,15984989,16314098,329109,38748
822,16004389,16333431,329042,38691
823,16023751,16352740,328989,38708
824,16043155,16372163,329008,38765
825,16062502,16391571,329069,38793
826,16081905,16410991,329086,38768
827,16101257,16430404,329147,38684
828,16120533,16449864,329331,38830
829,16139909,16469249,329340,38778
830,16159306,16488601,329295,38732
831,16178692,16507984,329292,38752
832,16198065,16527442,329377,38792
833,16217416,16546853,329437,38704
834,16236713,16566194,329481,38622
835,16255998,16585567,329569,38760
836,16275389,16605010,329621,38808
837,16294759,16624353,329594,38675
838,16314095,16643784,329689,38759
839,16333427,16663156,329729,38731
840,16352792,16682467,329675,38677
841,16372162,16701850,329688,38796
842,16391579,16721247,329668,38796
843,16410982,16740547,329565,38768
844,16430456,16759976,329520,38876
845,16449907,16779341,329434,38712
846,16469258,16798725,329467,38718
847,16488597,16818220,329623,38900
848,16508019,16837560,329541,38775
849,16527458,16856972,329514,38797
850,16546849,16876345,329496,38732
851,16566212,16895620,329408,38644
852,16585585,16915066,329481,38853
853,16604996,16934387,329391,38715
854,16624394,16953777,329383,38789
855,16643798,16973214,329416,38781
856,16663147,16992522,329375,38639
857,16682483,17011971,329488,38810
858,16701848,17031417,329569,38829
859,16721235,17050937,329702,38844
860,16740564,17070496,329932,38968
861,16759977,17089965,329988,38827
862,16779339,17109443,330104,38879
863,16798744,17128939,330195,38935
864,16818187,17148352,330165,38795
865,16837574,17167636,330062,38664
866,16856959,17187063,330104,38802
867,16876338,17206399,330061,38629
868,16895635,17225776,330141,38744
869,16915006,17245114,330108,38720
870,16934392,17264407,330015,38676
871,16953780,17283828,330048,38862
872,16973225,17303211,329986,38694
873,16992541,17322639,330098,38895
874,17012013,17341931,329918,38746
875,17031473,17361313,329840,38861
876,17050958,17380580,329622,38808
877,17070505,17399962,329457,38845
878,17089973,17419360,329387,38912
879,17109492,17438765,329273,38852
880,17128943,17458200,329257,38882
881,17148396,17477562,329166,38636
882,17167674,17496925,329251,38734
883,17187049,17516280,329231,38743
884,17206442,17535677,329235,38736
885,17225785,17555046,329261,38692
886,17245113,17574398,329285,38659
887,17264424,17593764,329340,38781
888,17283843,17613126,329283,38745
889,17303230,17632484,329254,38762
890,17322638,17651989,329351,38811
891,17341949,17671453,329504,38819
892,17361309,17690861,329552,38669
893,17380575,17710236,329661,38754
894,17399959,17729640,329681,38806
895,17419365,17748976,329611,38748
896,17438781,17768349,329568,38786
897,17458198,17787665,329467,38672
898,17477558,17806974,329416,38664
899,17496917,17826276,329359,38663
900,17516282,17845824,329542,38946
901,17535685,17865198,329513,38743
902,17555058,17884529,329471,38681
903,17574412,17903926,329514,38742
904,17593762,17923302,329540,38733
905,17613124,17942774,329650,38897
906,17632555,17962142,329587,38817
907,17652009,17981527,329518,38821
908,17671449,18000946,329497,38821
909,17690855,18020386,329531,38811
910,17710230,18039699,329469,38716
911,17729637,18059065,329428,38705
912,17748981,18078446,329465,38750
913,17768355,18097788,329433,38660
914,17787677,18117135,329458,38639
915,17806974,18136440,329466,38622
916,17826297,18155844,329547,38930
917,17845828,18175269,329441,38781
918,17865199,18194602,329403,38671
919,17884552,18213940,329388,38721
920,17903939,18233335,329396,38773
921,17923322,18252811,329489,38936
922,17942787,18272180,329393,38765
923,17962188,18291598,329410,38793
924,17981567,18310999,329432,38816
925,18000987,18330438,329451,38834
926,18020387,18349824,329437,38690
927,18039696,18369238,329542,38772
928,18059058,18388614,329556,38754
929,18078441,18408002,329561,38734
930,18097792,18427440,329648,38771
931,18117129,18446819,329690,38707
932,18136462,18466155,329693,38736
933,18155867,18485528,329661,38752
934,18175251,18504915,329664,38750
935,18194620,18524238,329618,38652
936,18213954,18543569,329615,38753
937,18233383,18563009,329626,38859
938,18252807,18582430,329623,38798
939,18272188,18601829,329641,38824
940,18291617,18621216,329599,38785
941,18311019,18640518,329499,38700
942,18330422,18659844,329422,38711
943,18349812,18679139,329327,38684
944,18369205,18698477,329272,38741
945,18388612,18717815,329203,38719
946,18407998,18737168,329170,38813
947,18427462,18756520,329058,38711
948,18446826,18775856,329030,38647
949,18466142,18795305,329163,38820
950,18485517,18814642,329125,38725
951,18504910,18834199,329289,38872
952,18524229,18853710,329481,38869
953,18543605,18873198,329593,38878
954,18563001,18892627,329626,38875
955,18582451,18912084,329633,38820
956,18601818,18931546,329728,38852
957,18621213,18951073,329860,38825
958,18640517,18970413,329896,38665
959,18659846,18989797,329951,38682
960,18679148,19009195,330047,38738
961,18698493,19028540,330047,38661
962,18717813,19047971,330158,38823
963,18737210,19067384,330174,38716
964,18756519,19086777,330258,38735
965,18775865,19106159,330294,38786
966,18795274,19125490,330216,38692
967,18814640,19144862,330222,38970
968,18834245,19164227,329982,38810
969,18853695,19183582,329887,38857
970,18873201,19202981,329780,38827
971,18892633,19222336,329703,38809
972,18912092,19241790,329698,38911
973,18931554,19261126,329572,38841
974,18951063,19280521,329458,38758
975,18970431,19299928,329497,38766
976,18989796,19319256,329460,38742
977,19009215,19338636,329421,38707
978,19028547,19357998,329451,38831
979,19048021,19377380,329359,38741
980,19067384,19396695,329311,38720
981,19086793,19416067,329274,38725
982,19106150,19435437,329287,38693
983,19125477,19454934,329457,38863
984,19144849,19474390,329541,38841
985,19164238,19493673,329435,38640
986,19183599,19512987,329388,38698
987,19202987,19532156,329169,38523
988,19222347,19551220,328873,38498
989,19241788,19570333,328545,38470
990,19261162,19589504,328342,38520
991,19280516,19608630,328114,38530
992,19299927,19627759,327832,38467
993,19319271,19646869,327598,38482
994,19338649,19665962,327313,38477
995,19358038,19685043,327005,38422
996,19377385,19704099,326714,38365
997,19396699,19723094,326395,38362
998,19416072,19742140,326068,38481
999,19435516,19761207,325691,38520
1000,19454975,19780127,325152,38376
