step,start,end,latency,execution
1,0,48641,48641,62971
2,14452,68614,54162,29834
3,24336,88611,64275,29772
4,34118,108386,74268,29723
5,44077,128239,84162,29762
6,53992,148067,94075,29622
7,63792,167969,104177,29660
8,73557,187835,114278,29800
9,83499,207652,124153,29604
10,93292,227532,134240,29621
11,103039,247292,144253,29509
12,112793,267059,154266,29509
13,122541,286966,164425,29663
14,132302,306626,174324,29368
15,142016,326219,184203,29344
16,151773,345700,193927,29238
17,161535,365217,203682,29224
18,171248,384662,213414,29204
19,181012,404208,223196,29261
20,190733,423727,232994,29291
21,200510,443254,242744,29206
22,210195,462625,252430,29148
23,219977,482289,262312,29312
24,229632,501815,272183,29260
25,239372,521432,282060,29277
26,249038,541068,292030,29380
27,258788,560550,301762,29141
28,268453,580029,311576,29212
29,278192,599600,321408,29352
30,287980,619585,331605,38680
31,306690,639384,332694,39300
32,326200,658974,332774,39071
33,345689,678570,332881,39182
34,365282,698234,332952,39103
35,384729,717801,333072,39103
36,404272,737413,333141,39105
37,423773,756947,333174,39006
38,443253,776445,333192,38910
39,462673,795909,333236,39058
40,482275,815396,333121,39064
41,501873,834697,332824,38848
42,521428,854145,332717,39045
43,541033,873669,332636,39101
44,560618,893186,332568,38991
45,580101,912579,332478,38953
46,599669,932134,332465,39502
47,619624,951585,331961,39168
48,639349,971217,331868,39253
49,658978,990754,331776,39169
50,678618,1010206,331588,39118
51,698292,1029610,331318,38896
52,717792,1049173,331381,39236
53,737473,1068725,331252,39089
54,757018,1088245,331227,38934
55,776454,1107655,331201,38836
56,795888,1127084,331196,38941
57,815407,1146715,331308,38903
58,834687,1166192,331505,38937
59,854155,1185683,331528,38995
60,873667,1205585,331918,39481
61,893254,1225304,332050,39129
62,912672,1244820,332148,38975
63,932140,1264407,332267,39010
64,951571,1283976,332405,39224
65,971234,1303480,332246,39016
66,990754,1322990,332236,39030
67,1010282,1342403,332121,38800
68,1029676,1361690,332014,38858
69,1049255,1381187,331932,38944
70,1068710,1400793,332083,39118
71,1088230,1420224,331994,38795
72,1107602,1439658,332056,38904
73,1127080,1459119,332039,39039
74,1146666,1478653,331987,39097
75,1166237,1498127,331890,38969
76,1185740,1517709,331969,39400
77,1205574,1537341,331767,39370
78,1225321,1556786,331465,38938
79,1244822,1576321,331499,39104
80,1264399,1595795,331396,39033
81,1283976,1615322,331346,39029
82,1303486,1634911,331425,39077
83,1322982,1654442,331460,38937
84,1342396,1673955,331559,38859
85,1361750,1693488,331738,39007
86,1381232,1712935,331703,38999
87,1400793,1732180,331387,38686
88,1420255,1751656,331401,38920
89,1439707,1771202,331495,38960
90,1459129,1790755,331626,39066
91,1478650,1810679,332029,39409
92,1498143,1830519,332376,39385
93,1517697,1850212,332515,39330
94,1537342,1869789,332447,39005
95,1556778,1889307,332529,39057
96,1576325,1908797,332472,38994
97,1595837,1928386,332549,39082
98,1615338,1947832,332494,39021
99,1634921,1967283,332362,39023
100,1654501,1986887,332386,39045
101,1673950,2006416,332466,39119
102,1693548,2025895,332347,38854
103,1712931,2045379,332448,38736
104,1732190,2064922,332732,39059
105,1751714,2084363,332649,38891
106,1771172,2103859,332687,39082
107,1790766,2123344,332578,39387
108,1810679,2142897,332218,39397
109,1830532,2162406,331874,39247
110,1850278,2181992,331714,39143
111,1869843,2201538,331695,39070
112,1889374,2221027,331653,38975
113,1908867,2240585,331718,39028
114,1928346,2260071,331725,38970
115,1947839,2279599,331760,38962
116,1967281,2299148,331867,39142
117,1986882,2318630,331748,39002
118,2006409,2338198,331789,39119
119,2025967,2357664,331697,38934
120,2045443,2377165,331722,39041
121,2064991,2396723,331732,38963
122,2084404,2417017,332613,39760
123,2103878,2436633,332755,39089
124,2123359,2456273,332914,39211
125,2142937,2475750,332813,38949
126,2162417,2495163,332746,39003
127,2182027,2514585,332558,38988
128,2201601,2534105,332504,39003
129,2221091,2553683,332592,39131
130,2240652,2573224,332572,39025
131,2260143,2592791,332648,39032
132,2279616,2612292,332676,39062
133,2299185,2631854,332669,39013
134,2318644,2651428,332784,39109
135,2338186,2670860,332674,38924
136,2357686,2690132,332446,38734
137,2377156,2709610,332454,39102
138,2396788,2729164,332376,39787
139,2417029,2748603,331574,39030
140,2436627,2768102,331475,39124
141,2456260,2787715,331455,39170
142,2475825,2807158,331333,38781
143,2495171,2826720,331549,39042
144,2514659,2846351,331692,39140
145,2534176,2865879,331703,39027
146,2553683,2885537,331854,39242
147,2573288,2905087,331799,39115
148,2592861,2924589,331728,38991
149,2612357,2943986,331629,38902
150,2631869,2963449,331580,39032
151,2651446,2983009,331563,38971
152,2670864,3002653,331789,38973
153,2690200,3022492,332292,39231
154,2709599,3042163,332564,39250
155,2729186,3061855,332669,39157
156,2748659,3081364,332705,38935
157,2768093,3100850,332757,39093
158,2787745,3120355,332610,38980
159,2807227,3139938,332711,39033
160,2826686,3159587,332901,39358
161,2846403,3179028,332625,38894
162,2865864,3198548,332684,39235
163,2885586,3218157,332571,39118
164,2905104,3237646,332542,38964
165,2924587,3257094,332507,38899
166,2944046,3276599,332553,38952
167,2963501,3296184,332683,39090
168,2983013,3315704,332691,39146
169,3002660,3335003,332343,39123
170,3022491,3354416,331925,39174
171,3042259,3373845,331586,38994
172,3061832,3393436,331604,39129
173,3081377,3413018,331641,39098
174,3100901,3432586,331685,39031
175,3120372,3452098,331726,39119
176,3139987,3471639,331652,39095
177,3159549,3491267,331718,39093
178,3179035,3511050,332015,39366
179,3198626,3530686,332060,39166
180,3218177,3550272,332095,39052
181,3237651,3569871,332220,39083
182,3257142,3589454,332312,38994
183,3276561,3609142,332581,39286
184,3296167,3628898,332731,39291
185,3315709,3648563,332854,38918
186,3334969,3668140,333171,39086
187,3354486,3687756,333270,39024
188,3373901,3707398,333497,39139
189,3393406,3726920,333514,39123
190,3413015,3746456,333441,39187
191,3432674,3765917,333243,38847
192,3452068,3785554,333486,39184
193,3471623,3804942,333319,39007
194,3491250,3824448,333198,39283
195,3511035,3843906,332871,39117
196,3530702,3863415,332713,39068
197,3550268,3882913,332645,39108
198,3569886,3902390,332504,39080
199,3589496,3921929,332433,39247
200,3609212,3941419,332207,39167
201,3628909,3960913,332004,39135
202,3648558,3980382,331824,39059
203,3668156,3999894,331738,39176
204,3687827,4019349,331522,39030
205,3707410,4038840,331430,39047
206,3726974,4058294,331320,38984
207,3746512,4077792,331280,38876
208,3765898,4097274,331376,39206
209,3785630,4116712,331082,38794
210,3804993,4136271,331278,39015
211,3824457,4155795,331338,39009
212,3843950,4175220,331270,38888
213,3863421,4194784,331363,39114
214,3882979,4214683,331704,39324
215,3902411,4234317,331906,39129
216,3921914,4253839,331925,39072
217,3941472,4273338,331866,38997
218,3960978,4292729,331751,38859
219,3980453,4312220,331767,38936
220,3999906,4331738,331832,38939
221,4019334,4351125,331791,38873
222,4038828,4370599,331771,38984
223,4058346,4390234,331888,39132
224,4077851,4409760,331909,38950
225,4097283,4429381,332098,39104
226,4116773,4448897,332124,39018
227,4136283,4468303,332020,38912
228,4155797,4487702,331905,38883
229,4175288,4507150,331862,38947
230,4194794,4526716,331922,39461
231,4214696,4546205,331509,39122
232,4234338,4565697,331359,39045
233,4253912,4585365,331453,39143
234,4273395,4604888,331493,38906
235,4292786,4624434,331648,38960
236,4312208,4643950,331742,39021
237,4331721,4663454,331733,38952
238,4351176,4682972,331796,38908
239,4370587,4702434,331847,39106
240,4390239,4721882,331643,38957
241,4409756,4741442,331686,39239
242,4429442,4760978,331536,38968
243,4448881,4780573,331692,38995
244,4468289,4800067,331778,38917
245,4487720,4820067,332347,39503
246,4507231,4839794,332563,39218
247,4526730,4859354,332624,39012
248,4546190,4878802,332612,38987
249,4565737,4898298,332561,39175
250,4585424,4917788,332364,39013
251,4604955,4937315,332360,39004
252,4624440,4956899,332459,39142
253,4644006,4976373,332367,38890
254,4663429,4995952,332523,39128
255,4683000,5015314,332314,38786
256,4702432,5034764,332332,38858
257,4721848,5054753,332905,39587
258,4741454,5077293,335839,42128
259,4761052,5097258,336206,39491
260,4780586,5116865,336279,39090
261,4800074,5136390,336316,39563
262,4820118,5156317,336199,39603
263,4839801,5176084,336283,39354
264,4859394,5195788,336394,39121
265,4878818,5215598,336780,39324
266,4898339,5235152,336813,39000
267,4917791,5254617,336826,38951
268,4937283,5274022,336739,39026
269,4956911,5293503,336592,38925
270,4976361,5313040,336679,39086
271,4995916,5332570,336654,38979
272,5015371,5352138,336767,38974
273,5034783,5371627,336844,39436
274,5054759,5390750,335991,39266
275,5391557,5450738,59181,68587
276,5400973,5470939,69966,30404
277,5411202,5491139,79937,30210
278,5421242,5511076,89834,29828
279,5431140,5531173,100033,30026
280,5441075,5551357,110282,30155
281,5451052,5571528,120476,30037
282,5460922,5591749,130827,30152
283,5470858,5611752,140894,29836
284,5480695,5631960,151265,30129
285,5490622,5651813,161191,29691
286,5500465,5671973,171508,30094
287,5510404,5691918,181514,29863
288,5520327,5711858,191531,30045
289,5530440,5731742,201302,29799
290,5540359,5751638,211279,29806
291,5550274,5771381,221107,29655
292,5560191,5791401,231210,29928
293,5570104,5811148,241044,29661
294,5580023,5830989,250966,29771
295,5589958,5850943,260985,29883
296,5599892,5870724,270832,29747
297,5609864,5890666,280802,29875
298,5619803,5910586,290783,29846
299,5629734,5930414,300680,29663
300,5639574,5950394,310820,29839
301,5649439,5970350,320911,29785
302,5659274,5990171,330897,29669
303,5669127,6010305,341178,29987
304,5678984,6030369,351385,38071
305,5697005,6050367,353362,39848
306,5716861,6070319,353458,39813
307,5736729,6090128,353399,39728
308,5756655,6110110,353455,39869
309,5776550,6130013,353463,39683
310,5796357,6149882,353525,39775
311,5816290,6169723,353433,39673
312,5836129,6189632,353503,39778
313,5856004,6209603,353599,39792
314,5875832,6229438,353606,39730
315,5895734,6249351,353617,39794
316,5915623,6269312,353689,39825
317,5935493,6289039,353546,39690
318,5955463,6308952,353489,39810
319,5975367,6328691,353324,39712
320,5995347,6348678,353331,39950
321,6015319,6368597,353278,40042
322,6035449,6388456,353007,39756
323,6055353,6408302,352949,39663
324,6075177,6428247,353070,39908
325,6095148,6448168,353020,39786
326,6115021,6468070,353049,39886
327,6135012,6487978,352966,39846
328,6154957,6507711,352754,39580
329,6174811,6527363,352552,39536
330,6194703,6547363,352660,39877
331,6214586,6567042,352456,39600
332,6234514,6587024,352510,39881
333,6254420,6606799,352379,39551
334,6274202,6626864,352662,39891
335,6294035,6646807,352772,39819
336,6313919,6666568,352649,39648
337,6333813,6686415,352602,39723
338,6353696,6706406,352710,39850
339,6373562,6726400,352838,39871
340,6393446,6746102,352656,39636
341,6413388,6766127,352739,39942
342,6433312,6785940,352628,39758
343,6453265,6805781,352516,39657
344,6473089,6825656,352567,39611
345,6492831,6845468,352637,39624
346,6512649,6865424,352775,39790
347,6532490,6885249,352759,39603
348,6552276,6905230,352954,39850
349,6572153,6925157,353004,39738
350,6591971,6944914,352943,39721
351,6611947,6964807,352860,39807
352,6631869,6984690,352821,39682
353,6651675,7004629,352954,39878
354,6671621,7024348,352727,39690
355,6691600,7044256,352656,39780
356,6711479,7064158,352679,39797
357,6731381,7084064,352683,39820
358,6751302,7103969,352667,39715
359,6771120,7123732,352612,39599
360,6790963,7143660,352697,39795
361,6810837,7163460,352623,39642
362,6830686,7183466,352780,39924
363,6850610,7203185,352575,39486
364,6870384,7223656,353272,40383
365,6890303,7243608,353305,39868
366,6910227,7263532,353305,39774
367,6930084,7283316,353232,39584
368,6949892,7303229,353337,39873
369,6969859,7323158,353299,39794
370,6989731,7343051,353320,39761
371,7009606,7362741,353135,39496
372,7029419,7382602,353183,39770
373,7049336,7402590,353254,39813
374,7069167,7422614,353447,39887
375,7089037,7442545,353508,39840
376,7108953,7462585,353632,39908
377,7128829,7482257,353428,39531
378,7148695,7502104,353409,39745
379,7168600,7521928,353328,39681
380,7188464,7541868,353404,39893
381,7208424,7561747,353323,40219
382,7228770,7581670,352900,39818
383,7248672,7601534,352862,39707
384,7268522,7621256,352734,39558
385,7288366,7641163,352797,39739
386,7308204,7661099,352895,39877
387,7328153,7680899,352746,39642
388,7348002,7700826,352824,39723
389,7367806,7720702,352896,39730
390,7387666,7740497,352831,39820
391,7407697,7760469,352772,39901
392,7427634,7780262,352628,39795
393,7447643,7800149,352506,39726
394,7467489,7820356,352867,39936
395,7487225,7840389,353164,39893
396,7507093,7860279,353186,39816
397,7527026,7880326,353300,39855
398,7546840,7900210,353370,39833
399,7566795,7920131,353336,39763
400,7586645,7939955,353310,39614
401,7606441,7959840,353399,39751
402,7626315,7979756,353441,39729
403,7646135,7999661,353526,39825
404,7666062,8019494,353432,39710
405,7685947,8039403,353456,39780
406,7705825,8059272,353447,39696
407,7725660,8078921,353261,39524
408,7745542,8098980,353438,39940
409,7765430,8118603,353173,39526
410,7785340,8138568,353228,39702
411,7805084,8158498,353414,40213
412,7825374,8178401,353027,39904
413,7845382,8198253,352871,39810
414,7865347,8218091,352744,39770
415,7885286,8237972,352686,39856
416,7905269,8257861,352592,39835
417,7925221,8277593,352372,39510
418,7945007,8297584,352577,39822
419,7964845,8317367,352522,39726
420,7984795,8337227,352432,39783
421,8004726,8357038,352312,39632
422,8024555,8376948,352393,39803
423,8044455,8396751,352296,39581
424,8064240,8416660,352420,39741
425,8084078,8436473,352395,39521
426,8103795,8456321,352526,39741
427,8123695,8476254,352559,39830
428,8143599,8496209,352610,39892
429,8163543,8516208,352665,39798
430,8183349,8536034,352685,39718
431,8203248,8555915,352667,39794
432,8223168,8575921,352753,39845
433,8243015,8595915,352900,39798
434,8262827,8615654,352827,39608
435,8282702,8635728,353026,39877
436,8302513,8655593,353080,39583
437,8322239,8675417,353178,39700
438,8342122,8695235,353113,39744
439,8362056,8715214,353158,39844
440,8381928,8735152,353224,39694
441,8401691,8754948,353257,39698
442,8421600,8774797,353197,39753
443,8441510,8794609,353099,39770
444,8461476,8814399,352923,39724
445,8481417,8834435,353018,39925
446,8501312,8854338,353026,39813
447,8521230,8874173,352943,39703
448,8541105,8894067,352962,39829
449,8561047,8914068,353021,39937
450,8580990,8933946,352956,39750
451,8600868,8953851,352983,39817
452,8620786,8973722,352936,39807
453,8640730,8993533,352803,39642
454,8660568,9013524,352956,39847
455,8680431,9033558,353127,39969
456,8700375,9053550,353175,39860
457,8720251,9073319,353068,39683
458,8740172,9093322,353150,39740
459,8759916,9113204,353288,39663
460,8779705,9133094,353389,39750
461,8799572,9152821,353249,39630
462,8819494,9172921,353427,40016
463,8839427,9192620,353193,39547
464,8859282,9212517,353235,39814
465,8879205,9232363,353158,39833
466,8899199,9252202,353003,39693
467,8919060,9271950,352890,39656
468,8938974,9292027,353053,39915
469,8958818,9312070,353252,39953
470,8978735,9331794,353059,39540
471,8998557,9351602,353045,39633
472,9018389,9371340,352951,39840
473,9038498,9391301,352803,39911
474,9058456,9411296,352840,39888
475,9078355,9430987,352632,39690
476,9098361,9450944,352583,39760
477,9118172,9470953,352781,39900
478,9138071,9490757,352686,39718
479,9157993,9510490,352497,39620
480,9177887,9530423,352536,39749
481,9197710,9550474,352764,39884
482,9217550,9570256,352706,39628
483,9237403,9590213,352810,39780
484,9257233,9610033,352800,39759
485,9277179,9630284,353105,40104
486,9297038,9650318,353280,39884
487,9316895,9670510,353615,40087
488,9336798,9690464,353666,39721
489,9356571,9710267,353696,39695
490,9376470,9730218,353748,39802
491,9396328,9750171,353843,39903
492,9416284,9770083,353799,39779
493,9436158,9789815,353657,39651
494,9456085,9809967,353882,39968
495,9475908,9829926,354018,39867
496,9495823,9849667,353844,39498
497,9515587,9869562,353975,39866
498,9535566,9889382,353816,39629
499,9555382,9909284,353902,39913
500,9575400,9929242,353842,39668
501,9595117,9949130,354013,39988
502,9615224,9969039,353815,40025
503,9635348,9988803,353455,39882
504,9655473,10008768,353295,39949
505,9675464,10028602,353138,39802
506,9695439,10048454,353015,39781
507,9715375,10068403,353028,39879
508,9735311,10088294,352983,39698
509,9755125,10107938,352813,39553
510,9775042,10127838,352796,39923
511,9795072,10147759,352687,39869
512,9815028,10167629,352601,39675
513,9834839,10187620,352781,39842
514,9854697,10207436,352739,39610
515,9874498,10227986,353488,40480
516,9894435,10248018,353583,39900
517,9914311,10267941,353630,39813
518,9934208,10287851,353643,39821
519,9954126,10307893,353767,39845
520,9973936,10327868,353932,39904
521,9993872,10347618,353746,39750
522,10013879,10367629,353750,39793
523,10033668,10387288,353620,39563
524,10053579,10407289,353710,39758
525,10073343,10427104,353761,39579
526,10093114,10446949,353835,39659
527,10112936,10467212,354276,40208
528,10132895,10487422,354527,40137
529,10152830,10507365,354535,39850
530,10172745,10527161,354416,39719
531,10192674,10547367,354693,40044
532,10212519,10567312,354793,40407
533,10232988,10587283,354295,39984
534,10253007,10607279,354272,39901
535,10272919,10627197,354278,39955
536,10292964,10647133,354169,39913
537,10312948,10667153,354205,39925
538,10332859,10687255,354396,40006
539,10352770,10707081,354311,39622
540,10372573,10727170,354597,39937
541,10392428,10747123,354695,39765
542,10412247,10766964,354717,39689
543,10432102,10787005,354903,39982
544,10452115,10806272,354157,39842
545,10806803,10850151,43348,52707
546,10816178,10870034,53856,29447
547,10825748,10889849,64101,30010
548,10835967,10909740,73773,29686
549,10845767,10929559,83792,29605
550,10855558,10949464,93906,29673
551,10865331,10969469,104138,29755
552,10875086,10989370,114284,29636
553,10884825,11009221,124396,29579
554,10894557,11028996,134439,29564
555,10904350,11048731,144381,29500
556,10914119,11068360,154241,29403
557,10923898,11088175,164277,29600
558,10933689,11107649,173960,29239
559,10943458,11127278,183820,29476
560,10953311,11146809,193498,29349
561,10963134,11166438,203304,29371
562,10972880,11185845,212965,29159
563,10982636,11205357,222721,29226
564,10992355,11224775,232420,29176
565,11002118,11244247,242129,29223
566,11011875,11263678,251803,29195
567,11021643,11283225,261582,29238
568,11031338,11302825,271487,29277
569,11041019,11322453,281434,29334
570,11050729,11341966,291237,29215
571,11060437,11361514,301077,29237
572,11070132,11380848,310716,29051
573,11079854,11400513,320659,29352
574,11089546,11420030,330484,37653
575,11107689,11439906,332217,39454
576,11127273,11459492,332219,39113
577,11146810,11479088,332278,39275
578,11166498,11498672,332174,38966
579,11185888,11518222,332334,39008
580,11205354,11537783,332429,38998
581,11224811,11557424,332613,39117
582,11244296,11577068,332772,39007
583,11263667,11596759,333092,39286
584,11283269,11616326,333057,39107
585,11302817,11636042,333225,39385
586,11322494,11655546,333052,39010
587,11342008,11675032,333024,39033
588,11361562,11694620,333058,38934
589,11380915,11714210,333295,39227
590,11400559,11733617,333058,38917
591,11420076,11753223,333147,39377
592,11439860,11772848,332988,39264
593,11459507,11792368,332861,39050
594,11479045,11811842,332797,39105
595,11498684,11831369,332685,39071
596,11518236,11850962,332726,39119
597,11537769,11870456,332687,39162
598,11557445,11889985,332540,39152
599,11577075,11909441,332366,39145
600,11596771,11928999,332228,39107
601,11616328,11948576,332248,39287
602,11636045,11968153,332108,39088
603,11655564,11987538,331974,38898
604,11675085,12007055,331970,39031
605,11694607,12026564,331957,39102
606,11714208,12046803,332595,39639
607,11733616,12066626,333010,39434
608,11753235,12086120,332885,39089
609,11772837,12105736,332899,39152
610,11792381,12125362,332981,39043
611,11811805,12144998,333193,39241
612,11831431,12164706,333275,39258
613,11851001,12184349,333348,39089
614,11870472,12203915,333443,39035
615,11889949,12223455,333506,39038
616,11909487,12243001,333514,39061
617,11929009,12262448,333439,38992
618,11948561,12282137,333576,39293
619,11968172,12301627,333455,38890
620,11987580,12321079,333499,38900
621,12007035,12340535,333500,38990
622,12026577,12360037,333460,39779
623,12046878,12379617,332739,39318
624,12066624,12399051,332427,38922
625,12086120,12418606,332486,39173
626,12105746,12438167,332421,39153
627,12125345,12457692,332347,39179
628,12145007,12477203,332196,39224
629,12164728,12496759,332031,39224
630,12184403,12516494,332091,39225
631,12203900,12535878,331978,38947
632,12223471,12555461,331990,39106
633,12243002,12575045,332043,39033
634,12262459,12594649,332190,39244
635,12282107,12614268,332161,39140
636,12301636,12634002,332366,39178
637,12321088,12653793,332705,39223
638,12340529,12673545,333016,39299
639,12360084,12693185,333101,39163
640,12379615,12712791,333176,39053
641,12399070,12732226,333156,39016
642,12418659,12752059,333400,39326
643,12438160,12771765,333605,39225
644,12457687,12791464,333777,39278
645,12477273,12811319,334046,39343
646,12496769,12831066,334297,39481
647,12516510,12850494,333984,38851
648,12535940,12870031,334091,39065
649,12555476,12889731,334255,39319
650,12575102,12909403,334301,39197
651,12594635,12928916,334281,39157
652,12614286,12948417,334131,39167
653,12633962,12967853,333891,39300
654,12653833,12987404,333571,39255
655,12673545,13006921,333376,39203
656,12693239,13026445,333206,39086
657,12712808,13045962,333154,38968
658,12732267,13065386,333119,39213
659,12752063,13084921,332858,39236
660,12771771,13104468,332697,39272
661,12791504,13124035,332531,39370
662,12811315,13143692,332377,39359
663,12831025,13163150,332125,38925
664,12850500,13182631,332131,39008
665,12870035,13202158,332123,39222
666,12889737,13221647,331910,39229
667,12909485,13241584,332099,39366
668,12928922,13261179,332257,39070
669,12948405,13280728,332323,39010
670,12967873,13300215,332342,39026
671,12987420,13319788,332368,39081
672,13006935,13339265,332330,39002
673,13026481,13358697,332216,38956
674,13046012,13378363,332351,39041
675,13065394,13398097,332703,39264
676,13084932,13417821,332889,39261
677,13104477,13437435,332958,39182
678,13124052,13456880,332828,39066
679,13143681,13476463,332782,39060
680,13163166,13495814,332648,38810
681,13182633,13515356,332723,39059
682,13202158,13534911,332753,39024
683,13221634,13554409,332775,39335
684,13241479,13573777,332298,39065
685,13261184,13593398,332214,39162
686,13280733,13612959,332226,39087
687,13300266,13632556,332290,39081
688,13319758,13651989,332231,38949
689,13339282,13671604,332322,39031
690,13358705,13691024,332319,39061
691,13378354,13710475,332121,39136
692,13398047,13730016,331969,39367
693,13417880,13749521,331641,39022
694,13437405,13769153,331748,39117
695,13456898,13788602,331704,38975
696,13476431,13808157,331726,38988
697,13495871,13827676,331805,38952
698,13515312,13847815,332503,39745
699,13534926,13867472,332546,39145
700,13554421,13887062,332641,38958
701,13573797,13906603,332806,39145
702,13593409,13926264,332855,39202
703,13612958,13945956,332998,39289
704,13632563,13965538,332975,39019
705,13652008,13985266,333258,39274
706,13671562,14004903,333341,39113
707,13691046,14024587,333541,39110
708,13710479,14044104,333625,39068
709,13730038,14063479,333441,38842
710,13749513,14083103,333590,39221
711,13769118,14102616,333498,38958
712,13788570,14122177,333607,39111
713,13808128,14141666,333538,39014
714,13827661,14161206,333545,39649
715,13847777,14180578,332801,39075
716,13867488,14200026,332538,39033
717,13887080,14219562,332482,39037
718,13906589,14239002,332413,39076
719,13926233,14258641,332408,39368
720,13945969,14278289,332320,39271
721,13965600,14297895,332295,39273
722,13985275,14317484,332209,39233
723,14004940,14336907,331967,39073
724,14024598,14356368,331770,38980
725,14044124,14375767,331643,38727
726,14063460,14395443,331983,39273
727,14083065,14415185,332120,39327
728,14102658,14434870,332212,39194
729,14122176,14455060,332884,39670
730,14141667,14474726,333059,39194
731,14161204,14494375,333171,39070
732,14180633,14513910,333277,38881
733,14199987,14533492,333505,39161
734,14219573,14553102,333529,39016
735,14238987,14572742,333755,39266
736,14258620,14592221,333601,39154
737,14278303,14611896,333593,39259
738,14297894,14631521,333627,39258
739,14317535,14651097,333562,38984
740,14336951,14670549,333598,38906
741,14356413,14689998,333585,38840
742,14375812,14709509,333697,39142
743,14395451,14729004,333553,39240
744,14415204,14748529,333325,39227
745,14434914,14767998,333084,39568
746,14455021,14787499,332478,39190
747,14474717,14806961,332244,39096
748,14494359,14826542,332183,39137
749,14513923,14846025,332102,39046
750,14533494,14865441,331947,39026
751,14553111,14884943,331832,39138
752,14572754,14904456,331702,39010
753,14592271,14924015,331744,39162
754,14611881,14943503,331622,39122
755,14631523,14962818,331295,38888
756,14651103,14982448,331345,39118
757,14670598,15002027,331429,39032
758,14690058,15021483,331425,38944
759,14709553,15041326,331773,39350
760,14729067,15061021,331954,39192
761,14748573,15080534,331961,38950
762,14768018,15100147,332129,39114
763,14787527,15119599,332072,38848
764,14806931,15139084,332153,39103
765,14826556,15158644,332088,38977
766,14845992,15178247,332255,39050
767,14865447,15197696,332249,38908
768,14884932,15217234,332302,39073
769,14904475,15236617,332142,38917
770,14924017,15256178,332161,39007
771,14943470,15275764,332294,38986
772,14962877,15295160,332283,38968
773,14982457,15314708,332251,39108
774,15002025,15334262,332237,39005
775,15021484,15353698,332214,39220
776,15041275,15373350,332075,39406
777,15061037,15393018,331981,39212
778,15080588,15412476,331888,39013
779,15100151,15432036,331885,39002
780,15119614,15451645,332031,39081
781,15139094,15471119,332025,39058
782,15158685,15490796,332111,39241
783,15178256,15510391,332135,39020
784,15197688,15530072,332384,39181
785,15217196,15549672,332476,39030
786,15236633,15569185,332552,39063
787,15256191,15588574,332383,38964
788,15275774,15608017,332243,38865
789,15295203,15627643,332440,39118
790,15314702,15647428,332726,39334
791,15334258,15667128,332870,39152
792,15353718,15686649,332931,39140
793,15373345,15706208,332863,39233
794,15393026,15725696,332670,38916
795,15412461,15745445,332984,39332
796,15432051,15764951,332900,39111
797,15451663,15784576,332913,39129
798,15471175,15804237,333062,39338
799,15490859,15823860,333001,39134
800,15510378,15843368,332990,39187
801,15530065,15862874,332809,39125
802,15549692,15882410,332718,39025
803,15569189,15902001,332812,38978
804,15588583,15921553,332970,39032
805,15608071,15941035,332964,39033
806,15627630,15960509,332879,39255
807,15647418,15979931,332513,39087
808,15667091,15999319,332228,38936
809,15686647,16018880,332233,39120
810,15706214,16038438,332224,39030
811,15725693,16058011,332318,39317
812,15745445,16077588,332143,39083
813,15764959,16097091,332132,39171
814,15784635,16116631,331996,39152
815,15804255,16136141,331886,39124
816,15823876,16155749,331873,39111
817,15843387,16175196,331809,38932
818,15862879,16194619,331740,38956
819,15882420,16214205,331785,39172
820,15902014,16233584,331570,38912
821,15921555,16253602,332047,39494
822,15941039,16273180,332141,39086
823,15960554,16292650,332096,38827
824,15979919,16312065,332146,38857
825,15999369,16331709,332340,39162
826,16018895,16351412,332517,39226
827,16038426,16370737,332311,38857
828,16057966,16390256,332290,39118
829,16077573,16409867,332294,39125
830,16097095,16429628,332533,39278
831,16116633,16449120,332487,39010
832,16136159,16468617,332458,39078
833,16155761,16488219,332458,39041
834,16175208,16507748,332540,38941
835,16194628,16527346,332718,39128
836,16214166,16546803,332637,38869
837,16233586,16566400,332814,39621
838,16253618,16585977,332359,39174
839,16273235,16605557,332322,38981
840,16292644,16625034,332390,38954
841,16312129,16644578,332449,39078
842,16331670,16664049,332379,39196
843,16351403,16683530,332127,38829
844,16370758,16702991,332233,38963
845,16390268,16722454,332186,39035
846,16409848,16742003,332155,39308
847,16429615,16761478,331863,38950
848,16449098,16780981,331883,39026
849,16468629,16800559,331930,39173
850,16488232,16820010,331778,38923
851,16507712,16839708,331996,39333
852,16527355,16859804,332449,39537
853,16546805,16879346,332541,39114
854,16566385,16898906,332521,39196
855,16586029,16918442,332413,39113
856,16605613,16938081,332468,39018
857,16625000,16957647,332647,39135
858,16644577,16977178,332601,38954
859,16664008,16996850,332842,39196
860,16683540,17016425,332885,39028
861,16703001,17036096,333095,39121
862,16722459,17055680,333221,39122
863,16742004,17075120,333116,38921
864,16761493,17094615,333122,38974
865,16780980,17114181,333201,39139
866,16800560,17133730,333170,38960
867,16819979,17153327,333348,39308
868,16839698,17172801,333103,39573
869,16859805,17192386,332581,39124
870,16879352,17211749,332397,38927
871,16898924,17231194,332270,39000
872,16918486,17250658,332172,39056
873,16938086,17270285,332199,39170
874,16957636,17289823,332187,39068
875,16977174,17309295,332121,39152
876,16996862,17328842,331980,39133
877,17016455,17348382,331927,39229
878,17036151,17367947,331796,39103
879,17055696,17387342,331646,38830
880,17075139,17406901,331762,39037
881,17094625,17426571,331946,39238
882,17114200,17446661,332461,39620
883,17133738,17466479,332741,39418
884,17153347,17486096,332749,39025
885,17172762,17505714,332952,39254
886,17192406,17525382,332976,39003
887,17211749,17545060,333311,39169
888,17231248,17564735,333487,39060
889,17250641,17584283,333642,39183
890,17270284,17603941,333657,39194
891,17289828,17623566,333738,39107
892,17309318,17642968,333650,38939
893,17328862,17662600,333738,39159
894,17348397,17682212,333815,39166
895,17367959,17701819,333860,38988
896,17387348,17721484,334136,39247
897,17406938,17740961,334023,39143
898,17426611,17760523,333912,39560
899,17446617,17780123,333506,39467
900,17466492,17799571,333079,39063
901,17486115,17819029,332914,39058
902,17505735,17838615,332880,39221
903,17525378,17858147,332769,39185
904,17545039,17877758,332719,39302
905,17564736,17897383,332647,39122
906,17584241,17916806,332565,39104
907,17603930,17936280,332350,39149
908,17623612,17955736,332124,38862
909,17643025,17975301,332276,39179
910,17662648,17994896,332248,39159
911,17682220,18014529,332309,39205
912,17701799,18034109,332310,39218
913,17721445,18053925,332480,39338
914,17740975,18073622,332647,39200
915,17760487,18093262,332775,39233
916,17780088,18112818,332730,39014
917,17799554,18132376,332822,39014
918,17819029,18152009,332980,39234
919,17838651,18171585,332934,39074
920,17858166,18191172,333006,39181
921,17877768,18210740,332972,39187
922,17897395,18230463,333068,39140
923,17916820,18250093,333273,39127
924,17936324,18269488,333164,38849
925,17955786,18289011,333225,39035
926,17975305,18308410,333105,38927
927,17994854,18327890,333036,39114
928,18014496,18347484,332988,39198
929,18034108,18367057,332949,39417
930,18053960,18386547,332587,39159
931,18073637,18405934,332297,39006
932,18093264,18425434,332170,39063
933,18112835,18445008,332173,39126
934,18132394,18464535,332141,39104
935,18151978,18484075,332097,39148
936,18171594,18503533,331939,39045
937,18191188,18522984,331796,38961
938,18210706,18542600,331894,39383
939,18230481,18562111,331630,39106
940,18250085,18581523,331438,38817
941,18269497,18601286,331789,39253
942,18288995,18620805,331810,38970
943,18308453,18640343,331890,38977
944,18327900,18660682,332782,39935
945,18347503,18680314,332811,39178
946,18367056,18699819,332763,39011
947,18386583,18719258,332675,38793
948,18405945,18738977,333032,39201
949,18425435,18758597,333162,39190
950,18445013,18778321,333308,39248
951,18464545,18797892,333347,39058
952,18484040,18817538,333498,39134
953,18503548,18837241,333693,39149
954,18523001,18856728,333727,39084
955,18542605,18876224,333619,39009
956,18562126,18895726,333600,38949
957,18581581,18915211,333630,39178
958,18601282,18934774,333492,39123
959,18620850,18954392,333542,39114
960,18640354,18973798,333444,39722
961,18660677,18993245,332568,39143
962,18680381,19012694,332313,38895
963,18699835,19032197,332362,38934
964,18719273,19051751,332478,39216
965,18738943,19071262,332319,39217
966,18758657,19090631,331974,39037
967,18778332,19110245,331913,39148
968,18797873,19129755,331882,39133
969,18817503,19149257,331754,39214
970,18837222,19168797,331575,39047
971,18856737,19188346,331609,39041
972,18876237,19207697,331460,38849
973,18895742,19227156,331414,38963
974,18915254,19246712,331458,39066
975,18934771,19266626,331855,39571
976,18954436,19286265,331829,39040
977,18973844,19305942,332098,39091
978,18993266,19325493,332227,38986
979,19012709,19345230,332521,39240
980,19032233,19364885,332652,39187
981,19051773,19384423,332650,39029
982,19071271,19404056,332785,38988
983,19090647,19423786,333139,39322
984,19110246,19443291,333045,38997
985,19129746,19462596,332850,38775
986,19149223,19481949,332726,38982
987,19168859,19501157,332298,38716
988,19188375,19520464,332089,38611
989,19207687,19539763,332076,38790
990,19227198,19559077,331879,38814
991,19246705,19578291,331586,39095
992,19266593,19597600,331007,38937
993,19286228,19616847,330619,38966
994,19305955,19636220,330265,38921
995,19325511,19655392,329881,38847
996,19345194,19674592,329398,38887
997,19364889,19693761,328872,38680
998,19384407,19712937,328530,38829
999,19404068,19732080,328012,38814
1000,19423747,19751214,327467,38646
