step,start,end,latency,execution
1,0,94591,94591,109814
2,15354,165026,149672,85487
3,30426,236393,205967,83035
4,42098,279668,237570,54802
5,53629,310783,257154,42665
6,65182,351597,286415,52272
7,76642,392418,315776,54172
8,89996,432983,342987,51992
9,101426,473440,372014,52299
10,113272,514235,400963,52398
11,124879,554967,430088,52327
12,136478,595643,459165,50322
13,146126,637278,491152,53236
14,157731,678091,520360,50450
15,167372,718736,551364,52243
16,178974,759506,580532,50410
17,188618,800094,611476,50223
18,198256,840954,642698,50504
19,207903,881650,673747,50228
20,217438,922400,704962,63742
21,240433,963109,722676,50192
22,249919,1003673,753754,55774
23,265133,1044462,779329,81121
24,305469,1085036,779567,71216
25,336115,1125342,789227,70919
26,366732,1165812,799080,71112
27,397378,1206709,809331,71540
28,428025,1247685,819660,71618
29,458675,1288362,829687,71320
30,489322,1328855,839533,71151
31,519984,1369273,849289,71020
32,550589,1409716,859127,71104
33,581254,1450187,868933,71841
34,612628,1490633,878005,71328
35,643513,1531213,887700,71251
36,674187,1571584,897397,71002
37,704821,1612039,907218,71134
38,735503,1652481,916978,71044
39,766107,1692938,926831,71087
40,796741,1733497,936756,71152
41,827338,1774096,946758,71229
42,857972,1815275,957303,71843
43,888640,1856275,967635,71601
44,919244,1896799,977555,71150
45,949874,1937361,987487,72840
46,982156,1977866,995710,81203
47,1022857,2018259,995402,81011
48,1063479,2058737,995258,81141
49,1104147,2099235,995088,80801
50,1144453,2140680,996227,81857
51,1184869,2181188,996319,81729
52,1226096,2221559,995463,81048
53,1266777,2262180,995403,81296
54,1307457,2302422,994965,80700
55,1347920,2342929,995009,80893
56,1388311,2383387,995076,80910
57,1428766,2424640,995874,81720
58,1469236,2465236,996000,81124
59,1509769,2505744,995975,80968
60,1550233,2546062,995829,80757
61,1590675,2586661,995986,80969
62,1631048,2627144,996096,81000
63,1671569,2667516,995947,80886
64,1712088,2708149,996061,81238
65,1752697,2748574,995877,80990
66,1793266,2789144,995878,81984
67,1834684,2829606,994922,81084
68,1875309,2870156,994847,81169
69,1915932,2910754,994822,81053
70,1956390,2951198,994808,80953
71,1996903,2991676,994773,80894
72,2037322,3032947,995625,81804
73,2077858,3073523,995665,81314
74,2118604,3113870,995266,81474
75,2159734,3154311,994577,81024
76,2200321,3194854,994533,80875
77,2240658,3235486,994828,81227
78,2281256,3275687,994431,80415
79,2321475,3316023,994548,80801
80,2361949,3356559,994610,81427
81,2402845,3396979,994134,81493
82,2443923,3437431,993508,80801
83,2484276,3478030,993754,81117
84,2524798,3518463,993665,80735
85,2565104,3558859,993755,80995
86,2605708,3599237,993529,80901
87,2646236,3640415,994179,81570
88,2686632,3680824,994192,80950
89,2727177,3721255,994078,80927
90,2767677,3761855,994178,81143
91,2808224,3802338,994114,80889
92,2848634,3842734,994100,80932
93,2889174,3883249,994075,81151
94,2929814,3923816,994002,81005
95,2970256,3964239,993983,81329
96,3011166,4004674,993508,81309
97,3052044,4045068,993024,80911
98,3092566,4085573,993007,80906
99,3132971,4126354,993383,81195
100,3173389,4167038,993649,81214
101,3213922,4207804,993882,81325
102,3254484,4248675,994191,81169
103,3294786,4289184,994398,80839
104,3335120,4329490,994370,80772
105,3375591,4369978,994387,81007
106,3416115,4410390,994275,80790
107,3456497,4450913,994416,81123
108,3497101,4491327,994226,80853
109,3537543,4531779,994236,80898
110,3577992,4572412,994420,81537
111,3618900,4612994,994094,81181
112,3659502,4653501,993999,80962
113,3699961,4693876,993915,80832
114,3740423,4734390,993967,81034
115,3780948,4774942,993994,80992
116,3821392,4815817,994425,81359
117,3861880,4856573,994693,81209
118,3902336,4896798,994462,80742
119,3942858,4937212,994354,80860
120,3983308,4977723,994415,80921
121,4023722,5018032,994310,80774
122,4064191,5058482,994291,80976
123,4104720,5098674,993954,81041
124,4145573,5139178,993605,81036
125,4186109,5179850,993741,81666
126,4227107,5233969,1006862,94744
127,4267735,5274902,1007167,81444
128,4308250,5338997,1030747,104421
129,4348581,5369902,1021321,71372
130,4389053,5412850,1023797,83306
131,4429416,5455759,1026343,83502
132,4470022,5498247,1028225,82842
133,4510380,5540951,1030571,83146
134,4550826,5583555,1032729,83257
135,4591482,5626115,1034633,83159
136,4632085,5666639,1034554,80976
137,4672540,5707256,1034716,81006
138,4712933,5747994,1035061,81264
139,4753463,5788831,1035368,81412
140,4794042,5829586,1035544,81820
141,4835110,5870121,1035011,81048
142,4875627,5910828,1035201,80938
143,4915862,5951543,1035681,81122
144,4956273,5992070,1035797,81039
145,4996789,6033607,1036818,81871
146,5037126,6074458,1037332,81267
147,5077546,6115181,1037635,80969
148,5117796,6155837,1038041,81125
149,5158268,6196498,1038230,81387
150,5211375,6237363,1025988,104299
151,6238323,6363462,125139,134714
152,6247933,6383750,135817,30237
153,6257913,6443729,185816,89812
154,6287749,6464270,176521,44163
155,6311375,6524144,212769,76877
156,6328382,6545136,216754,51981
157,6359402,6604589,245187,88901
158,6388867,6619353,230486,45268
159,6419375,6685061,265686,97707
160,6451378,6704525,253147,47457
161,6479375,6765394,286019,89659
162,6508169,6784482,276313,50290
163,6539375,6847067,307692,90734
164,6567527,6865740,298213,50517
165,6599375,6916460,317085,80334
166,6628993,6946103,317110,60021
167,6659375,6997746,338371,79408
168,6687144,7019199,332055,49680
169,6715375,7077360,361985,90159
170,6747377,7107140,359763,57774
171,6775375,7158287,382912,83145
172,6807377,7187373,379996,57080
173,6835375,7239334,403959,83960
174,6867377,7257943,390566,46603
175,6895375,7318402,423027,89708
176,6924627,7338146,413519,50489
177,6955374,7399284,443910,89751
178,6983991,7416929,432938,45090
179,7011440,7480116,468676,95121
180,7043377,7500224,456847,52102
181,7075375,7559631,484256,86710
182,7102682,7580114,477432,49172
183,7131375,7630001,498626,81885
184,7163377,7659798,496421,57792
185,7191375,7711846,520471,84078
186,7223411,7741574,518163,57688
187,7251375,7794024,542649,84448
188,7283377,7821551,538174,55521
189,7311375,7874526,563151,84973
190,7343377,7894706,551329,40174
191,7363375,7950183,586808,86114
192,7394015,7979850,585835,67023
193,7431374,8030282,598908,78727
194,7459673,8060022,600349,61439
195,7491374,8111032,619658,78608
196,7518975,8140822,621847,58186
197,7547375,8192118,644743,83295
198,7579377,8220921,641544,56797
199,7607375,8272616,665241,83693
200,7639377,8290923,651546,38301
201,7659375,8350970,691595,90681
202,7690013,8370666,680653,57055
203,7727375,8432839,705464,91126
204,7756331,8452787,696456,50988
205,7787375,8511521,724146,87380
206,7816026,8541192,725166,50202
207,7836561,8591884,755323,60239
208,7846111,8612629,766518,70663
209,7896033,8672270,776237,69162
210,7905557,8693445,787888,32599
211,7916984,8747007,830023,63045
212,7926470,8766859,840389,69723
213,7976345,8822320,845975,64944
214,7985831,8831988,846157,21091
215,7997258,8891650,894392,101066
216,8038666,8901270,862604,27539
217,8056588,8960900,904312,69157
218,8066117,8970521,904404,21045
219,8077544,9029182,951638,68144
220,8087030,9048906,961876,69659
221,8136968,9109420,972452,70025
222,8146482,9119078,972596,21081
223,8157908,9199000,1041092,89423
224,8167411,9208746,1041335,59583
225,8217251,9294959,1077708,95719
226,8226761,9314723,1087962,31185
227,8238186,9406962,1168776,101752
228,8247702,9416657,1168955,59505
229,8297516,9481476,1183960,74299
230,8306999,9511056,1204057,41003
231,8318425,9560531,1242106,58987
232,8327941,9590165,1262224,79446
233,8377756,9640415,1262659,59733
234,8387242,9670054,1282812,41061
235,8398667,9719694,1321027,59228
236,8408260,9729357,1321097,60098
237,8458698,9798815,1340117,78978
238,8468222,9828621,1360399,39290
239,8477710,9881044,1403334,61901
240,8487191,9910784,1423593,77636
241,8535091,9967075,1431984,67716
242,8546520,9976750,1430230,19184
243,8556033,10028205,1472172,99378
244,8603960,10037858,1433898,21102
245,8615413,10107204,1491791,78838
246,8624908,10140881,1515973,43155
247,8634389,10169444,1535055,38067
248,8643896,10195063,1551167,66304
249,8684584,10235829,1551245,59369
250,8703190,10257563,1554373,31246
251,8712705,10317495,1604790,129530
252,8782307,10336830,1554523,40844
253,8803818,10391109,1587291,84145
254,8833688,10405985,1572297,37936
255,8856751,10460485,1603734,101103
256,8903356,10475368,1572012,24395
257,8912871,10529048,1616177,113285
258,8972480,10544688,1572208,25154
259,8981997,10598826,1616829,128581
260,9056444,10614013,1557569,24702
261,9065962,10668180,1602218,119003
262,9130801,10683277,1552476,48613
263,9164319,10736982,1572663,115850
264,9226467,10752533,1526066,25064
265,9235983,10806840,1570857,142152
266,9323832,10822310,1498478,24989
267,9333355,10876908,1543553,143244
268,9422005,10891865,1469860,24468
269,9431520,10946306,1514786,139451
270,9516533,10961129,1444596,24304
271,9526017,11015634,1489617,122110
272,9593626,11030422,1436796,24270
273,9603111,11081272,1478161,122039
274,9674304,11099712,1425408,27953
275,9683820,11151632,1467812,122747
276,9754650,11169058,1414408,26939
277,9764166,11221997,1457831,114685
278,9825916,11238386,1412470,25882
279,9835413,11292364,1456951,125793
280,9907231,11307652,1400421,24833
281,9916780,11362237,1445457,126364
282,9988562,11376907,1388345,24154
283,9998049,11431288,1433239,122297
284,10065969,11446132,1380163,24394
285,10075522,11500800,1425278,120486
286,10141344,11510709,1369365,19397
287,10150836,11594962,1444126,131724
288,10198311,11616612,1418301,62046
289,10238711,11690981,1452270,93946
290,10258291,11712691,1454400,31259
291,10267845,11738954,1471109,90228
292,10331813,11764652,1432839,35176
293,10341295,11818069,1476774,114999
294,10402880,11843722,1440842,45403
295,10422633,11894922,1472289,99473
296,10470910,11913821,1442911,38649
297,10490664,11985034,1494370,120097
298,10539552,12014643,1475091,39096
299,10549041,12065112,1516071,110712
300,10609288,12090771,1481483,45195
301,10628827,12123009,1494182,82290
302,10678883,12148508,1469625,45240
303,10698635,12181054,1482419,81316
304,10747409,12214665,1467256,53344
305,10767146,12245055,1477909,80986
306,10817747,12274702,1456955,49414
307,10837518,12294975,1457457,70420
308,10887668,12316639,1428971,42166
309,10908174,12354999,1446825,89046
310,10958900,12376667,1417767,41425
311,10978661,12415019,1436358,82540
312,11022853,12436716,1413863,41234
313,11042393,12474927,1432534,90670
314,11094855,12500581,1405726,35164
315,11104369,12533059,1428690,92356
316,11164251,12558746,1394495,45218
317,11183786,12581610,1397824,72645
318,11233571,12607300,1373729,36344
319,11244231,12632011,1387780,83315
320,11302838,12657698,1354860,45221
321,11322375,12680482,1358107,73025
322,11372620,12706553,1333933,37472
323,11384027,12731523,1347496,83810
324,11442876,12757241,1314365,45464
325,11462628,12782036,1319408,77134
326,11514971,12807721,1292750,35957
327,11551374,12832558,1281184,96262
328,11622803,12842217,1219414,19177
329,12842970,12942346,99376,108923
330,12852523,13002126,149603,69909
331,12862668,13065651,202983,73439
332,12872593,13126732,254139,85361
333,12896878,13177958,281080,70900
334,12916557,13218773,302216,60511
335,12936257,13259408,323151,60365
336,12955990,13300120,344130,60408
337,12975688,13341665,365977,71289
338,13005437,13382295,376858,60196
339,13025007,13423058,398051,58115
340,13042362,13463657,421295,50113
341,13051880,13504215,452335,60067
342,13071393,13545010,473617,60330
343,13090932,13585619,494687,60146
344,13110473,13626201,515728,60119
345,13130014,13666615,536601,59951
346,13149555,13706975,557420,54864
347,13164063,13747484,583421,71113
348,13194669,13787955,593286,51901
349,13206103,13828455,622352,71172
350,13236778,13869044,632266,67182
351,13263375,13909972,646597,56357
352,13278808,13950908,672100,50442
353,13288324,13991561,703237,65251
354,13312930,14032300,719370,57035
355,13329230,14073105,743875,63707
356,13352135,14113827,761692,58024
357,13369440,14154415,784975,62780
358,13391636,14195019,803383,58567
359,13409602,14235846,826244,66257
360,13435036,14276318,841282,55156
361,13449723,14316736,867013,65229
362,13474538,14357056,882518,55618
363,13489839,14397534,907695,64739
364,13514104,14437938,923834,56267
365,13529970,14478467,948497,64032
366,13553475,14519627,966152,57769
367,13570088,14560531,990443,75570
368,13604758,14601175,996417,81147
369,13645265,14641963,996698,81184
370,13685666,14682610,996944,81014
371,13726037,14723248,997211,81091
372,13766494,14763776,997282,81062
373,13807033,14804424,997391,81126
374,13847515,14844959,997444,81143
375,13888128,14885566,997438,81882
376,13929407,14925885,996478,80945
377,13970037,14966404,996367,81038
378,14010560,15007035,996475,81553
379,14051485,15047550,996065,81333
380,14092306,15088157,995851,81231
381,14132935,15129570,996635,81994
382,14173520,15170108,996588,81080
383,14214066,15210744,996678,81456
384,14254889,15251216,996327,80969
385,14295404,15291678,996274,80891
386,14335836,15332103,996267,80719
387,14376135,15372522,996387,80909
388,14416628,15412964,996336,80898
389,14457088,15453494,996406,80929
390,14497491,15493944,996453,81872
391,14538917,15534400,995483,81236
392,14579701,15574972,995271,81211
393,14620344,15615575,995231,81327
394,14661072,15655994,994922,81010
395,14701668,15696572,994904,81232
396,14742325,15737598,995273,81492
397,14782795,15778472,995677,81542
398,14823466,15818963,995497,81032
399,14864010,15859728,995718,81378
400,14904627,15900382,995755,80989
401,14944967,15940824,995857,80972
402,14985500,15981338,995838,81088
403,15026079,16021942,995863,81124
404,15066603,16062381,995778,81527
405,15107694,16102950,995256,81593
406,15148722,16143462,994740,81119
407,15189333,16184066,994733,81150
408,15229884,16224705,994821,81079
409,15270328,16265042,994714,80680
410,15310675,16305559,994884,81002
411,15351165,16346835,995670,81736
412,15391630,16387559,995929,81081
413,15431992,16428190,996198,81276
414,15472641,16468754,996113,80942
415,15513022,16509139,996117,80820
416,15553460,16549534,996074,80963
417,15594031,16590083,996052,81159
418,15634645,16630539,995894,80813
419,15675006,16671005,995999,81295
420,15715839,16711357,995518,81414
421,15756905,16751811,994906,81084
422,15797538,16792270,994732,81017
423,15838101,16832794,994693,81200
424,15878781,16873198,994417,81066
425,15919447,16914238,994791,81487
426,15959898,16955079,995181,81292
427,16000355,16995353,994998,80971
428,16041056,17035931,994875,81019
429,16081502,17076630,995128,81260
430,16122066,17117163,995097,80999
431,16162536,17157682,995146,81097
432,16203118,17197966,994848,80909
433,16243748,17238481,994733,80833
434,16284071,17279050,994979,81721
435,16325227,17319666,994439,81407
436,16366023,17359952,993929,80850
437,16406591,17400300,993709,81030
438,16447276,17440965,993689,81251
439,16487867,17481492,993625,80941
440,16528286,17522683,994397,81501
441,16568599,17563463,994864,81352
442,16609174,17603910,994736,80863
443,16649595,17644407,994812,80999
444,16690101,17684859,994758,80832
445,16730486,17725382,994896,80862
446,16770829,17765870,995041,80926
447,16811271,17806296,995025,81051
448,16851900,17846889,994989,80968
449,16892279,17887254,994975,81719
450,16933637,17927722,994085,80965
451,16974138,17968242,994104,80859
452,17014481,18008700,994219,81087
453,17055114,18049207,994093,81211
454,17095822,18089637,993815,80857
455,17136254,18130818,994564,81655
456,17176732,18171492,994760,80959
457,17217022,18212026,995004,81087
458,17257579,18252321,994742,80856
459,17298144,18292740,994596,80942
460,17338670,18333073,994403,80658
461,17378999,18373544,994545,80811
462,17419366,18414116,994750,81216
463,17460014,18454524,994510,80949
464,17500558,18494940,994382,81815
465,17541961,18535515,993554,81163
466,17582552,18575990,993438,80958
467,17623039,18616429,993390,80936
468,17663540,18656792,993252,80766
469,17703948,18697210,993262,81002
470,17744536,18738432,993896,81630
471,17784948,18778911,993963,80864
472,17825337,18819299,993962,80974
473,17865927,18859919,993992,81040
474,17906350,18900610,994260,81138
475,17946802,18941102,994300,80961
476,17987274,18981551,994277,80921
477,18027749,19022116,994367,81105
478,18068293,19062881,994588,81180
479,18108712,19103487,994775,81871
480,18149981,19144075,994094,81175
481,18190573,19184574,994001,81038
482,18231115,19225148,994033,80833
483,18271378,19265561,994183,80849
484,18311818,19305981,994163,80760
485,18352162,19347145,994983,81618
486,18392620,19387609,994989,81025
487,18433185,19428084,994899,80867
488,18473580,19468422,994842,80731
489,18513977,19508851,994874,80979
490,18554530,19549212,994682,80872
491,18595045,19589555,994510,80766
492,18635472,19629808,994336,80705
493,18675928,19670329,994401,81334
494,18716745,19710860,994115,81409
495,18757626,19751314,993688,80859
496,18798035,19791847,993812,80943
497,18838449,19832324,993875,80964
498,18878940,19872938,993998,81392
499,18919722,19913640,993918,81110
500,18960134,19954980,994846,81802
501,19000618,19995465,994847,81169
502,19041305,20036054,994749,81321
503,19082041,20076919,994878,81441
504,19122620,20117669,995049,81261
505,19163136,20158025,994889,80890
506,19203674,20198466,994792,80960
507,19244197,20238871,994674,80892
508,19284688,20279393,994705,81453
509,19325623,20319915,994292,81114
510,19366218,20360442,994224,80969
511,19406663,20400928,994265,80918
512,19447099,20441505,994406,80975
513,19487500,20481921,994421,80853
514,19527941,20522699,994758,81126
515,19568293,20563494,995201,81201
516,19608705,20603972,995267,80693
517,19648924,20644461,995537,80918
518,19689356,20684937,995581,81065
519,19729949,20725478,995529,80977
520,19770389,20765842,995453,80855
521,19810884,20806276,995392,80929
522,19851382,20846638,995256,80952
523,19891976,20887227,995251,81911
524,19933301,20927636,994335,81205
525,19974101,20967997,993896,80814
526,20014558,21008429,993871,80970
527,20055100,21049022,993922,81593
528,20096104,21089542,993438,81160
529,20136747,21130633,993886,81447
530,20177107,21171166,994059,80980
531,20217560,21211620,994060,80902
532,20258013,21252148,994135,80907
533,20298397,21292684,994287,81095
534,20338960,21333239,994279,81156
535,20379566,21373634,994068,80840
536,20420015,21414253,994238,81172
537,20460572,21454635,994063,80794
538,20500989,21495047,994058,81422
539,20542004,21535525,993521,81047
540,20582576,21576067,993491,80994
541,20623032,21616632,993600,81061
542,20663532,21657125,993593,80984
543,20704027,21697535,993508,80949
544,20744571,21738772,994201,81545
545,20784882,21779087,994205,80846
546,20825418,21819652,994234,80922
547,20865779,21860121,994342,80984
548,20906298,21900728,994430,80953
549,20946647,21941171,994524,80844
550,20987053,21981538,994485,80888
551,21027577,22022194,994617,81189
552,21068113,22062701,994588,81006
553,21108616,22103304,994688,81847
554,21149864,22144044,994180,81094
555,21190222,22184537,994315,80958
556,21230691,22225117,994426,81130
557,21271245,22265563,994318,81003
558,21311806,22306028,994222,80946
559,21352291,22347138,994847,81541
560,21392726,22387550,994824,80974
561,21433292,22428208,994916,81119
562,21473756,22468749,994993,80908
563,21514126,22509316,995190,80960
564,21554524,22549761,995237,81035
565,21595119,22590188,995069,81020
566,21635716,22630775,995059,81033
567,21676165,22671310,995145,81046
568,21716679,22711757,995078,81702
569,21757938,22752287,994349,80794
570,21798205,22792721,994516,80961
571,21838735,22833064,994329,80823
572,21879218,22869091,989873,76702
573,21919898,22895224,975326,66534
574,21960304,22936852,976548,81886
575,22000566,23005149,1004583,109015
576,22041288,23024724,983436,60125
577,22081845,23070343,988498,86252
578,22122484,23110663,988179,80925
579,22163094,23155481,992387,85289
580,22203569,23180806,977237,66011
581,22244260,23209809,965549,69394
582,22284655,23241234,956579,72359
583,22325593,23269769,944176,69191
584,22366254,23300941,934687,71530
585,22406616,23331761,925145,71533
586,22447333,23362879,915546,71597
587,22487816,23393859,906043,71610
588,22528451,23426306,897855,72814
589,22568821,23466577,897756,80687
590,22609240,23503381,894141,77367
591,22649807,23579758,929951,116941
592,22690374,23618441,928067,79133
593,22730829,23658966,928137,80978
594,22771285,23699465,928180,80967
595,22811758,23739908,928150,100189
596,22871509,23780442,908933,80845
597,22911824,23820688,908864,74763
598,22946344,23861129,914785,58871
599,22964777,23901628,936851,106120
600,23030403,23942108,911705,65245
601,23055171,23982629,927458,84397
602,23099050,24023119,924069,81389
603,23139954,24064022,924068,94955
604,23194010,24104795,910785,92640
605,23245880,24145183,899303,80646
606,23286142,24185687,899545,90433
607,23336075,24226334,890259,80932
608,23376362,24266826,890464,88839
609,23424713,24307288,882575,78594
610,23462848,24347649,884801,67516
611,23490005,24388017,898012,73452
612,23523093,24428625,905532,51703
613,23534191,24469068,934877,61555
614,23555325,24509522,954197,75743
615,23590617,24549954,959337,49940
616,23600129,24590471,990342,77930
617,23637546,24630922,993376,80921
618,23678020,24671381,993361,80925
619,23718490,24712006,993516,81140
620,23759009,24752584,993575,81038
621,23799473,24793124,993651,80832
622,23839768,24833507,993739,80836
623,23880225,24874097,993872,81052
624,23920690,24914569,993879,81065
625,23961286,24955046,993760,80847
626,24001660,24995619,993959,81240
627,24042331,25036097,993766,81301
628,24083158,25076610,993452,81211
629,24123859,25117079,993220,80874
630,24164267,25157530,993263,80953
631,24204772,25198289,993517,81374
632,24245391,25238887,993496,81113
633,24285910,25279511,993601,81116
634,24326406,25319895,993489,80743
635,24366769,25360379,993610,80856
636,24407146,25400753,993607,80930
637,24447705,25441274,993569,80958
638,24488146,25481885,993739,81045
639,24528584,25522436,993852,80980
640,24569017,25562891,993874,80997
641,24609563,25603376,993813,80915
642,24649996,25643824,993828,80924
643,24690477,25684325,993848,81080
644,24731059,25724764,993705,80978
645,24771602,25765341,993739,81136
646,24812165,25805789,993624,80967
647,24852687,25846141,993454,80837
648,24893175,25886231,993056,80521
649,24933609,25926784,993175,81088
650,24974149,25967281,993132,80976
651,25014632,26007840,993208,81078
652,25055156,26048349,993193,81049
653,25095700,26088606,992906,80671
654,25136119,26128887,992768,80733
655,25176574,26169347,992773,81339
656,25217457,26209800,992343,80955
657,25257963,26250614,992651,81361
658,25298514,26291039,992525,80806
659,25338899,26331313,992414,80866
660,25379494,26371775,992281,80813
661,25419849,26412169,992320,80952
662,25460410,26452783,992373,81165
663,25500966,26493317,992351,81067
664,25541502,26533848,992346,80983
665,25581957,26574338,992381,81007
666,25622478,26614798,992320,80836
667,25662859,26655088,992229,80807
668,25703380,26695476,992096,80843
669,25743839,26735965,992126,81033
670,25784387,26776470,992083,80940
671,25824825,26816850,992025,80772
672,25865221,26857450,992229,80741
673,25905365,26897885,992520,80888
674,25945822,26938457,992635,81097
675,25986351,26978976,992625,81008
676,26026844,27019389,992545,80988
677,26067436,27059834,992398,80658
678,26107653,27100253,992600,80682
679,26147920,27140673,992753,80929
680,26188433,27181124,992691,80996
681,26228983,27221521,992538,81043
682,26269634,27261929,992295,80870
683,26310101,27302448,992347,80859
684,26350445,27342957,992512,80851
685,26390792,27383455,992663,80992
686,26431290,27424033,992743,81125
687,26471842,27464418,992576,80887
688,26512348,27504966,992618,81098
689,26552901,27545354,992453,80914
690,26593431,27585906,992475,81014
691,26633897,27626272,992375,80676
692,26674211,27666770,992559,80851
693,26714569,27707231,992662,80909
694,26755022,27747862,992840,81160
695,26795555,27788361,992806,80834
696,26835895,27828911,993016,81127
697,26876477,27869425,992948,80987
698,26916954,27909953,992999,81076
699,26957505,27950343,992838,80870
700,26997989,27990848,992859,80978
701,27038466,28031358,992892,80941
702,27078900,28071770,992870,80887
703,27119378,28112270,992892,80819
704,27159701,28152698,992997,80910
705,27200186,28193130,992944,80911
706,27240669,28233664,992995,80929
707,27281068,28274111,993043,80919
708,27321544,28314681,993137,81057
709,27362035,28355066,993031,80905
710,27402558,28395540,992982,80957
711,27443044,28435976,992932,80932
712,27483544,28476340,992796,80811
713,27523996,28516803,992807,80918
714,27564454,28557105,992651,80838
715,27604993,28597553,992560,80783
716,27645332,28637789,992457,80760
717,27685859,28678167,992308,80828
718,27726312,28718512,992200,80954
719,27766925,28759045,992120,80979
720,27807375,28799671,992296,81210
721,27847963,28840207,992244,81065
722,27888496,28880620,992124,80932
723,27929020,28921151,992131,80953
724,27969446,28961526,992080,80807
725,28009882,29002166,992284,81179
726,28050425,29043262,992837,81501
727,28090837,29084010,993173,81258
728,28131351,29124683,993332,81111
729,28171794,29165167,993373,80859
730,28212173,29205574,993401,80937
731,28252707,29246080,993373,80993
732,28293198,29286580,993382,81031
733,28333733,29326891,993158,80731
734,28374157,29367287,993130,80835
735,28414600,29407795,993195,80918
736,28455014,29448278,993264,80814
737,28495349,29488507,993158,80739
738,28535862,29529060,993198,80872
739,28576184,29569667,993483,81059
740,28616640,29610270,993630,80857
741,28656899,29650748,993849,80830
742,28697255,29691314,994059,80927
743,28737620,29731964,994344,81198
744,28778172,29772348,994176,80899
745,28818691,29812980,994289,81152
746,28859215,29853499,994284,81079
747,28899780,29894133,994353,81031
748,28940181,29934624,994443,80887
749,28980582,29974952,994370,81353
750,29021612,30015445,993833,81330
751,29062452,30055941,993489,81136
752,29103096,30096377,993281,81065
753,29143729,30136920,993191,81058
754,29184247,30177403,993156,80886
755,29224654,30217987,993333,81034
756,29265108,30258417,993309,80930
757,29305613,30298964,993351,80908
758,29345977,30339496,993519,80978
759,29386427,30379861,993434,80784
760,29426851,30420268,993417,80877
761,29467325,30460739,993414,80751
762,29507608,30501184,993576,80959
763,29548126,30541502,993376,81003
764,29588815,30581863,993048,80917
765,29629374,30622313,992939,80901
766,29669874,30662892,993018,81063
767,29710362,30703299,992937,81021
768,29750980,30743952,992972,81037
769,29791368,30784345,992977,81021
770,29831999,30824786,992787,80969
771,29872531,30865187,992656,81113
772,29913247,30905678,992431,80940
773,29953700,30946142,992442,80878
774,29994118,30986640,992522,80911
775,30034536,31027172,992636,80947
776,30074954,31067747,992793,81133
777,30115516,31108411,992895,81106
778,30155962,31149153,993191,81258
779,30196483,31189606,993123,81155
780,30237189,31230222,993033,80912
781,30277489,31270756,993267,81037
782,30317996,31311110,993114,80888
783,30358534,31351655,993121,80856
784,30398849,31392040,993191,80836
785,30439303,31432371,993068,80864
786,30479839,31472946,993107,81014
787,30520282,31513270,992988,80664
788,30560625,31553795,993170,80848
789,30600952,31594360,993408,80942
790,30641333,31634842,993509,81142
791,30681997,31675341,993344,80914
792,30722416,31715843,993427,81066
793,30762984,31756265,993281,80899
794,30803464,31796813,993349,80897
795,30843816,31837219,993403,80862
796,30884276,31877707,993431,80917
797,30924710,31918214,993504,81005
798,30965212,31958776,993564,81120
799,31005775,31999259,993484,80944
800,31046240,32039873,993633,81110
801,31086741,32080456,993715,81452
802,31127613,32120905,993292,81018
803,31168186,32161344,993158,80920
804,31208671,32201813,993142,81041
805,31249246,32242239,992993,80988
806,31289812,32282698,992886,80785
807,31330141,32323159,993018,81056
808,31370739,32363776,993037,80983
809,31411110,32404101,992991,80680
810,31451469,32444662,993193,81070
811,31491983,32484947,992964,80654
812,31532355,32525350,992995,81000
813,31572956,32565940,992984,81146
814,31613516,32606425,992909,80901
815,31653935,32646960,993025,80999
816,31694403,32687228,992825,80763
817,31734902,32727665,992763,80841
818,31775310,32768081,992771,80954
819,31815852,32808539,992687,80954
820,31856351,32848947,992596,80909
821,31896855,32889601,992746,81089
822,31937293,32930213,992920,81124
823,31977811,32970535,992724,80848
824,32018341,33011061,992720,81117
825,32058937,33051666,992729,81188
826,32099523,33091831,992308,80626
827,32139988,33132326,992338,80935
828,32180433,33172577,992144,80758
829,32220944,33212870,991926,80694
830,32261350,33253433,992083,80959
831,32301749,33294018,992269,81024
832,32342192,33334516,992324,81084
833,32382782,33374851,992069,80652
834,32423102,33415323,992221,81095
835,32463729,33455805,992076,80836
836,32504088,33496320,992232,80826
837,32544403,33536750,992347,81044
838,32585021,33577394,992373,81114
839,32625495,33617830,992335,80938
840,32666002,33658285,992283,80827
841,32706378,33698745,992367,80746
842,32746668,33739281,992613,80940
843,32787076,33779723,992647,80968
844,32827606,33820133,992527,80846
845,32868047,33860759,992712,81327
846,32908752,33901156,992404,80953
847,32949311,33941671,992360,80826
848,32989626,33982228,992602,81031
849,33030104,34022709,992605,81056
850,33070683,34063042,992359,80511
851,33110865,34103550,992685,80995
852,33151355,34144098,992743,80883
853,33191694,34184475,992781,80591
854,33231912,34225184,993272,81276
855,33272483,34265763,993280,81147
856,33313055,34306269,993214,81043
857,33353596,34346755,993159,80793
858,33393907,34387272,993365,81023
859,33434417,34427787,993370,80888
860,33474793,34468419,993626,81216
861,33515382,34508937,993555,81027
862,33555894,34549309,993415,80886
863,33596413,34589820,993407,81034
864,33636940,34630255,993315,80838
865,33677347,34670592,993245,80807
866,33717821,34711013,993192,80959
867,33758363,34751616,993253,80999
868,33798762,34791971,993209,80802
869,33839213,34832415,993202,81029
870,33879801,34872964,993163,81028
871,33920284,34913436,993152,80879
872,33960696,34953969,993273,81153
873,34001319,34994375,993056,80906
874,34041823,35034894,993071,80863
875,34082171,35075324,993153,80886
876,34122630,35115795,993165,80946
877,34163108,35156321,993213,80972
878,34203557,35197068,993511,81425
879,34244240,35237766,993526,81242
880,34284788,35278267,993479,81018
881,34325309,35318646,993337,80883
882,34365818,35359036,993218,80956
883,34406388,35399474,993086,80873
884,34446826,35439878,993052,81030
885,34487457,35480270,992813,81023
886,34528093,35520706,992613,80817
887,34568478,35561158,992680,80960
888,34608991,35601712,992721,80875
889,34649315,35642080,992765,80754
890,34689705,35682558,992853,80869
891,34730100,35722911,992811,80968
892,34770719,35763215,992496,80600
893,34811019,35803598,992579,80889
894,34851530,35844044,992514,80914
895,34892002,35884514,992512,80980
896,34932517,35925029,992512,81033
897,34973040,35965315,992275,80724
898,35013482,36005916,992434,81098
899,35053983,36046429,992446,80928
900,35094401,36086783,992382,80741
901,35134793,36127351,992558,81321
902,35175549,36167750,992201,81095
903,35216249,36208351,992102,81196
904,35256847,36248958,992111,81102
905,35297347,36289309,991962,80751
906,35337750,36329741,991991,80772
907,35378094,36370214,992120,80886
908,35418512,36410689,992177,80963
909,35459003,36451144,992141,80817
910,35499369,36491454,992085,80732
911,35539794,36531755,991961,80741
912,35580238,36572048,991810,80800
913,35620749,36612523,991774,80870
914,35661147,36652937,991790,80881
915,35701619,36693485,991866,80932
916,35742006,36733992,991986,80749
917,35782253,36774476,992223,80857
918,35822649,36814904,992255,80883
919,35863108,36855353,992245,80984
920,35903646,36895776,992130,80899
921,35944125,36936184,992059,80723
922,35984444,36976769,992325,81143
923,36025007,37017228,992221,80978
924,36065531,37057617,992086,80745
925,36105891,37098190,992299,81156
926,36146478,37138703,992225,80860
927,36186829,37179230,992401,81139
928,36227446,37219754,992308,81082
929,36268008,37260234,992226,80850
930,36308382,37300687,992305,80991
931,36348924,37341098,992174,80764
932,36389280,37381574,992294,80952
933,36429760,37422083,992323,80957
934,36470211,37462439,992228,80682
935,36510540,37502869,992329,80732
936,36550846,37543529,992683,80967
937,36591156,37584102,992946,81022
938,36631609,37624388,992779,80697
939,36672023,37664946,992923,81108
940,36712576,37705547,992971,81040
941,36753019,37745952,992933,80935
942,36793552,37786360,992808,80810
943,36833959,37826905,992946,80977
944,36874396,37867458,993062,80989
945,36914835,37907986,993151,80900
946,36955211,37948465,993254,81122
947,36995858,37989127,993269,81093
948,37036293,38029558,993265,80850
949,37076716,38070126,993410,81067
950,37117219,38110397,993178,80783
951,37157735,38151024,993289,81145
952,37198257,38191446,993189,80961
953,37238800,38232080,993280,81074
954,37279244,38272664,993420,81127
955,37319791,38313068,993277,80745
956,37360136,38353318,993182,80781
957,37400671,38393709,993038,80841
958,37441125,38434095,992970,80766
959,37481509,38474448,992939,80747
960,37521908,38514801,992893,80963
961,37562523,38555228,992705,81008
962,37603107,38595750,992643,80800
963,37643405,38636264,992859,81157
964,37684052,38676793,992741,81063
965,37724590,38717091,992501,80734
966,37765030,38757595,992565,80866
967,37805395,38798021,992626,81003
968,37845975,38838380,992405,80860
969,37886480,38878939,992459,81114
970,37927038,38919312,992274,80893
971,37967561,38959719,992158,80987
972,38008145,39000220,992075,81012
973,38048660,39040834,992174,81149
974,38089199,39081214,992015,80675
975,38129498,39121938,992440,81373
976,38170150,39163160,993010,81564
977,38210496,39203922,993426,81361
978,38251099,39243956,992857,80672
979,38291742,39284085,992343,80586
980,38332203,39324247,992044,80354
981,38372399,39364379,991980,80515
982,38412786,39404501,991715,80487
983,38453155,39444753,991598,80626
984,38493532,39484932,991400,80506
985,38533863,39525345,991482,80842
986,38574296,39565341,991045,80448
987,38614752,39605638,990886,80792
988,38655252,39645750,990498,80752
989,38695895,39685829,989934,80356
990,38736177,39725940,989763,80620
991,38776689,39766082,989393,80501
992,38817052,39806421,989369,80685
993,38857402,39846833,989431,81044
994,38898038,39875413,977375,68961
995,38938423,39903945,965522,68825
996,38978720,39932547,953827,69168
997,39019290,39961227,941937,69310
998,39059925,39989740,929815,68895
999,39100313,40018312,917999,69871
1000,39141616,40046870,905254,69175
