step,start,end,latency,execution
1,0,133187,133187,148158
2,15046,178723,163677,61030
3,30550,235376,204826,68230
4,42131,287389,245258,84139
5,74261,339717,265456,63816
6,85751,391953,306202,63664
7,97182,444174,346992,63745
8,108709,496393,387684,92510
9,149003,550667,401664,63912
10,158643,603327,444684,78320
11,184306,656108,471802,62409
12,193947,706604,512657,76044
13,219498,756909,537411,59784
14,228981,807201,578220,75803
15,254494,857450,602956,75728
16,279977,907739,627762,59797
17,289488,958106,668618,75850
18,314974,1008518,693544,59891
19,324456,1058869,734413,75860
20,349968,1109096,759128,59705
21,359449,1159530,800081,75913
22,384932,1210553,825621,76532
23,410443,1261224,850781,60148
24,419925,1311589,891664,63083
25,432647,1361686,929039,88763
26,471316,1412050,940734,89054
27,510008,1462504,952496,88996
28,548553,1512920,964367,88865
29,587006,1563270,976264,89518
30,626178,1613511,987333,89244
31,665184,1663699,998515,90753
32,705753,1713776,1008023,90555
33,746235,1763939,1017704,90700
34,786775,1814986,1028211,91527
35,827258,1865593,1038335,91185
36,867842,1916081,1048239,90929
37,908286,1966623,1058337,91114
38,948861,2016843,1067982,90715
39,989359,2067198,1077839,91034
40,1030040,2117277,1087237,90487
41,1070452,2167747,1097295,91029
42,1111015,2217804,1106789,90681
43,1151642,2267767,1116125,90520
44,1192202,2317955,1125753,91577
45,1233594,2368098,1134504,90653
46,1274107,2420767,1146660,93072
47,1314513,2471073,1156560,90810
48,1355022,2521322,1166300,90769
49,1395546,2571355,1175809,90551
50,1436067,2621502,1185435,90711
51,1476635,2671502,1194867,90649
52,1517288,2721740,1204452,90599
53,1557652,2771810,1214158,90536
54,1598121,2822139,1224018,94865
55,1642661,2872287,1229626,100073
56,1692590,2922530,1229940,100323
57,1742674,2972657,1229983,100260
58,1792811,3023513,1230702,102197
59,1844161,3073707,1229546,100694
60,1894666,3124096,1229430,100849
61,1945130,3174450,1229320,100930
62,1995710,3224521,1228811,100171
63,2045813,3274513,1228700,100389
64,2096214,3324931,1228717,100601
65,2146402,3375071,1228669,100193
66,2196458,3425089,1228631,100349
67,2246793,3475299,1228506,100105
68,2296691,3525384,1228693,100316
69,2346932,3575455,1228523,100298
70,2397163,3626333,1229170,103800
71,2450089,3676706,1226617,100327
72,2500047,3727246,1227199,100886
73,2550397,3777472,1227075,100265
74,2600440,3827448,1227008,100050
75,2650518,3877549,1227031,100207
76,2700629,3927615,1226986,99924
77,2750491,3977886,1227395,100687
78,2800911,4028027,1227116,100437
79,2851211,4078331,1227120,100332
80,2901242,4128515,1227273,100440
81,2951501,4178696,1227195,100512
82,3001836,4229737,1227901,101846
83,3052644,4279906,1227262,100279
84,3102759,4330027,1227268,100398
85,3153040,4380222,1227182,100688
86,3203537,4430438,1226901,100188
87,3253512,4480574,1227062,100274
88,3303654,4530829,1227175,100819
89,3354221,4580856,1226635,99744
90,3403942,4631084,1227142,100177
91,3453895,4681099,1227204,100401
92,3504286,4731170,1226884,100206
93,3554425,4781425,1227000,100681
94,3604855,4832332,1227477,101494
95,3655447,4882336,1226889,100402
96,3705849,4932679,1226830,100708
97,3756218,4983160,1226942,100731
98,3806471,5033367,1226896,100204
99,3856471,5083653,1227182,100424
100,3906614,5133732,1227118,100077
101,3956616,5183743,1227127,100328
102,4006937,5235748,1228811,102053
103,4056990,5286186,1229196,100778
104,4107336,5336675,1229339,100823
105,4157674,5387103,1229429,100973
106,4208222,5438587,1230365,102034
107,4258775,5489178,1230403,100806
108,4308994,5539782,1230788,100686
109,4359080,5589989,1230909,100475
110,4409352,5640260,1230908,100203
111,4459288,5690707,1231419,100764
112,4509608,5740975,1231367,100414
113,4559757,5791167,1231410,100366
114,4609935,5841555,1231620,100595
115,4660145,5891768,1231623,100173
116,4710109,5942190,1232081,100359
117,4760049,5992741,1232692,101512
118,4811028,6043922,1232894,101494
119,4861346,6094200,1232854,100325
120,4911397,6144478,1233081,100563
121,4961687,6194725,1233038,100627
122,5012071,6244935,1232864,100589
123,5062455,6295202,1232747,100446
124,5112638,6345549,1232911,100264
125,5162560,6395987,1233427,101945
126,5225000,6446233,1221233,137728
127,6447256,6662321,215065,224424
128,6456621,6675077,218456,22869
129,6466742,6790242,323500,125170
130,6476752,6821414,344662,42895
131,6488479,6897087,408608,85425
132,6498234,6906658,408424,21272
133,6509938,6999080,489142,102130
134,6519648,7018757,499109,31335
135,6531309,7102815,571506,93698
136,6540952,7115028,574076,38216
137,6566959,7200103,633144,107116
138,6589004,7222510,633506,33999
139,6600599,7330806,730207,136698
140,6629010,7369974,740964,50628
141,6640473,7471657,831184,126211
142,6665004,7500146,835142,53639
143,6690158,7612355,922197,131776
144,6709728,7625912,916184,44219
145,6740392,7722922,982530,122702
146,6766086,7752658,986572,72650
147,6809018,7823946,1014928,80781
148,6818515,7853942,1035427,63474
149,6851998,7925681,1073683,105248
150,6885511,7943757,1058246,51556
151,6918995,8024988,1105993,90742
152,6928509,8044780,1116271,53302
153,6962022,8125076,1163054,113775
154,6995505,8145351,1149846,53754
155,7028988,8244569,1215581,132729
156,7062501,8254290,1191789,19196
157,7072003,8372539,1300536,151735
158,7105517,8382349,1276832,43290
159,7139001,8500632,1361631,151762
160,7172483,8510348,1337865,43227
161,7205998,8632593,1426595,134482
162,7218242,8642299,1424057,50417
163,7258957,8748694,1489737,115874
164,7268439,8778303,1509864,59159
165,7297992,8820570,1522578,91961
166,7347689,8850303,1502614,60193
167,7378152,8912577,1534425,101185
168,7417067,8933302,1516235,49181
169,7445526,9000562,1555036,107876
170,7486145,9030379,1544234,60569
171,7516900,9092591,1575691,100375
172,7555068,9114230,1559162,49947
173,7583380,9184588,1601208,116772
174,7629798,9204723,1574925,47723
175,7657390,9272615,1615225,96404
176,7685906,9302431,1616525,78850
177,7734943,9364551,1629608,86460
178,7759286,9385634,1626348,38121
179,7776328,9456542,1680214,80452
180,7785874,9486371,1700497,92959
181,7849008,9544573,1695565,67740
182,7858548,9574227,1715679,44072
183,7872969,9636733,1763764,86542
184,7897009,9665581,1768572,38353
185,7906519,9728644,1822125,115697
186,7959157,9749936,1790779,30767
187,7968636,9820521,1851885,84108
188,7982163,9840294,1858131,42030
189,8004423,9912548,1908125,125409
190,8057582,9942327,1884745,39258
191,8067063,10000603,1933540,71242
192,8080032,10030276,1950244,90680
193,8141042,10092616,1951574,80193
194,8158897,10122433,1963536,39297
195,8168380,10184567,2016187,187337
196,8293587,10204420,1910833,41331
197,8315069,10276573,1961504,179709
198,8422628,10296236,1873608,41291
199,8444260,10364499,1920239,175814
200,8551815,10393940,1842125,38953
201,8561330,10456654,1895324,182782
202,8681401,10485091,1803690,37920
203,8690887,10548554,1857667,148997
204,8776424,10574537,1798113,35496
205,8785940,10640613,1854673,144569
206,8864437,10660283,1795846,29183
207,8873952,10728616,1854664,150803
208,8956424,10749490,1793066,30387
209,8965940,10820821,1854881,153935
210,9048547,10840629,1792082,29412
211,9058157,10912541,1854384,150198
212,9136447,10932307,1795860,29278
213,9145962,11000538,1854576,150714
214,9228447,11020228,1791781,29202
215,9237962,11092594,1854632,151801
216,9317400,11112295,1794895,29193
217,9326896,11184605,1857709,153940
218,9408529,11194272,1785743,19178
219,9418044,11272496,1854452,160654
220,9500477,11282245,1781768,19346
221,9510077,11370669,1860592,171739
222,9593395,11390281,1796886,29095
223,9602880,11456589,1853709,148248
224,9684822,11486383,1801561,39307
225,9694339,11544559,1850220,136311
226,9772477,11574217,1801740,39164
227,9781986,11636657,1854671,144871
228,9864421,11658490,1794069,31344
229,9873936,11738826,1864890,162809
230,9956424,11772676,1816252,43360
231,9965939,11820567,1854628,130440
232,10048491,11842181,1793690,31126
233,10058006,11892611,1834605,128844
234,10136424,11918280,1781856,35180
235,10145939,11964519,1818580,123910
236,10223613,11986231,1762618,31436
237,10233341,12036569,1803228,137420
238,10320425,12062238,1741813,35179
239,10329938,12108538,1778600,129039
240,10412681,12130192,1717511,31234
241,10422263,12176568,1754305,124584
242,10500473,12210236,1709763,43229
243,10510037,12249129,1739092,121276
244,10592424,12278929,1686505,39300
245,10601939,12324729,1722790,128358
246,10684502,12366447,1681945,51257
247,10694047,12396097,1702050,108047
248,10772447,12429814,1657367,43229
249,10781962,12470666,1688704,123340
250,10864453,12496276,1631823,35123
251,10873969,12532957,1658988,119156
252,10956447,12554626,1598179,31179
253,10965960,12596563,1630603,125090
254,11049115,12618217,1569102,31137
255,11058601,12654210,1595609,113813
256,11136425,12687836,1551411,43138
257,11145940,12704403,1558463,99048
258,11228424,12730120,1501696,35227
259,11237937,12765632,1527695,118887
260,11321316,12791251,1469935,35100
261,11330800,12836515,1505715,122885
262,11408424,12862330,1453906,35327
263,11417940,12923858,1505918,143997
264,11500424,12949525,1449101,35204
265,11509964,13007411,1497447,141408
266,11593489,13030575,1437086,32640
267,11602969,13077919,1474950,117784
268,11673413,13087538,1414125,35196
269,11699007,13131031,1432024,121590
270,11777107,13140699,1363592,19301
271,13141869,13490121,348252,357966
272,13151591,13531869,380278,51794
273,13161647,13605543,443896,83254
274,13171234,13720611,549377,125183
275,13181355,13754213,572858,43126
276,13190883,13803852,612969,61401
277,13202648,13920582,717934,126470
278,13212391,13938323,725932,27413
279,13222067,13995967,773900,69239
280,13233665,14089485,855820,103158
281,13243308,14117210,873902,37359
282,13252945,14165813,912868,60196
283,13264540,14206975,942435,50803
284,13274185,14274603,1000418,77267
285,13283827,14326355,1042528,63347
286,13295426,14353472,1058046,36701
287,13305013,14425450,1120437,81495
288,13314533,14467539,1153006,53551
289,13325998,14499750,1173752,41728
290,13335519,14550475,1214956,60208
291,13345006,14591440,1246434,52386
292,13356431,14621268,1264837,39341
293,13365947,14655943,1289996,44158
294,13375432,14704102,1328670,59579
295,13386860,14736698,1349838,42078
296,13396345,14756498,1360153,29400
297,13405948,14816603,1410655,71527
298,13417373,14876548,1459175,69423
299,13426854,14916084,1489230,49015
300,13436336,14942480,1506144,36177
301,13446120,15010620,1564500,77792
302,13455776,15040218,1584442,39264
303,13465446,15087532,1622086,58806
304,13476941,15189434,1712493,111439
305,13486481,15213241,1726760,33314
306,13495991,15255393,1759402,51729
307,13505572,15329568,1823996,83708
308,13515109,15342936,1827827,22864
309,13524607,15395005,1870398,203575
310,13676154,15446250,1770096,60760
311,13685673,15484624,1798951,57909
312,13705212,15522200,1816988,167953
313,13835592,15579205,1743613,66547
314,13845137,15616825,1771688,57126
315,13864646,15674530,1809884,160105
316,13967049,15728522,1761473,63474
317,13976535,15746191,1769656,53981
318,14012851,15774335,1761484,100105
319,14084816,15884682,1799866,134054
320,14108526,15902327,1793801,76268
321,14167151,15935965,1768814,102199
322,14235715,16052808,1817093,134351
323,14253226,16078524,1825298,89139
324,14316652,16104593,1787941,93868
325,14384454,16212566,1828112,137581
326,14414066,16230229,1816163,77039
327,14473445,16255917,1782472,77695
328,14525455,16364562,1839107,141281
329,14558094,16382230,1824136,48435
330,14588864,16415889,1827025,86162
331,14641369,16536596,1895227,141275
332,14661941,16554285,1892344,62405
333,14706659,16592704,1886045,100189
334,14768433,16684579,1916146,121388
335,14797949,16702208,1904259,27113
336,14807435,16731859,1924424,87164
337,14864951,16848571,1983620,150304
338,14898546,16866275,1967729,56948
339,14937794,16895620,1957826,107982
340,15016435,17052865,2036430,194598
341,15053792,17070599,2016807,51483
342,15087546,17104324,2016778,66254
343,15120080,17152616,2032536,68470
344,15140262,17170283,2030021,47180
345,15169777,17203950,2034173,91446
346,15227559,17272577,2045018,99341
347,15258277,17297959,2039682,54927
348,15287826,17319610,2031784,90498
349,15356677,17423223,2066546,133127
350,15386194,17444841,2058647,48785
351,15413364,17467802,2054438,76573
352,15466979,17552069,2085090,115911
353,15498627,17573732,2075105,71161
354,15548127,17607397,2059270,80692
355,15595158,17693071,2097913,110544
356,15620031,17714691,2094660,71184
357,15669599,17748349,2078750,56290
358,15692234,17830111,2137877,136085
359,15746560,17851727,2105167,55126
360,15780073,17885443,2105370,63336
361,15809696,17967183,2157487,111222
362,15839182,17988753,2149571,60769
363,15878383,18022447,2144064,72508
364,15917201,18103976,2186775,91011
365,15926687,18125625,2198938,51238
366,15956280,18159232,2202952,66167
367,15988843,18240936,2252093,111248
368,16018391,18258873,2240482,47526
369,16047983,18292630,2244647,86442
370,16100673,18379163,2278490,124042
371,16138186,18413309,2275123,66172
372,16170221,18437651,2267430,33865
373,16179757,18517619,2337862,121430
374,16221223,18539216,2317993,71111
375,16270741,18572856,2302115,43126
376,16280231,18654619,2374388,111275
377,16309747,18676307,2366560,41222
378,16329285,18709916,2380631,96908
379,16392587,18791444,2398857,119129
380,16430192,18825162,2394970,43197
381,16439674,18849195,2409521,66985
382,16482630,18972597,2489967,146547
383,16505779,18994316,2488537,95193
384,16579258,19020003,2440745,59186
385,16612759,19136585,2523826,145070
386,16641250,19154239,2512989,49259
387,16672858,19175521,2502663,42028
388,16693607,19250666,2557059,116073
389,16734539,19284277,2549738,65383
390,16766314,19318016,2551702,53948
391,16786526,19368561,2582035,70082
392,16806065,19390279,2584214,67327
393,16851678,19416649,2564971,107116
394,16932427,19532583,2600156,143471
395,16959967,19558281,2598314,55212
396,16989484,19587710,2598226,156540
397,17116599,19708598,2591999,160960
398,17156674,19726295,2569621,47214
399,17186195,19755899,2569704,66546
400,17223141,19804564,2581423,69167
401,17243645,19838194,2594549,64291
402,17274310,19863143,2588833,94209
403,17343573,19904539,2560966,71014
404,17373195,19926194,2552999,41619
405,17393163,19959877,2566714,114202
406,17473685,19987836,2514151,48458
407,17494188,20013536,2519348,105083
408,17573573,20035106,2461533,52719
409,17604725,20100009,2495284,74419
410,17614245,20121727,2507482,59992
411,17652523,20131325,2478802,97272
412,17740201,20185856,2445655,92048
413,17777722,20207505,2429783,51275
414,17807351,20241106,2433755,132819
415,17906571,20299494,2392923,67871
416,17916057,20321131,2405074,41366
417,17935790,20354819,2419029,141559
418,18043665,20408634,2364969,73417
419,18063270,20434371,2371101,44174
420,18081711,20444058,2362347,97303
421,18169330,20478583,2309253,44003
422,18178812,20504231,2325419,45240
423,18198407,20529890,2331483,127148
424,18299900,20548005,2248105,37652
425,18319440,20573605,2254165,42844
426,18336686,20583201,2246515,107153
427,18445000,20617579,2172579,63887
428,18474512,20627179,2152667,19096
429,18484011,20636866,2152855,134100
430,20638199,20959910,321711,331505
431,20647999,21001615,353616,51422
432,20657725,21043260,385535,51323
433,20667408,21084925,417517,51146
434,20676893,21162432,485539,87454
435,20686845,21200248,513403,47523
436,20696555,21232318,535763,65605
437,20730093,21310022,579929,110560
438,20762952,21357491,594539,65516
439,20781004,21384360,603356,70865
440,20825004,21418048,593044,75209
441,20866528,21487672,621144,98732
442,20895640,21532137,636497,101976
443,20953155,21562618,609463,72026
444,20994704,21596305,601601,76621
445,21037641,21661965,624324,95190
446,21067173,21717804,650631,133667
447,21145004,21739420,594416,62451
448,21185841,21773137,587296,72878
449,21225005,21842823,617818,132400
450,21287724,21889871,602147,92326
451,21333004,21915703,582699,71032
452,21378208,21949422,571214,63876
453,21408368,22027046,618678,137942
454,21468689,22070053,601364,91349
455,21517035,22091741,574706,63817
456,21559168,22125458,566290,53820
457,21579275,22191147,611872,127412
458,21641002,22243557,602555,96732
459,21685328,22277223,591895,75155
460,21726820,22310838,584018,63210
461,21756418,22381584,625166,131306
462,21817036,22427010,609974,88480
463,21860095,22460734,600639,85235
464,21911610,22518778,607168,78242
465,21931811,22552413,620602,94822
466,21993002,22602378,609376,84234
467,22027275,22624015,596740,71902
468,22077543,22657711,580168,63854
469,22107703,22728603,620900,132488
470,22169303,22787662,618359,106757
471,22217004,22821363,604359,67627
472,22250933,22879005,628072,87291
473,22280584,22912601,632017,94010
474,22341002,22963099,622097,94177
475,22384684,22984717,600033,62483
476,22425553,23018418,592865,63857
477,22455713,23089964,634251,132832
478,22517002,23145620,628618,99654
479,22561004,23167271,606267,73426
480,22612783,23234520,621737,88650
481,22634188,23268181,633993,93350
482,22693881,23329574,635693,108512
483,22741004,23339255,598251,53041
484,22784367,23402312,617945,92569
485,22813883,23427999,614116,88803
486,22877002,23507900,630898,114172
487,22911275,23529515,618240,71881
488,22961544,23595110,633566,95752
489,22991705,23636303,644598,102864
490,23053379,23680496,627117,84407
491,23093596,23714179,620583,65920
492,23125837,23771798,645961,95750
493,23163972,23813457,649485,103256
494,23225572,23858745,633173,92718
495,23273005,23892428,619423,62195
496,23301520,23950119,648599,92332
497,23336164,23991752,655588,103228
498,23397762,24039138,641376,97653
499,23448032,24104079,656047,93616
500,23476710,24137788,661078,65349
501,23508354,24175496,667142,99302
502,23569951,24216729,646778,88283
503,23617004,24238344,621340,57966
504,23653359,24315995,662636,115333
505,23691044,24347499,656455,93458
506,23753002,24391132,638130,83632
507,23793004,24452768,659764,105714
508,23837085,24486384,649299,65532
509,23869004,24524023,655019,101634
510,23933002,24565210,632208,75458
511,23967275,24598874,631599,73876
512,24007490,24656480,648990,87764
513,24037651,24685587,647936,92455
514,24101002,24743157,642155,98823
515,24142257,24764845,622588,64431
516,24185004,24818562,633558,85715
517,24217004,24869246,652242,114678
518,24281002,24920612,639610,95690
519,24325329,24942276,616947,51821
520,24355490,24995964,640474,83846
521,24385652,25034091,648439,101474
522,24449002,25100613,651611,120900
523,24503383,25166240,662857,96123
524,24533882,25196115,662233,68993
525,24573004,25249816,676812,117696
526,24637002,25276821,639819,61275
527,24671275,25298538,627263,61929
528,24711490,25363477,651987,95097
529,24741651,25417397,675746,117267
530,24805002,25459197,654195,93798
531,24857004,25509632,652628,82972
532,24889544,25540730,651186,62541
533,24920990,25594444,673454,117722
534,24985002,25639677,654675,89231
535,25029004,25687799,658795,78605
536,25059489,25720501,661012,74200
537,25100990,25775245,674255,118753
538,25165002,25860320,695318,119344
539,25199275,25910017,710742,92293
540,25241874,25959696,717822,77453
541,25269651,26033416,763765,137067
542,25333002,26084543,751541,92377
543,25374256,26134206,759950,92408
544,25417004,26175824,758820,64082
545,25439471,26217532,778061,110258
546,25508025,26276570,768545,109304
547,25558295,26310244,751949,72379
548,25597004,26351891,754887,63257
549,25618617,26413593,794976,124083
550,25681002,26436928,755926,77713
551,25735382,26486617,751235,69794
552,25755490,26528304,772814,61791
553,25775597,26561981,786384,91078
554,25833002,26636565,803563,113173
555,25871594,26654234,782640,40234
556,25894162,26687887,793725,53194
557,25913706,26746431,832725,113947
558,25969112,26850864,881752,152322
559,26017004,26872472,855468,64198
560,26059597,26904737,845140,53655
561,26080989,26934366,853377,93639
562,26145002,27044570,899568,152580
563,26187382,27079546,892164,67778
564,26220186,27099320,879134,39315
565,26239730,27136959,897229,105929
566,26308024,27210234,902210,122251
567,26357004,27243554,886550,64768
568,26388455,27274688,886233,51238
569,26408562,27284308,875746,81297
570,26480242,27390221,909979,155435
571,26529768,27413350,883582,54429
572,26561071,27441981,880910,48338
573,26580780,27503631,922851,145869
574,26665002,27573411,908409,95288
575,26690513,27604578,914065,72642
576,26731992,27634242,902250,62672
577,26765004,27731842,966838,121594
578,26789001,27779199,990198,79356
579,26821004,27800791,979787,85605
580,26885019,27838488,953469,71195
581,26918520,27936157,1017637,144147
582,26965001,27994761,1029760,84117
583,26990517,28016429,1025912,64152
584,27033004,28046139,1013135,69706
585,27073004,28143791,1070787,131163
586,27106518,28193710,1087192,112401
587,27169004,28215357,1046353,86330
588,27233689,28239434,1005745,55389
589,27265004,28283146,1018142,95706
590,27317001,28356795,1039794,113648
591,27357004,28384281,1027277,87482
592,27417004,28464191,1047187,89421
593,27426518,28506374,1079856,104661
594,27489002,28520800,1031798,55938
595,27530517,28559776,1029259,97460
596,27589004,28616617,1027613,76837
597,27609004,28675651,1066647,139028
598,27689001,28700616,1011615,69324
599,27733364,28777006,1043642,148027
600,27805004,28796750,991746,29255
601,27814519,28851914,1037395,133643
602,27893002,28875863,982861,68620
603,27937677,28905624,967947,65707
604,27973626,28993476,1019850,135228
605,28021004,29018849,997845,105367
606,28101001,29051111,950110,76570
607,28145312,29080793,935481,56969
608,28172602,29154490,981888,122097
609,28221004,29203745,982741,105249
610,28277001,29232604,955603,60858
611,28309004,29262228,953224,56317
612,28335701,29332283,996582,95355
613,28361004,29375090,1014086,98791
614,28417010,29408671,991661,73571
615,28457004,29418336,961332,51294
616,28498636,29500242,1001606,116270
617,28533004,29535476,1002472,99229
618,28597002,29588616,991614,86651
619,28630517,29618331,987814,67986
620,28668791,29674925,1006134,90107
621,28702307,29704652,1002345,92418
622,28765002,29764589,999587,107935
623,28813004,29794356,981352,71278
624,28854519,29838162,983643,78287
625,28889004,29890210,1001206,104042
626,28941002,29940572,999570,91874
627,28982516,29970335,987819,76247
628,29029004,30014109,985105,79770
629,29065004,30056057,991053,93943
630,29117002,30117133,1000131,109074
631,29165004,30126773,961769,47955
632,29203322,30190738,987416,93659
633,29233019,30223654,990635,96896
634,29297002,30302640,1005638,118984
635,29337004,30365328,1028324,102286
636,29376605,30396568,1019963,64753
637,29410121,30448147,1038026,114456
638,29473001,30482623,1009622,70477
639,29509022,30536569,1027547,95494
640,29550573,30573389,1022816,75263
641,29589019,30624299,1035280,114889
642,29653002,30658660,1005658,67872
643,29686516,30716449,1029933,104046
644,29732775,30744700,1011925,61764
645,29766291,30804653,1038362,122661
646,29829002,30836612,1007610,65499
647,29862545,30880898,1018353,85769
648,29904031,30957239,1053208,113853
649,29941547,30966874,1025327,73086
650,30005002,31012565,1007563,79202
651,30038517,31056870,1018353,85815
652,30080031,31094034,1014003,74133
653,30117004,31146880,1029876,116840
654,30181001,31188558,1007557,75190
655,30214516,31232369,1017853,85294
656,30256003,31254768,998765,47912
657,30281519,31318195,1036676,138906
658,30357001,31405541,1048540,119345
659,30389004,31473820,1084816,109790
660,30430518,31526690,1096172,83353
661,30461004,31559721,1098717,89026
662,30517001,31600946,1083945,89224
663,30565004,31632275,1067271,72842
664,30606519,31688228,1081709,86434
665,30637004,31750060,1113056,125826
666,30701002,31769831,1068829,59769
667,30741004,31799459,1058455,71140
668,30782519,31838497,1055978,62484
669,30805969,31902157,1096188,126689
670,30869002,31936175,1067173,82016
671,30917004,31976752,1059748,82088
672,30958519,32006466,1047947,60196
673,30989004,32089192,1100188,138721
674,31045002,32115598,1070596,74404
675,31093004,32148833,1055829,74790
676,31134562,32188588,1054026,70194
677,31165004,32222067,1057063,89473
678,31221001,32257807,1036806,77246
679,31262510,32300225,1037715,75919
680,31296014,32362137,1066123,79805
681,31313910,32391935,1078025,88887
682,31373001,32457828,1084827,91428
683,31398540,32507117,1108577,79562
684,31428816,32530489,1101673,46506
685,31451954,32560167,1108213,86723
686,31509002,32628743,1119741,94088
687,31534516,32680030,1145514,97771
688,31581004,32720321,1139317,82136
689,31622852,32740759,1117907,98585
690,31701002,32826826,1125824,127578
691,31742517,32883983,1141466,91614
692,31776978,32913929,1136951,63459
693,31810494,32943084,1132590,107659
694,31889002,33019992,1130990,118419
695,31930517,33050056,1119539,76562
696,31977019,33079617,1102598,61542
697,32009004,33137348,1128344,125726
698,32077002,33170524,1093522,74688
699,32118517,33210592,1092075,81551
700,32160004,33239782,1079778,50702
701,32181519,33306884,1125365,154581
702,32269002,33346338,1077336,79452
703,32309004,33372635,1063631,58293
704,32341004,33390153,1049149,46771
705,32370259,33419891,1049632,92478
706,32433002,33449613,1016611,66406
707,32469689,33504435,1034746,98133
708,32513004,33546414,1033410,73975
709,32545004,33581381,1036377,70961
710,32581001,33612964,1031963,81095
711,32630517,33689946,1059429,123483
712,32677021,33744356,1067335,87910
713,32710524,33773983,1063459,108102
714,32789002,33805162,1016160,91177
715,32849004,33868841,1019837,105197
716,32890524,33914059,1023535,75696
717,32921004,33947422,1026418,101358
718,32989002,33977169,988167,59079
719,33018337,34058925,1040588,104123
720,33040707,34097827,1057120,68023
721,33069832,34107466,1037634,72805
722,33133002,34181332,1048330,125866
723,33185004,34211105,1026101,61770
724,33217004,34267612,1050608,87205
725,33247704,34306703,1058999,92385
726,33301002,34356795,1055793,87523
727,33338437,34405634,1067197,93700
728,33383301,34445398,1062097,89463
729,33433004,34476801,1043797,95398
730,33497002,34494718,997716,63483
731,33542572,34570738,1028166,118448
732,33585004,34625037,1040033,86296
733,33617004,34645320,1028316,72278
734,33669001,34668615,999614,64807
735,33710516,34740330,1029814,118214
736,33757019,34772308,1015289,63959
737,33789004,34812581,1023577,92267
738,33841001,34848592,1007591,85522
739,33890516,34892438,1001922,81330
740,33928003,34958073,1030070,99148
741,33961519,34987716,1026197,65123
742,33997002,35024560,1027558,84842
743,34045004,35086291,1041287,104474
744,34087751,35118416,1030665,73639
745,34129267,35158740,1029473,92055
746,34181001,35200615,1019614,89874
747,34229004,35244556,1015552,77452
748,34262518,35297528,1035010,76658
749,34286208,35326598,1040390,103861
750,34361002,35376589,1015587,83502
751,34394517,35398305,1003788,68199
752,34441004,35461806,1020802,88051
753,34465557,35495429,1029872,97064
754,34529002,35551935,1022933,104504
755,34577004,35609605,1032601,95181
756,34614519,35661351,1046832,76706
757,34639481,35704113,1064632,116279
758,34713001,35734488,1021487,63887
759,34746517,35787175,1040658,90963
760,34784797,35845215,1060418,91126
761,34817887,35882903,1065016,100799
762,34881002,35922076,1041074,80678
763,34922511,35977535,1055024,96936
764,34963990,36020861,1056871,74248
765,34994915,36061169,1066254,102384
766,35057012,36094987,1037975,75330
767,35098528,36144750,1046222,91247
768,35140014,36213878,1073864,100214
769,35171104,36256967,1085863,104984
770,35233001,36276712,1043711,61257
771,35274516,36336568,1062052,101339
772,35316002,36401421,1085419,95912
773,35347064,36442929,1095865,95443
774,35401003,36484548,1083545,81375
775,35440762,36542247,1101485,114084
776,35497150,36584597,1087447,52299
777,35507101,36622437,1115336,131737
778,35601002,36664112,1063110,81673
779,35641004,36725213,1084209,95442
780,35675349,36774702,1099353,88563
781,35714425,36806789,1092364,86660
782,35769002,36855132,1086130,100342
783,35821004,36913002,1091998,94937
784,35858074,36945546,1087472,75470
785,35901004,36974926,1073922,85374
786,35957002,37021002,1064000,88347
787,35999275,37093002,1093727,118056
788,36045334,37128172,1082838,69548
789,36079716,37169234,1089518,98345
790,36137002,37253003,1116001,128631
791,36181868,37301002,1119134,95132
792,36229004,37352804,1123800,91798
793,36269004,37385884,1116880,85065
794,36320992,37437003,1116011,100633
795,36370509,37485002,1114493,99017
796,36421530,37522851,1101321,69303
797,36452987,37562926,1109939,96087
798,36509002,37613003,1104001,102076
799,36561004,37671342,1110338,91070
800,36593738,37706545,1112807,73498
801,36632036,37736411,1104375,98828
802,36701002,37793002,1092000,100129
803,36744543,37825002,1080459,72881
804,36785428,37854709,1069281,59342
805,36815066,37874953,1059887,94177
806,36889002,37905002,1016000,62047
807,36921004,37925002,1003998,54205
808,36955213,38002516,1047303,106889
809,36984592,38046928,1062336,112819
810,37053002,38077002,1024000,78072
811,37101004,38109002,1007998,67996
812,37137004,38187868,1050864,120766
813,37178907,38223468,1044561,101692
814,37245002,38253189,1008187,80910
815,37296193,38281002,984809,74916
816,37343300,38361002,1017702,111171
817,37374474,38406926,1032452,76449
818,37405003,38446517,1041514,87119
819,37452534,38497003,1044469,111256
820,37513307,38544499,1031192,75190
821,37541004,38585587,1044583,105082
822,37605002,38614511,1009509,80923
823,37657004,38673002,1015998,98488
824,37697004,38715512,1018508,70506
825,37725004,38743111,1018107,94294
826,37791702,38765002,973300,50269
827,37820083,38797002,976919,96533
828,37884620,38819126,934506,53248
829,37915748,38830689,914941,72814
830,37977002,38881002,904000,83949
831,38010642,38945007,934365,109932
832,38056573,38981112,924539,67237
833,38087708,39021001,933293,101179
834,38149001,39057002,908001,84000
835,38197004,39078932,881928,57926
836,38233004,39113002,879998,63925
837,38262862,39178926,916064,124060
838,38321001,39229002,908001,98076
839,38369004,39273003,903999,71165
840,38396171,39305002,908831,72829
841,38437004,39366926,929922,113918
842,38489002,39409002,920000,88090
843,38535018,39450645,915627,80799
844,38574177,39483271,909094,63449
845,38605004,39534926,929922,111649
846,38665002,39575759,910757,81303
847,38705475,39628040,922565,120025
848,38773222,39657690,884468,59806
849,38803382,39709001,905619,116927
850,38869002,39750004,881002,71138
851,38899140,39781972,882832,77827
852,38945003,39833830,888827,73393
853,38966541,39906926,940385,119553
854,39013002,39937435,924433,65687
855,39048183,39977650,929467,61476
856,39069448,40007810,938362,54329
857,39093620,40071115,977495,138683
858,39169001,40113094,944093,93979
859,39221004,40151465,930461,84058
860,39266694,40201003,934309,79021
861,39296180,40248649,952469,92465
862,39341002,40288520,947518,99870
863,39401004,40333079,932075,84556
864,39441004,40405002,963998,104702
865,39473786,40464544,990758,102754
866,39517001,40490211,973210,70726
867,39562064,40509002,946938,69728
868,39613004,40541002,927998,67591
869,39648599,40643733,995134,131794
870,39677665,40682053,1004388,121980
871,39761329,40741002,979673,92300
872,39794684,40789002,994318,67571
873,39814258,40824699,1010441,94437
874,39873002,40854416,981414,74041
875,39917329,40901002,983673,86736
876,39957483,40941002,983519,68874
877,39986361,40985587,999226,95222
878,40037002,41027234,990232,81647
879,40077004,41057002,979998,72251
880,40119490,41129002,1009512,93552
881,40141045,41169034,1027989,73524
882,40174540,41198756,1024216,124183
883,40269004,41228035,959031,59185
884,40298914,41305704,1006790,99755
885,40321004,41351976,1030972,114267
886,40389002,41385626,996624,95161
887,40450516,41417002,966486,69860
888,40489004,41501074,1012070,114982
889,40519918,41512689,992771,60678
890,40569002,41626820,1057818,144858
891,40599732,41683702,1083970,87954
892,40630808,41729400,1098592,99889
893,40685003,41781002,1095999,61110
894,40694515,41815255,1120740,104305
895,40764571,41854613,1090042,108869
896,40834085,41886100,1052015,41025
897,40843626,41942927,1099301,138200
898,40925002,41993002,1068000,99162
899,40974092,42026414,1052322,66970
900,41007653,42056168,1048515,60935
901,41038838,42087730,1048892,89722
902,41097001,42137002,1040001,97287
903,41145019,42168160,1023141,75139
904,41189004,42205002,1015998,66357
905,41218523,42250514,1031991,107987
906,41281002,42309003,1028001,98487
907,41321004,42351905,1030901,85889
908,41363993,42389041,1025048,68857
909,41395717,42422334,1026617,110574
910,41473002,42443941,970939,69256
911,41520655,42548746,1028091,126536
912,41542389,42580556,1038167,41294
913,41551876,42601669,1049793,72507
914,41603273,42677003,1073730,105063
915,41633004,42728266,1095262,92319
916,41674062,42760932,1086870,71605
917,41713004,42794080,1081076,73133
918,41753012,42853003,1099991,104438
919,41798531,42905088,1106557,93594
920,41840042,42935998,1095956,71869
921,41881004,42969138,1088134,101135
922,41949002,43037003,1088001,109377
923,41990516,43082180,1091664,91662
924,42037004,43111997,1074993,61814
925,42069004,43145084,1076080,113081
926,42149002,43221003,1072001,109432
927,42182518,43258221,1075703,72324
928,42217627,43288061,1070434,53214
929,42241004,43320412,1079408,104346
930,42313002,43397002,1084000,110103
931,42346517,43435295,1088778,73424
932,42381652,43466517,1084865,60681
933,42411114,43496440,1085326,119808
934,42501002,43585210,1084208,122282
935,42534518,43625351,1090833,75307
936,42569687,43654500,1084813,49718
937,42590258,43686166,1095908,102406
938,42661002,43755273,1094271,117106
939,42709004,43795817,1086813,82056
940,42750519,43825568,1075049,60234
941,42781005,43857734,1076729,88160
942,42837002,43927113,1090111,117378
943,42885004,43976229,1091225,90622
944,42926513,44005982,1079469,60240
945,42957004,44038697,1081693,96710
946,43021002,44104404,1083402,105705
947,43061004,44154159,1093155,91267
948,43102519,44183860,1081341,60182
949,43133004,44239476,1106472,119611
950,43197002,44288460,1091458,88982
951,43237004,44331595,1094591,84703
952,43278576,44361002,1082426,59832
953,43309004,44383756,1074752,86748
954,43373001,44455273,1082272,105029
955,43406516,44505002,1098486,100214
956,43457004,44535701,1078697,58695
957,43485004,44591316,1106312,119609
958,43549002,44649433,1100431,98115
959,43589004,44681620,1092616,80183
960,43637004,44710658,1073654,61035
961,43669004,44770930,1101926,112266
962,43721001,44813173,1092172,83755
963,43762516,44853156,1090640,81495
964,43804031,44882408,1078377,62765
965,43837547,44942935,1105388,123978
966,43901001,44994815,1093814,85422
967,43934545,45025130,1090585,68622
968,43972854,45054376,1081522,62789
969,44006399,45123387,1116988,131610
970,44069001,45164115,1095114,82270
971,44110546,45204329,1093783,82668
972,44153004,45234017,1081013,61684
973,44185004,45314926,1129922,132903
974,44237002,45355460,1118458,88533
975,44285004,45385108,1100104,71160
976,44326519,45415807,1089288,61181
977,44357004,45489197,1132193,137384
978,44421002,45527417,1106415,78218
979,44461004,45557649,1096645,71743
980,44502519,45587809,1085290,60642
981,44533004,45650556,1117552,114741
982,44585001,45698399,1113398,95842
983,44633004,45738613,1105609,77267
984,44670059,45768773,1098714,61102
985,44701004,45820935,1119931,116156
986,44765001,45875903,1110902,102967
987,44813004,45909002,1095998,74611
988,44854518,45939683,1085165,49163
989,44873004,46015248,1142244,139559
990,44937002,46057006,1120004,83269
991,44978517,46086177,1107660,75654
992,45025004,46115947,1090943,61767
993,45057004,46178684,1121680,114732
994,45109002,46226397,1117395,95712
995,45157004,46259560,1102556,74713
996,45198556,46287643,1089087,58528
997,45229004,46363448,1134444,127800
998,45281002,46413002,1132000,97553
999,45329004,46443879,1114875,72388
1000,45370519,46473002,1102483,59606
1001,45401004,46534930,1133926,113922
1002,45453002,46578624,1125622,91692
1003,45501019,46615361,1114342,84719
1004,45549004,46645002,1095998,61649
1005,45581016,46706930,1125914,113910
1006,45633002,46756149,1123147,90749
1007,45674535,46787361,1112826,72696
1008,45716022,46817002,1100980,63154
1009,45749538,46894926,1145388,141384
1010,45813002,46930833,1117831,69419
1011,45846516,46959374,1112858,66819
1012,45884797,47021114,1136317,95253
1013,45918313,47072670,1154357,114241
1014,45981002,47114263,1133261,83105
1015,46022517,47141978,1119461,69193
1016,46063997,47205002,1141005,96550
1017,46097525,47249305,1151780,107776
1018,46161002,47287594,1126592,71801
1019,46194516,47317218,1122702,71108
1020,46236003,47377002,1140999,93297
1021,46269519,47435197,1165678,117674
1022,46329002,47464473,1135471,70788
1023,46370517,47493526,1123009,70535
1024,46412003,47561219,1149216,101206
1025,46445520,47610928,1165408,113187
1026,46509002,47641002,1132000,63604
1027,46542534,47671809,1129275,72283
1028,46584014,47732130,1148116,93834
1029,46617531,47774288,1156757,105625
1030,46681002,47812559,1131557,71782
1031,46714517,47842276,1127759,71199
1032,46756003,47917002,1160999,108240
1033,46789519,47970930,1181411,117407
1034,46853001,47991040,1138039,53622
1035,46886517,48021003,1134486,76447
1036,46933004,48081002,1147998,91996
1037,46965004,48130926,1165922,101918
1038,47017001,48173002,1156001,90075
1039,47065004,48203809,1138805,72318
1040,47106519,48269002,1162483,95675
1041,47137004,48313412,1176408,100404
1042,47193002,48342539,1149537,77125
1043,47241004,48372329,1131325,71301
1044,47282519,48445002,1162483,103155
1045,47313004,48489419,1176415,96411
1046,47365002,48518519,1153517,77098
1047,47413004,48548294,1135290,71288
1048,47454520,48625326,1170806,107513
1049,47485004,48659306,1174302,85974
1050,47537001,48688526,1151525,77220
1051,47585004,48753003,1167999,112474
1052,47633004,48794395,1161391,73390
1053,47665004,48837235,1172231,94834
1054,47717001,48867701,1150700,72003
1055,47758541,48925384,1166843,99225
1056,47800087,48979380,1179293,87508
1057,47833603,49022868,1189265,94884
1058,47885002,49049756,1164754,74886
1059,47933004,49100024,1167020,91780
1060,47974519,49157002,1182483,87459
1061,48005004,49192401,1187397,99393
1062,48069001,49230721,1161720,71832
1063,48102516,49281112,1178596,88669
1064,48140798,49322756,1181958,75157
1065,48174314,49346734,1172420,86662
1066,48237001,49366452,1129451,61229
1067,48278516,49386161,1107645,57224
1068,48316033,49405913,1089880,53254
1069,48349557,49427446,1077889,84974
1070,48413002,49447197,1034195,61291
1071,48454545,49498172,1043627,92470
1072,48496044,49526808,1030764,62150
1073,48529560,49539839,1010279,64470
1074,48581002,49549481,968479,57641
1075,48629004,49559085,930081,51116
1076,48670519,49568758,898239,40155
1077,48701019,49599544,898525,82765
1078,48753002,49619270,866268,67725
1079,48801004,49638499,837495,60738
1080,48842517,49648159,805642,40145
1081,48873004,49657768,784764,61603
1082,48925002,49667362,742360,57592
1083,48973004,49713651,740647,94285
1084,49021004,49744218,723214,62563
1085,49053004,49756151,703147,63928
1086,49105001,49765815,660814,51172
1087,49146517,49819997,673480,100681
1088,49193019,49895268,702249,107252
1089,49225004,49914963,689959,71689
1090,49277001,49971945,694944,112981
1091,49333004,50035864,702860,113432
1092,49382519,50077878,695359,75493
1093,49416001,50119522,703521,114641
1094,49489002,50142622,653620,83098
1095,49549004,50172358,623354,71248
1096,49590520,50250709,660189,120831
1097,49633004,50282839,649835,96125
1098,49697002,50315331,618329,96491
1099,49761004,50389140,628136,99552
1100,49786750,50416673,629923,49783
1101,49809004,50473366,664362,112688
1102,49865002,50486969,621967,69602
1103,49921004,50559558,638554,98895
1104,49947313,50612682,665369,70811
1105,49965004,50643852,678848,95164
1106,50029002,50704342,675340,108488
1107,50077004,50754032,677028,87197
1108,50114515,50785951,671436,66404
1109,50149004,50815605,666601,81649
1110,50201002,50842699,641697,83092
1111,50257004,50861807,604803,52619
1112,50290519,50944801,654282,117475
1113,50325004,50993952,668948,101145
1114,50377002,51024684,647682,72244
1115,50418517,51070724,652207,92524
1116,50465004,51112378,647374,69651
1117,50493004,51144153,651149,91769
1118,50553002,51192339,639337,96184
1119,50601004,51257404,656400,97564
1120,50633506,51291412,657906,57502
1121,50657004,51341746,684742,122328
1122,50729002,51351384,622382,43149
1123,50762516,51401198,638682,99297
1124,50812003,51450939,638936,83254
1125,50845519,51484881,639362,101422
1126,50913002,51526651,613649,83281
1127,50954517,51556384,601867,67326
1128,50992113,51624087,631974,92590
1129,51017004,51690041,673037,125948
1130,51077002,51719753,642751,77711
1131,51125004,51749406,624402,67165
1132,51162518,51806009,643491,68010
1133,51173928,51858603,684675,139664
1134,51261002,51869942,608940,52850
1135,51302517,51898149,595632,74690
1136,51349004,51960313,611309,94160
1137,51381004,52008531,627527,100213
1138,51433002,52055007,622005,94474
1139,51481004,52084630,603626,71134
1140,51522519,52134491,611972,80342
1141,51553004,52186192,633188,103695
1142,51605002,52233991,628989,95797
1143,51653004,52263646,610642,77652
1144,51701004,52349684,648680,118035
1145,51733004,52392139,659135,94450
1146,51785002,52424763,639761,66136
1147,51818517,52455964,637447,76683
1148,51864003,52505620,641617,83169
1149,51897519,52540793,643274,114652
1150,51977002,52571459,594457,72177
1151,52018516,52604112,585596,66136
1152,52052002,52633818,581816,63218
1153,52085518,52699427,613909,117089
1154,52137002,52770686,633684,119257
1155,52185004,52789835,604831,60656
1156,52226515,52877536,651021,118187
1157,52257004,52904931,647927,79389
1158,52309001,52952012,643011,103080
1159,52365004,52994984,629980,88484
1160,52410519,53036622,626103,72120
1161,52441004,53078307,637303,93681
1162,52493003,53110700,617697,88390
1163,52549004,53144270,595266,71083
1164,52586520,53202010,615490,76220
1165,52605004,53243660,638656,89645
1166,52653001,53282666,629665,85436
1167,52699434,53292352,592918,59253
1168,52749004,53326047,577043,67206
1169,52782519,53387724,605205,108157
1170,52829002,53455831,626829,100106
1171,52861004,53477533,616529,60248
1172,52899553,53523210,623657,85750
1173,52939630,53577848,638218,84148
1174,52969143,53631130,661987,141139
1175,53057004,53669129,612125,73148
1176,53092155,53710769,618614,71265
1177,53121783,53752451,630668,116908
1178,53197012,53812580,615568,102495
1179,53239381,53882254,642873,109886
1180,53279596,53891889,612293,39164
1181,53309129,53931508,622379,123488
1182,53393002,53982045,589043,84913
1183,53427382,54057851,630469,119883
1184,53471462,54089849,618387,60901
1185,53500369,54130076,629707,120856
1186,53581002,54193831,612829,107034
1187,53624284,54221606,597322,41286
1188,53637799,54262919,625120,50800
1189,53647289,54302084,654795,92985
1190,53701112,54333843,632731,81236
1191,53750592,54424676,674084,115257
1192,53775019,54469948,694929,54760
1193,53784510,54507591,723081,114131
1194,53861002,54586693,725691,122963
1195,53904867,54624329,719462,65631
1196,53932866,54666046,733180,61289
1197,53952440,54707648,755208,122161
1198,54033002,54772311,739309,96661
1199,54065004,54806019,741015,79420
1200,54110718,54859654,748936,75664
1201,54132749,54929309,796560,133905
1202,54197001,54962992,765991,81683
1203,54245004,55008630,763626,89635
1204,54289004,55054331,765327,66344
1205,54309651,55109834,800183,130850
1206,54385002,55143444,758442,71930
1207,54423325,55171925,748600,50552
1208,54445399,55229539,784140,77753
1209,54465542,55255180,789638,81208
1210,54521112,55303954,782842,88987
1211,54561328,55325651,764323,63186
1212,54602820,55375376,772556,78605
1213,54631704,55396545,764841,74463
1214,54685002,55488914,803912,144799
1215,54737436,55550288,812852,101584
1216,54777650,55587927,810277,47689
1217,54787703,55632609,844906,110088
1218,54853121,55661899,808778,78842
1219,54902685,55735673,832988,104629
1220,54933543,55762722,829179,47152
1221,54953650,55792504,838854,93240
1222,55017111,55835318,818207,92327
1223,55066627,55880143,813516,78286
1224,55100090,55950554,850464,89950
1225,55119633,55960242,840609,91053
1226,55201002,56040563,839561,124751
1227,55245435,56065803,820368,65451
1228,55285649,56107491,821842,71846
1229,55315810,56138675,822865,80372
1230,55365002,56180199,815197,81697
1231,55405178,56253826,848648,92838
1232,55424393,56290979,866586,81843
1233,55469085,56323607,854522,76542
1234,55513002,56354657,841655,79049
1235,55561004,56420344,859340,105517
1236,55600837,56478008,877171,91177
1237,55634354,56487610,853256,72246
1238,55697002,56524535,827533,70437
1239,55730516,56546237,815721,76188
1240,55785004,56634573,849569,120333
1241,55817004,56672212,855208,105633
1242,55885002,56700894,815892,70193
1243,55926517,56788004,861487,123867
1244,55963277,56825676,862399,47154
1245,55972762,56855363,882601,85924
1246,56029002,56929349,900347,137984
1247,56093004,56972503,879499,88828
1248,56138681,57018162,879481,67979
1249,56161004,57045732,884728,87564
1250,56221002,57066810,845808,69077
1251,56269004,57136637,867633,111339
1252,56310519,57183168,872649,73012
1253,56337004,57223528,886524,92355
1254,56389001,57285437,896436,125908
1255,56453004,57315214,862210,65903
1256,56489133,57380628,891495,79739
1257,56503461,57411987,908526,108897
1258,56581002,57453901,872899,75426
1259,56614517,57463529,849012,51105
1260,56655997,57529341,873344,89719
1261,56679907,57561622,881715,97373
1262,56745002,57606595,861593,92971
1263,56793004,57645355,852351,80272
1264,56834519,57688199,853680,63692
1265,56855370,57721359,865989,98788
1266,56921002,57769510,848508,104149
1267,56977004,57825394,848390,105397
1268,57026520,57857009,830489,50830
1269,57045738,57918833,873095,145084
1270,57129002,57951211,822209,73890
1271,57170517,57977779,807262,68048
1272,57212000,57987470,775470,19203
1273,57221515,58071053,849538,163067
1274,57301005,58120804,819799,91311
1275,57342569,58141802,799233,62482
1276,57384056,58160334,776278,52045
1277,57417573,58220606,803033,127697
1278,57485002,58282345,797343,103251
1279,57526518,58304586,778068,59725
1280,57564004,58337011,773007,65936
1281,57597519,58382838,785319,125307
1282,57677002,58439259,762257,89932
1283,57710517,58469041,758524,64914
1284,57745653,58508171,762518,58478
1285,57765004,58528771,763767,100594
1286,57845002,58547627,702625,60367
1287,57886517,58642462,755945,145318
1288,57937004,58675386,738382,64920
1289,57969004,58703270,734266,95878
1290,58037001,58714870,677869,53113
1291,58078518,58829380,750862,151993
1292,58116004,58849671,733667,53803
1293,58149519,58879344,729825,97152
1294,58217002,58979669,762667,141837
1295,58258517,59013329,754812,68764
1296,58293624,59042965,749341,65011
1297,58329001,59095267,766266,120299
1298,58397002,59158683,761681,104958
1299,58438547,59201907,763360,89677
1300,58485004,59222141,737137,52232
1301,58517004,59267908,750904,93761
1302,58565002,59325563,760561,89654
1303,58597004,59359674,762670,75623
1304,58638519,59381344,742825,64151
1305,58681004,59417990,736986,84641
1306,58729002,59427652,698650,49661
1307,58769004,59517540,748536,137885
1308,58817004,59527126,710122,51099
1309,58858519,59556825,698306,99200
1310,58928023,59668526,740503,160679
1311,58977005,59694098,717093,65567
1312,59017004,59745848,728844,83762
1313,59049019,59775486,726467,97618
1314,59117002,59856581,739579,121093
1315,59157004,59886253,729249,71185
1316,59198519,59895846,697327,40074
1317,59229004,59935892,706888,108040
1318,59297002,60034963,737961,140583
1319,59338518,60067243,728725,77764
1320,59384004,60122109,738105,88415
1321,59417557,60169855,752298,115187
1322,59485002,60224545,739543,104198
1323,59534514,60266225,731711,83163
1324,59576001,60298259,722258,57034
1325,59601004,60345356,744352,107091
1326,59661002,60410774,749772,106929
1327,59702517,60457152,754635,83861
1328,59740003,60498239,758236,66084
1329,59765004,60547925,782921,105680
1330,59821002,60599167,778165,99240
1331,59869004,60647399,778395,76708
1332,59897483,60689005,791522,65123
1333,59921004,60722640,801636,105629
1334,59993001,60800549,807548,111422
1335,60026518,60822328,795810,68261
1336,60073004,60878677,805673,65860
1337,60082518,60920340,837822,116143
1338,60157002,60989517,832515,109175
1339,60197004,61016068,819064,58343
1340,60228799,61061299,832500,69433
1341,60253004,61094492,841488,105188
1342,60325002,61185179,860177,124199
1343,60358517,61198158,839641,54462
1344,60400003,61245181,845178,72021
1345,60425004,61298930,873926,113743
1346,60485001,61366991,881990,109574
1347,60526518,61399434,872916,69954
1348,60564032,61459072,895040,84606
1349,60589004,61500748,911744,101670
1350,60649002,61552413,903411,93176
1351,60690517,61584106,893589,65773
1352,60724600,61643626,919026,83921
1353,60749004,61690628,941624,118996
1354,60821002,61737768,916766,80651
1355,60854516,61791345,936829,95060
1356,60896002,61841737,945735,59905
1357,60905519,61871389,965870,101132
1358,60977002,61946277,969275,116399
1359,61018517,61969734,951217,64940
1360,61060003,62011377,951374,51157
1361,61069519,62053068,983549,113170
1362,61141002,62132592,991590,121035
1363,61182516,62154339,971823,63258
1364,61224030,62219308,995278,89939
1365,61249004,62228976,979972,69662
1366,61309002,62324195,1015193,136730
1367,61350516,62355574,1005058,68862
1368,61388011,62389191,1001180,58599
1369,61413004,62448834,1035830,123637
1370,61477002,62519083,1042081,111806
1371,61518562,62541325,1022763,52621
1372,61548944,62580168,1031224,62899
1373,61573004,62627951,1054947,119778
1374,61645002,62695012,1050010,100573
1375,61678517,62727308,1048791,73807
1376,61720031,62786799,1066768,69031
1377,61729575,62849185,1119610,133809
1378,61801002,62881220,1080218,73546
1379,61842517,62924913,1082396,85176
1380,61884003,62972363,1088360,56961
1381,61893517,63007780,1114263,106898
1382,61965002,63078127,1113125,111858
1383,62006517,63133895,1127378,97251
1384,62048003,63163548,1115545,54651
1385,62073004,63193578,1120574,90024
1386,62133002,63282278,1149276,130212
1387,62174516,63332228,1157712,87434
1388,62212002,63369937,1157935,62707
1389,62237004,63380102,1143098,70160
1390,62297002,63463103,1166101,124516
1391,62338520,63472796,1134276,47176
1392,62376006,63519922,1143916,72120
1393,62401004,63577708,1176704,117780
1394,62461002,63649908,1188906,113711
1395,62502517,63689284,1186767,73472
1396,62536617,63730897,1194280,65996
1397,62561004,63772556,1211552,113653
1398,62633002,63840628,1207626,101584
1399,62666517,63874488,1207971,75343
1400,62708004,63931788,1223784,66813
1401,62717519,63964177,1246658,103868
1402,62789002,63996327,1207325,73663
1403,62830517,64045952,1215435,91166
1404,62872060,64069998,1197938,33559
1405,62881576,64119617,1238041,121041
1406,62953002,64181531,1228529,103426
1407,62994517,64203255,1208738,63207
1408,63036004,64275263,1239259,93004
1409,63057004,64312492,1255488,105224
1410,63125002,64349480,1224478,93001
1411,63181019,64393255,1212236,93311
1412,63230558,64434948,1204390,72135
1413,63261004,64491801,1230797,124848
1414,63329002,64549068,1220066,106778
1415,63378517,64589543,1211026,94958
1416,63433004,64632676,1199672,75130
1417,63465004,64662355,1197351,97674
1418,63533002,64696086,1163084,75242
1419,63574517,64717670,1143153,63067
1420,63616003,64757437,1141434,49279
1421,63625519,64799356,1173837,117399
1422,63701002,64869688,1168686,110330
1423,63741004,64899391,1158387,71214
1424,63782519,64961108,1178589,71200
1425,63792004,64980778,1188774,96664
1426,63869002,65043537,1174535,96270
1427,63902517,65073194,1170677,64788
1428,63937651,65082863,1145212,41019
1429,63969004,65185569,1216565,178700
1430,64045002,65221218,1176216,77162
1431,64086517,65250923,1164406,71188
1432,64128003,65322656,1194653,92730
1433,64149004,65366762,1217758,112100
1434,64217002,65396872,1179870,71621
1435,64258517,65456776,1198259,101415
1436,64300031,65509973,1209942,74711
1437,64321548,65550203,1228655,119680
1438,64401002,65580113,1179111,69908
1439,64441004,65654139,1213135,115538
1440,64482519,65688196,1205677,52538
1441,64501004,65720426,1219422,112225
1442,64581002,65757117,1176115,78198
1443,64622513,65835229,1212716,123594
1444,64668000,65867432,1199432,65715
1445,64701516,65897105,1195589,109155
1446,64781002,65959512,1178510,102405
1447,64821004,65999254,1178250,83738
1448,64865004,66056245,1191241,66502
1449,64874519,66085957,1211438,104191
1450,64949002,66145824,1196822,93378
1451,64982516,66187818,1205302,80266
1452,65020792,66223389,1202597,69084
1453,65054308,66243109,1188801,82411
1454,65117002,66320608,1203606,111011
1455,65150518,66370085,1219567,86960
1456,65188004,66404343,1216339,67779
1457,65221527,66434145,1212618,93274
1458,65285001,66500572,1215571,102426
1459,65321004,66522301,1201297,59241
1460,65358520,66564252,1205732,72432
1461,65389004,66603585,1214581,103327
1462,65453002,66662029,1209027,98442
1463,65493004,66707499,1214495,87019
1464,65534556,66759793,1225237,82738
1465,65565004,66789505,1224501,81706
1466,65617002,66854764,1237762,113258
1467,65665004,66892375,1227371,79156
1468,65706553,66919887,1213334,45959
1469,65725004,66949658,1224654,93766
1470,65789002,67036618,1247616,128471
1471,65830516,67068460,1237944,78326
1472,65877004,67102084,1225080,65621
1473,65909004,67131884,1222880,81794
1474,65961001,67208592,1247591,124708
1475,66009004,67242359,1233355,75279
1476,66050520,67276036,1225516,64158
1477,66081004,67305813,1224809,81772
1478,66133002,67381406,1248404,123591
1479,66181004,67431133,1250129,91239
1480,66222519,67462875,1240356,62223
1481,66253004,67483977,1230973,73094
1482,66305002,67560580,1255578,124601
1483,66353004,67588253,1235249,69185
1484,66394519,67619854,1225335,62083
1485,66425004,67649577,1224573,81717
1486,66477002,67743470,1266468,149891
1487,66533004,67776273,1243269,74315
1488,66574520,67791112,1216592,33319
1489,66593004,67829554,1236550,102436
1490,66657001,67916543,1259542,128501
1491,66698517,67946149,1247632,76089
1492,66745004,67990774,1245770,76621
1493,66777004,68050535,1273531,111755
1494,66829002,68104884,1275882,102347
1495,66877004,68134544,1257540,71172
1496,66918519,68173585,1255066,69523
1497,66949004,68183203,1234199,61612
1498,67001001,68279114,1278113,143911
1499,67049004,68290803,1241799,53232
1500,67090550,68330695,1240145,70342
1501,67121004,68360310,1239306,81609
1502,67173001,68455653,1282652,143342
1503,67221004,68486541,1265537,72394
1504,67262512,68496230,1233718,40177
1505,67293004,68534642,1241638,90407
1506,67345001,68635919,1290918,157276
1507,67401004,68655094,1254090,60687
1508,67442520,68684877,1242357,48263
1509,67461004,68752650,1291646,131767
1510,67525001,68806107,1281106,101456
1511,67573004,68835906,1262902,71304
1512,67614512,68865638,1251126,60220
1513,67645004,68934579,1289575,120936
1514,67697001,68984025,1287024,90958
1515,67738517,69013698,1275181,76157
1516,67785004,69023289,1238285,41588
1517,67817004,69113128,1296124,153824
1518,67881010,69161918,1280908,82302
1519,67914526,69191600,1277074,67991
1520,67952838,69221235,1268397,63148
1521,67986353,69230810,1244457,72220
1522,68049002,69336981,1287979,147683
1523,68090517,69366594,1276077,71095
1524,68132003,69396337,1264334,63250
1525,68165513,69450265,1284752,105414
1526,68217002,69512202,1295200,109935
1527,68265004,69541386,1276382,70695
1528,68306519,69571082,1264563,60177
1529,68337004,69614936,1277932,107848
1530,68401002,69688939,1287937,107514
1531,68434516,69698659,1264143,56220
1532,68481019,69728435,1247416,61758
1533,68513004,69758153,1245149,81712
1534,68565001,69865654,1300653,155500
1535,68613004,69895296,1282292,71154
1536,68654520,69925139,1270619,60323
1537,68685019,69980713,1295694,107554
1538,68737001,70045263,1308262,112549
1539,68785004,70064320,1279316,60568
1540,68826519,70094148,1267629,60309
1541,68857004,70154880,1297876,112726
1542,68909002,70216477,1307475,117595
1543,68965004,70237696,1272692,62742
1544,69006530,70259034,1252504,39824
1545,69025019,70334762,1309743,139707
1546,69089002,70392335,1303333,99085
1547,69130517,70422184,1291667,76333
1548,69177004,70451827,1274823,61639
1549,69209004,70511778,1302774,111945
1550,69261002,70573042,1312040,109262
1551,69309004,70591144,1282140,59613
1552,69350519,70657128,1306609,96466
1553,69381004,70698626,1317622,93492
1554,69433002,70742495,1309493,91867
1555,69481004,70752161,1271157,51171
1556,69522513,70781959,1259446,60286
1557,69553004,70895927,1342923,165962
1558,69605002,70927143,1322141,72727
1559,69646517,70946078,1299561,65418
1560,69693004,70955766,1262762,41684
1561,69725004,71034743,1309739,142972
1562,69789002,71101181,1312179,99949
1563,69822517,71121520,1299003,58615
1564,69860796,71179214,1318418,91208
1565,69894312,71221191,1326879,104663
1566,69957002,71272579,1315577,92929
1567,69998547,71302297,1303750,71228
1568,70040061,71352169,1312108,83386
1569,70073578,71411073,1337495,122324
1570,70137002,71450064,1313062,72502
1571,70170516,71479733,1309217,67947
1572,70208797,71549384,1340587,103193
1573,70242344,71587000,1344656,100270
1574,70305001,71632569,1327568,87080
1575,70346516,71654238,1307722,63152
1576,70388003,71687842,1299839,67147
1577,70421548,71721462,1299914,97070
1578,70485002,71751626,1266624,63675
1579,70518516,71773324,1254808,63209
1580,70560031,71782951,1222920,43139
1581,70593547,71808572,1215025,89073
1582,70657002,71831069,1174067,62496
1583,70697004,71856696,1159692,67139
1584,70738519,71866200,1127681,39986
1585,70769004,71891642,1122638,77437
1586,70821001,71909292,1088291,59155
1587,70862510,71934674,1072164,71873
1588,70909019,71944102,1035083,41409
1589,70941004,71969599,1028595,89491
1590,71005001,71985168,980167,49082
1591,71038517,72010549,972032,63686
1592,71076826,72020068,943242,43032
1593,71110343,72045473,935130,88060
1594,71173001,72060741,887740,56783
1595,71214519,72086184,871665,66927
1596,71256005,72095612,839607,42936
1597,71289516,72121040,831524,88910
1598,71353002,72136619,783617,49092
1599,71386517,72146204,759687,51065
1600,71428003,72155626,727623,42936
1601,71461520,72165027,703507,72880
