step,start,end,latency,execution
1,0,183978,183978,195372
2,16994,316372,299378,159280
3,43889,448926,405037,153732
4,65071,572293,507222,164265
5,105971,699187,593216,158320
6,137401,798470,661069,128188
7,166309,896898,730589,138568
8,206452,1007405,800953,138880
9,234827,1107914,873087,130274
10,264596,1203023,938427,126288
11,295779,1310967,1015188,151164
12,339006,1411464,1072458,128208
13,366723,1501929,1135206,99770
14,376032,1617324,1241292,144921
15,405562,1717939,1312377,130918
16,435869,1810001,1374132,139734
17,483543,1925739,1442196,145015
18,512825,2023040,1510215,126607
19,542134,2113978,1571844,100206
20,551405,2208835,1657430,150707
21,607262,2327422,1720160,148060
22,636738,2411540,1774802,121856
23,674479,2506884,1832405,104616
24,683755,2594967,1911212,160117
25,755793,2682933,1927140,168096
26,835926,2770919,1934993,168407
27,916351,2858966,1942615,156909
28,985217,2946933,1961716,170293
29,1067547,3037590,1970043,166989
30,1143883,3126886,1983003,170004
31,1224595,3214919,1990324,155149
32,1291715,3303021,2011306,168167
33,1371783,3390918,2019135,167654
34,1451544,3478934,2027390,165277
35,1528808,3570967,2042159,160426
36,1597204,3653342,2056138,162627
37,1677459,3743919,2066460,168784
38,1755669,3834505,2078836,170643
39,1835729,3922982,2087253,156366
40,1903622,4011090,2107468,167921
41,1983439,4101380,2117941,168550
42,2061702,4190982,2129280,171900
43,2144003,4278917,2134914,170728
44,2226800,4366933,2140133,158372
45,2297160,4454982,2157822,158421
46,2367536,4542981,2175445,179490
47,2459030,4631010,2171980,176037
48,2547042,4722957,2175915,179913
49,2635011,4809462,2174451,174500
50,2723010,4898919,2175909,177454
51,2811011,4986934,2175923,176013
52,2899011,5074982,2175971,176043
53,2987009,5162918,2175909,178385
54,3077461,5250982,2173521,177610
55,3167011,5346517,2179506,183532
56,3255011,5461058,2206047,202542
57,3343016,5592896,2249880,219831
58,3431011,5704856,2273845,199956
59,3519011,5820901,2301890,204703
60,3607673,5940858,2333185,208948
61,3696668,6064935,2368267,212450
62,3785044,6188848,2403804,213387
63,3874522,6292874,2418352,192512
64,3963011,6416897,2453886,212271
65,4051263,6524922,2473659,198218
66,4141458,6648942,2507484,214279
67,4231721,6752897,2521176,191241
68,4319011,6872896,2553885,207996
69,4407011,6988874,2581863,203974
70,4495011,7104835,2609824,203958
71,4583010,7219638,2636628,202998
72,4671208,7340847,2669639,209638
73,4759640,7436846,2677206,185525
74,4849169,7517768,2668599,170762
75,4939011,7610483,2671472,180712
76,5027011,7691347,2664336,168861
77,5115011,7786438,2671427,183087
78,5203011,7872855,2669844,174525
79,5291123,7953782,2662659,182639
80,5405563,8046490,2640927,220040
81,8047408,8360977,313569,316935
82,8056941,8382519,325578,53473
83,8088880,8568884,480004,215835
84,8118353,8608177,489824,86500
85,8165564,8781976,616412,213797
86,8205566,8826931,621365,98851
87,8259464,9000886,741422,224053
88,8309566,9022495,712929,81533
89,8369493,9216902,847409,250477
90,8425573,9262323,836750,89910
91,8470065,9420888,950823,206923
92,8518426,9452530,934104,100676
93,8587463,9640172,1052709,237741
94,8637566,9663005,1025439,64727
95,8679463,9851371,1171908,239287
96,8730388,9883434,1153046,94247
97,8792575,10062436,1269861,227397
98,8840972,10093942,1252970,82732
99,8892201,10273551,1381350,229874
100,8942469,10305069,1362600,73596
101,8984550,10494738,1510188,263177
102,9058062,10534182,1476120,88849
103,9107469,10695725,1588256,207637
104,9153566,10728255,1574689,79480
105,9200519,10908072,1707553,243182
106,9263886,10947656,1683770,91663
107,9315969,11124927,1808958,223906
108,9362606,11160235,1797629,75403
109,9402704,11333798,1931094,248743
110,9477887,11363273,1885386,79048
111,9527464,11524900,1997436,202524
112,9568365,11554354,1985989,75598
113,9614512,11728852,2114340,257548
114,9697566,11764150,2066584,77198
115,9739469,11924919,2185450,206862
116,9785566,11946476,2160910,67805
117,9831818,12113822,2282004,235846
118,9900321,12153633,2253312,86951
119,9947463,12304513,2357050,194213
120,9990799,12374019,2383220,119353
121,10040649,12519028,2478379,221923
122,10117566,12554215,2436649,77081
123,10159463,12704814,2545351,203074
124,10211940,12730447,2518507,65846
125,10252156,12872908,2620752,198469
126,10308167,12894448,2586281,82937
127,10369568,13048970,2679402,196787
128,10411836,13076478,2664642,70504
129,10454836,13221150,2766314,205916
130,10516084,13246667,2730583,81275
131,10571845,13432924,2861079,225472
132,10611063,13454935,2843872,72892
133,10661948,13640897,2978949,242606
134,10718596,13662704,2944108,81137
135,10777930,13824884,3046954,196155
136,10811908,13858342,3046434,98685
137,10877138,14024928,3147790,234142
138,10944697,14046967,3102270,60022
139,10982683,14212897,3230214,218522
140,11035278,14242346,3207068,58832
141,11064665,14408952,3344287,262201
142,11160263,14438480,3278217,72506
143,11203244,14604857,3401613,235896
144,11272767,14626822,3354055,51272
145,11302078,14792858,3490780,279850
146,11415895,14818308,3402413,71387
147,11461835,14977519,3515684,282510
148,11585138,15007163,3422025,51375
149,11606876,15176955,3570079,267658
150,11704745,15202455,3497710,85288
151,11764536,15364857,3600321,265300
152,11867437,15386722,3519285,43962
153,11889538,15552809,3663271,299769
154,12023224,15595994,3572770,65097
155,12045139,15748848,3703709,281921
156,12174209,15774375,3600166,64906
157,12213631,15896921,3683290,235267
158,12326356,15922372,3596016,40450
159,12341359,16027286,3685927,240295
160,12476743,16052755,3576012,36758
161,12488035,16168847,3680812,225312
162,12597257,16186657,3589400,64822
163,12644272,16308895,3664623,250701
164,12772738,16326394,3553656,38809
165,12794052,16436895,3642843,257502
166,12941056,16454296,3513240,46708
167,12970366,16564870,3594504,256947
168,13116742,16590263,3473521,46735
169,13138087,16696883,3558796,267484
170,13298953,16722324,3423371,34966
171,13337562,16819843,3482281,276721
172,13516767,16829352,3312585,34151
173,16830498,17203569,373071,379525
174,16840035,17250098,410063,56413
175,16849928,17269524,419596,79061
176,16909569,17484935,575366,255405
177,16949566,17558400,608834,121465
178,16997569,17623820,626251,153411
179,17085564,17812144,726580,249634
180,17146877,17853680,706803,127130
181,17232474,17917174,684700,152580
182,17321564,18125118,803554,261306
183,17374928,18146883,771955,91163
184,17444330,18248331,804001,202679
185,17545564,18368935,823371,181943
186,17606907,18446468,839561,138989
187,17668367,18519898,851531,150624
188,17745564,18715917,970353,269355
189,17818903,18725397,906494,88139
190,17897566,18807732,910166,154330
191,17969564,19020872,1051308,278513
192,18034942,19082280,1047338,122978
193,18096514,19117004,1020490,139770
194,18201564,19308155,1106591,263149
195,18273566,19373670,1100104,121580
196,18329635,19443055,1113420,165310
197,18425564,19619181,1193617,237437
198,18486878,19664565,1177687,110100
199,18551597,19743990,1192393,157388
200,18629564,19910051,1280487,227373
201,18690878,19968232,1277354,135466
202,18768167,20041644,1273477,166806
203,18861564,20200900,1339336,208570
204,18910881,20262362,1351481,140144
205,18989567,20327800,1338233,153431
206,19077564,20497036,1419472,245234
207,19153566,20534537,1380971,98836
208,19214905,20634708,1419803,174826
209,19289564,20801427,1511863,216026
210,19338875,20866886,1528011,154771
211,19428189,20936300,1508111,162785
212,19521564,21093886,1572322,186896
213,19550878,21111363,1560485,111425
214,19644829,21212812,1567983,194180
215,19737564,21393000,1655436,245514
216,19802894,21416477,1613583,85080
217,19864499,21519212,1654713,191797
218,19953564,21717974,1764410,278761
219,20033566,21739377,1705811,57402
220,20069569,21844815,1775246,201430
221,20165564,22030362,1864798,262857
222,20242877,22075869,1832992,106788
223,20304162,22149348,1845186,166877
224,20397579,22334932,1937353,214937
225,20426935,22376379,1949444,135636
226,20521128,22441834,1920706,161888
227,20617564,22556922,1939358,168397
228,20670877,22574324,1903447,82350
229,20735828,22615774,1879946,139183
230,20833564,22744888,1911324,194470
231,20898924,22762346,1863422,78830
232,20960298,22799958,1839660,122874
233,21045564,22924900,1879336,206247
234,21126877,22942351,1815474,82764
235,21192193,22983762,1791569,126779
236,21277564,23104896,1827332,182443
237,21338877,23122404,1783527,86789
238,21408162,23163815,1755653,134810
239,21501564,23288882,1787318,189066
240,21565566,23306323,1740757,58781
241,21606909,23347890,1740981,109687
242,21675033,23469016,1793983,235655
243,21789566,23486592,1697026,78882
244,21850876,23528189,1677313,107362
245,21925564,23623105,1697541,164468
246,21995121,23632555,1637434,98728
247,22084401,23642001,1557600,109091
248,23643240,24095535,452295,455845
249,23653136,24129922,476786,44320
250,23663078,24224656,561578,104351
251,23672701,24296945,624244,139312
252,23739728,24435504,695776,198875
253,23800048,24475089,675041,129115
254,23889581,24575162,685581,144484
255,23933994,24638494,704500,170900
256,24041568,24784911,743343,226411
257,24121566,24825979,704413,145402
258,24225903,24889371,663468,113656
259,24276169,24971210,695041,195231
260,24389564,25130984,741420,232416
261,24462208,25151718,689510,126264
262,24567742,25264276,696534,158379
263,24613581,25308223,694642,163926
264,24733564,25467772,734208,235310
265,24809329,25504769,695440,131394
266,24903728,25596022,692294,141517
267,24953994,25660760,706766,176304
268,25065564,25821434,755870,248672
269,25153581,25852934,699353,119481
270,25241581,25935582,694001,135650
271,25294586,26011137,716551,190529
272,25409564,26172209,762645,237195
273,25485690,26194381,708691,114044
274,25577581,26288558,710977,148535
275,25631942,26357775,725833,194836
276,25757564,26498690,741126,213570
277,25830223,26538157,707934,129944
278,25920703,26620219,699516,142378
279,25981022,26704739,723717,201058
280,26097564,26871635,774071,246913
281,26177584,26883933,706349,92277
282,26257581,26986082,728501,165572
283,26321008,27043656,722648,174127
284,26437564,27198208,760644,230660
285,26513676,27285632,771956,175311
286,26601580,27315153,713573,92412
287,26664475,27374644,710169,168576
288,26773579,27556927,783348,251900
289,26843200,27571458,728258,116897
290,26945568,27658934,713366,139470
291,26997566,27718420,720854,175481
292,27113564,27901597,788033,275175
293,27205566,27915829,710263,99852
294,27291190,28008453,717263,138997
295,27337566,28068054,730488,179595
296,27457564,28256888,799324,258170
297,27526904,28310261,783357,150408
298,27623943,28339849,715906,87207
299,27681566,28412023,730457,188168
300,27797564,28599088,801524,256375
301,27866877,28651621,784744,151218
302,27965566,28681138,715572,84955
303,28021007,28740669,719662,176084
304,28137564,28944901,807337,273542
305,28206878,29002204,795326,154256
306,28303835,29031705,727870,89816
307,28364154,29175738,811584,257431
308,28477564,29281036,803472,174608
309,28546888,29346345,799457,160148
310,28641730,29406433,764703,127920
311,28709566,29525965,816399,231526
312,28821564,29632270,810706,179620
313,28894881,29693681,798800,152202
314,28985675,29733316,747641,91305
315,29037348,29861165,823817,252062
316,29161564,29989842,828278,201990
317,29234881,30021279,786398,130118
318,29333566,30094181,760615,124899
319,29385566,30234033,848467,255846
320,29501564,30330241,828677,173521
321,29578881,30385731,806850,142171
322,29665566,30435280,769714,102935
323,29718955,30575190,856235,266515
324,29845564,30684861,839297,178904
325,29914800,30726857,812057,135880
326,30008688,30789647,780959,113052
327,30058954,30904537,845583,237496
328,30181564,31025954,844390,198730
329,30258881,31050715,791834,114564
330,30348688,31126315,777627,132474
331,30405566,31263743,858177,253423
332,30521564,31376555,854991,198117
333,30606873,31399126,792253,84277
334,30668581,31466752,798171,140930
335,30741889,31608155,866266,261074
336,30861564,31721438,859874,186670
337,30934955,31732925,797970,82812
338,31006284,31818667,812383,161020
339,31081566,31948076,866510,245403
340,31197564,32064928,867364,208831
341,31289546,32086461,796915,85549
342,31353566,32154528,800962,139504
343,31425007,32291939,866932,257964
344,31545564,32402683,857119,192054
345,31626877,32436093,809216,99110
346,31692581,32479550,786969,116438
347,31765566,32596945,831379,245389
348,31893564,32748914,855350,221276
349,31962875,32770438,807563,95226
350,32036580,32918245,881665,213225
351,32102001,32967678,865677,176992
352,32229564,33096084,866520,197716
353,32298877,33118885,820008,101486
354,32377566,33265913,888347,219025
355,32449566,33315325,865759,169406
356,32569564,33439253,869689,197241
357,32642880,33458722,815842,89165
358,32712580,33606565,893985,228826
359,32793566,33655961,862395,157390
360,32901564,33784043,882479,209393
361,32982878,33830043,847165,124685
362,33061566,33852303,790737,85697
363,33125007,34052676,927669,324926
364,33249564,34132861,883297,157496
365,33326877,34149072,822195,90896
366,33401566,34317773,916207,236697
367,33469566,34391205,921639,193426
368,33589564,34472852,883288,158957
369,33666877,34498318,831441,84085
370,33725500,34541147,815647,120354
371,33803028,34744979,941951,330364
372,33929564,34820861,891297,149231
373,34002915,34850323,847408,98786
374,34072243,34999740,927497,226751
375,34149581,35073400,923819,193639
376,34269564,35168878,899314,172788
377,34346877,35206389,859512,113626
378,34422996,35335724,912728,195902
379,34489566,35417100,927534,197370
380,34605564,35508212,902648,176419
381,34690874,35531135,840261,93612
382,34761566,35676532,914966,211450
383,34827622,35757990,930368,195396
384,34941564,35856930,915366,194938
385,35037581,35882336,844755,93387
386,35105566,36031775,926209,194212
387,35150343,36081212,930869,188655
388,35289564,36204941,915377,209035
389,35374874,36242569,867695,104316
390,35441566,36371965,930399,175692
391,35487865,36452402,964537,222132
392,35629564,36540886,911322,165793
393,35706877,36566393,859516,104192
394,35785566,36719916,934350,201519
395,35833566,36797397,963831,217476
396,35973564,36882260,908696,158225
397,36046929,36919301,872372,99914
398,36109805,37057076,947271,204865
399,36176899,37141559,964660,221144
400,36313564,37228321,914757,138896
401,36390878,37251402,860524,102833
402,36470633,37380854,910221,169663
403,36510846,37491158,980312,253018
404,36653564,37568811,915247,158963
405,36734877,37591860,856983,93734
406,36805566,37721312,915746,182500
407,36858617,37847917,989300,257548
408,36989564,37918380,928816,151767
409,37070872,37933371,862499,77575
410,37133460,38114837,981377,244902
411,37196900,38195096,998196,212919
412,37329564,38264852,935288,151066
413,37410877,38286432,875555,84190
414,37473491,38455882,982391,241522
415,37545566,38515327,969761,187439
416,37673564,38612426,938862,170413
417,37746881,38733924,987043,199036
418,37824424,38815407,990983,143250
419,37886196,38870038,983842,177996
420,38009564,38951061,941497,166329
421,38094874,39052847,957973,166201
422,38159292,39174333,1015041,189142
423,38226952,39219047,992095,175322
424,38357564,39298346,940782,156657
425,38434925,39399795,964870,156035
426,38489514,39481270,991756,152858
427,38560900,39565889,1004989,213280
428,38689564,39642517,952953,161935
429,38774874,39755957,981083,192128
430,38853566,39837410,983844,134836
431,38906953,39895606,988653,184803
432,39033564,40060881,1027317,242682
433,39110975,40118296,1007321,132000
434,39185564,40196916,1011352,138618
435,39245566,40237138,991572,172217
436,39377564,40404928,1027364,245100
437,39454878,40462430,1007552,124121
438,39521500,40538439,1016939,144072
439,39589566,40572559,982993,158114
440,39713564,40744908,1031344,249663
441,39790880,40782401,991521,103225
442,39856616,40888939,1032323,179995
443,39930077,40940018,1009941,154563
444,40033564,41083295,1049731,248612
445,40138903,41136705,997802,126765
446,40212261,41213192,1000931,136803
447,40272580,41276088,1003508,167876
448,40377564,41437014,1059450,272924
449,40489566,41510412,1020846,145395
450,40561566,41547876,986310,89460
451,40613566,41632409,1018843,188527
452,40717579,41777675,1060096,242647
453,40814964,41847109,1032145,135945
454,40881478,41919086,1037608,141556
455,40951060,41976099,1025039,159514
456,41053564,42118544,1064980,243751
457,41154873,42198777,1043904,154742
458,41229385,42259378,1029993,122263
459,41291060,42327375,1036315,194498
460,41417595,42488884,1071289,242806
461,41498895,42550324,1051429,126760
462,41564219,42615762,1051543,133631
463,41632416,42667242,1034826,168624
464,41749564,42827158,1077594,259916
465,41849566,42888619,1039053,133458
466,41921566,42946077,1024511,111994
467,41976105,43009700,1033595,177078
468,42089564,43158975,1069411,242581
469,42182874,43228432,1045558,148145
470,42261566,43264712,1003146,91718
471,42317007,43358914,1041907,202755
472,42425564,43503781,1078217,242178
473,42522877,43561199,1038322,123453
474,42588915,43633320,1044405,139677
475,42656475,43692559,1036084,172324
476,42769564,43858316,1088752,259062
477,42862873,43908479,1045606,112852
478,42925566,43982762,1057196,146283
479,42997568,44042372,1044804,167603
480,43105564,44206800,1101236,253739
481,43194877,44274880,1080003,158765
482,43285566,44337624,1052058,117650
483,43340474,44390538,1050064,162000
484,43449564,44566392,1116828,273164
485,43546878,44623782,1076904,127313
486,43616803,44668413,1051610,98055
487,43670230,44727522,1057292,178439
488,43789564,44913020,1123456,278808
489,43882877,44970439,1087562,123215
490,43948677,45009407,1060730,111854
491,44021566,45081890,1060324,188478
492,44137564,45257821,1120257,257236
493,44218873,45311209,1092336,122387
494,44287875,45354483,1066608,116961
495,44361566,45396645,1035079,158156
496,44477564,45609137,1131573,285801
497,44550877,45657118,1106241,141787
498,44644687,45707107,1062420,114865
499,44709566,45766756,1057190,159643
500,44809564,45942885,1133321,257434
501,44890873,45993369,1102496,119205
502,44959597,46036093,1076496,128689
503,45045566,46106969,1061403,190870
504,45165564,46291252,1125688,245593
505,45226877,46332635,1105758,131121
506,45316617,46379871,1063254,110877
507,45380262,46440945,1060683,186373
508,45505564,46637636,1132072,266000
509,45574877,46691114,1116237,144164
510,45665566,46720673,1055107,89555
511,45725566,46796883,1071317,184205
512,45833564,46990116,1156552,274538
513,45914873,47033803,1118930,108235
514,45979424,47092179,1112755,144514
515,46065566,47214854,1149288,234669
516,46177564,47319797,1142233,178257
517,46250882,47376286,1125404,146017
518,46340414,47413793,1073379,98428
519,46401339,47471394,1070055,181822
520,46525564,47686006,1160442,291925
521,46602881,47699777,1096896,83414
522,46672527,47775898,1103371,148382
523,46744791,47813309,1068518,154181
524,46861564,48034734,1173170,286766
525,46926908,48064168,1137260,114719
526,47012196,48109820,1097624,115555
527,47082102,48265571,1183469,275209
528,47201564,48372503,1170939,176242
529,47270878,48423331,1152453,136805
530,47356859,48457878,1101019,99250
531,47421566,48509398,1087832,167515
532,47537564,48711969,1174405,283877
533,47618873,48744523,1125650,87142
534,47673463,48795199,1121736,138776
535,47761566,48947030,1185464,271825
536,47881564,49058224,1176660,184521
537,47954899,49095622,1140723,98681
538,48016185,49155245,1139060,145000
539,48101566,49294968,1193402,267718
540,48229564,49407893,1178329,182235
541,48298878,49453055,1154177,135846
542,48389566,49499329,1109763,100144
543,48443440,49628783,1185343,259575
544,48573564,49759999,1186435,204522
545,48646873,49777362,1130489,96453
546,48725967,49850288,1124321,132521
547,48785566,49987740,1202174,253447
548,48901564,50090926,1189362,184492
549,48982873,50105550,1122677,73299
550,49041552,50190741,1149189,163370
551,49119734,50328156,1208422,271242
552,49253564,50442467,1188903,175621
553,49314878,50477260,1162382,113478
554,49393566,50531519,1137953,127643
555,49466954,50672972,1206018,256059
556,49581564,50786058,1204494,194392
557,49662874,50800789,1137915,75279
558,49723426,50950101,1226675,226438
559,49800556,51031540,1230984,206444
560,49925564,51132813,1207249,174587
561,49998881,51178187,1179306,109027
562,50062537,51301628,1239091,209906
563,50149005,51383012,1234007,193939
564,50261564,51469936,1208372,168230
565,50342874,51491369,1148495,76019
566,50397463,51639198,1241735,235928
567,50485566,51720647,1235081,197443
568,50601564,51818777,1217213,179440
569,50682877,51864512,1181635,107033
570,50744178,51898376,1154198,119249
571,50829566,52063854,1234288,273472
572,50937564,52164879,1227315,201026
573,51037569,52200231,1162662,92413
574,51094634,52326864,1232230,201561
575,51169566,52376340,1206774,165470
576,51285564,52504245,1218681,213211
577,51370873,52553809,1182936,116254
578,51437566,52701563,1263997,223750
579,51513566,52771035,1257469,181466
580,51625564,52861172,1235608,167451
581,51702881,52892026,1189145,105536
582,51777566,53009514,1231948,189484
583,51849566,53122941,1273375,233421
584,51969564,53198209,1228645,160574
585,52054874,53229702,1174828,93195
586,52116580,53379113,1262533,224556
587,52191728,53460544,1268816,199263
588,52309564,53543959,1234395,160725
589,52386877,53568537,1181660,95264
590,52457566,53723020,1265454,219867
591,52522953,53804462,1281509,208049
592,52649564,53896879,1247315,169756
593,52726907,53934391,1207484,100096
594,52789495,54067782,1278287,211516
595,52867622,54145225,1277603,203381
596,52993564,54244874,1251310,176987
597,53070906,54270249,1199343,87957
598,53133491,54405531,1272040,208742
599,53206954,54503996,1297042,217071
600,53325564,54580901,1255337,162214
601,53410877,54602412,1191535,91731
602,53481100,54755852,1274752,227015
603,53554679,54833223,1278544,196252
604,53673564,54918219,1244655,158314
605,53746885,54949815,1202930,104333
606,53819624,55123273,1303649,230729
607,53876899,55184894,1307995,194284
608,54009567,55268335,1258768,168779
609,54094908,55291347,1196439,91142
610,54163051,55440826,1277775,211990
611,54225576,55514245,1288669,193403
612,54345564,55614317,1268753,185378
613,54430874,55629322,1198448,79239
614,54495111,55818756,1323645,255885
615,54561566,55856206,1294640,165444
616,54689564,55954308,1264744,183415
617,54774880,55969358,1194478,93732
618,54853566,56150866,1297300,228121
619,54900182,56225443,1325261,207955
620,55033564,56304397,1270833,152317
621,55106931,56320200,1213269,85754
622,55176885,56521444,1344559,261255
623,55236899,56564894,1327995,172112
624,55365564,56644443,1278879,175547
625,55461566,56777686,1316120,209240
626,55537566,56869814,1332248,133458
627,55578900,56914494,1335594,167340
628,55701564,56994507,1292943,161324
629,55782879,57117594,1334715,199017
630,55858811,57197221,1338410,142378
631,55921566,57265048,1343482,191836
632,56045593,57332923,1287330,123844
633,56101566,57466383,1364817,232878
634,56200986,57543817,1342831,139398
635,56262953,57591279,1328326,170069
636,56385564,57680525,1294961,174552
637,56470874,57814033,1343159,203176
638,56540544,57891488,1350944,139152
639,56602244,57939318,1337074,175146
640,56729564,58096996,1367432,234989
641,56806878,58154504,1347626,132093
642,56881467,58235909,1354442,142734
643,56942799,58288555,1345756,191407
644,57081564,58448853,1367289,233628
645,57154898,58462318,1307420,90773
646,57232209,58543769,1311560,134316
647,57285077,58639868,1354791,224582
648,57413564,58788888,1375324,226330
649,57490877,58822305,1331428,102454
650,57559916,58903757,1343841,148806
651,57627272,58985963,1358691,204495
652,57749564,59130120,1380556,229464
653,57834874,59187579,1352705,119394
654,57896813,59282463,1385650,165021
655,57966952,59319902,1352950,140048
656,58069564,59472928,1403364,258332
657,58174874,59558443,1383569,159005
658,58248367,59616447,1368080,118319
659,58308686,59675920,1367234,176347
660,58425564,59815059,1389495,228449
661,58514877,59901848,1386971,169475
662,58597565,59978279,1380714,124429
663,58645566,60023337,1377771,161052
664,58761564,60156581,1395017,230550
665,58858874,60246044,1387170,159435
666,58928849,60299523,1370674,110596
667,58985969,60359155,1373186,175224
668,59101564,60500518,1398954,238670
669,59198874,60593993,1395119,166965
670,59272368,60658502,1386134,121704
671,59329566,60700991,1371425,162483
672,59449564,60877105,1427541,261458
673,59534911,60942601,1407690,131358
674,59600777,60999297,1398520,125481
675,59669566,61058793,1389227,175491
676,59785564,61206733,1421169,247938
677,59885566,61276260,1390694,145523
678,59961566,61347059,1385493,122272
679,60013043,61391913,1378870,157371
680,60125564,61548672,1423108,254068
681,60222876,61602240,1379364,123375
682,60292687,61689927,1397240,148002
683,60353006,61716963,1363957,143590
684,60469564,61918033,1448469,290456
685,60558953,61939481,1380528,91040
686,60628548,62023997,1395449,149531
687,60693566,62076752,1383186,168750
688,60809564,62264824,1455260,277382
689,60898877,62319592,1420715,129454
690,60973566,62365536,1391970,105941
691,61033566,62407724,1374158,158182
692,61149564,62580414,1430850,262000
693,61238877,62662387,1423510,151798
694,61308705,62721011,1412306,123481
695,61373566,62769998,1396432,160981
696,61485564,62957396,1471832,288706
697,61586875,63015261,1428386,136552
698,61665566,63072055,1406489,108194
699,61716969,63111538,1394569,152074
700,61829564,63304847,1475283,266615
701,61902874,63359513,1456639,153485
702,62001697,63407042,1405345,102835
703,62057007,63470713,1413706,176224
704,62169564,63643479,1473915,250075
705,62246877,63676932,1430055,115039
706,62328466,63747519,1419053,134379
707,62392261,63805093,1412832,178873
708,62513564,63979891,1466327,268153
709,62606923,64035558,1428635,130275
710,62681534,64101810,1420276,122280
711,62737566,64225602,1488036,243787
712,62857564,64341494,1483930,189206
713,62930881,64393726,1462845,128031
714,63006683,64450024,1443341,131178
715,63081566,64469494,1387928,131464
716,63193564,64686818,1493254,290630
717,63266874,64733787,1466913,140780
718,63360688,64789964,1429276,113051
719,63417566,64911552,1493986,237582
720,63533564,65037733,1504169,203544
721,63610931,65071381,1460450,123400
722,63700687,65123249,1422562,108743
723,63757566,65170002,1412436,166747
724,63877564,65363503,1485939,262810
725,63946877,65423141,1476264,141644
726,64028887,65467955,1439068,113489
727,64097566,65596319,1498753,244359
728,64213564,65708339,1494775,189327
729,64290875,65759863,1468988,129578
730,64368931,65809370,1440439,113126
731,64432554,65854858,1422304,178494
732,64565564,66052929,1487365,234069
733,64601566,66099931,1498365,168068
734,64722635,66156789,1434154,107120
735,64772901,66192885,1419984,160755
736,64897564,66409784,1512220,298205
737,64978873,66440409,1461536,111478
738,65059730,66508035,1448305,133458
739,65125566,66651810,1526244,251769
740,65233564,66755860,1522296,185356
741,65314874,66805378,1490504,112135
742,65377493,66834883,1457390,113015
743,65461006,66999844,1538838,285516
744,65581564,67101775,1520211,179245
745,65658881,67146325,1487444,139231
746,65753566,67205974,1452408,105560
747,65799480,67343415,1543935,267522
748,65929564,67453939,1524375,186522
749,66005566,67468530,1462964,90587
750,66081566,67549747,1468181,141214
751,66141566,67687524,1545958,257772
752,66261564,67789969,1528405,175759
753,66334881,67825530,1490649,125365
754,66424688,67865100,1440412,96444
755,66481566,68050595,1569029,305489
756,66601564,68125938,1524374,152686
757,66678911,68182185,1503274,119891
758,66742558,68228290,1485732,125110
759,66821566,68397773,1576207,285478
760,66937564,68488929,1551365,176454
761,67022874,68510509,1487635,76086
762,67077392,68650980,1573588,228083
763,67165008,68736446,1571438,206019
764,67285564,68826077,1540513,170940
765,67366876,68870800,1503924,110369
766,67432525,68991144,1558619,185381
767,67497566,69076573,1579007,213423
768,67625564,69172887,1547323,169628
769,67698881,69194418,1495537,83035
770,67760389,69342214,1581825,226357
771,67838954,69423652,1584698,200044
772,67957564,69520142,1562578,181796
773,68042874,69537573,1494699,80693
774,68106140,69680077,1573937,225926
775,68189566,69753489,1563923,189407
776,68305564,69861212,1555648,189033
777,68386877,69901951,1515074,95326
778,68441467,70045604,1604137,223749
779,68521566,70129792,1608226,204182
780,68641564,70204092,1562528,147614
781,68714881,70253662,1538781,115600
782,68780914,70283140,1502226,110127
783,68861566,70466927,1605361,299782
784,68977564,70552851,1575287,171230
785,69062874,70578448,1515574,97354
786,69134633,70620152,1485519,112633
787,69205566,70832583,1627017,332426
788,69325564,70892928,1567364,137656
789,69402877,70918444,1515567,92136
790,69469500,70961237,1491737,118856
791,69545566,71170700,1625134,337457
792,69673564,71244214,1570650,153443
793,69753496,71267157,1513661,83009
794,69813566,71412658,1599092,213497
795,69881566,71510327,1628761,221663
796,70005564,71592922,1587358,163905
797,70086878,71626342,1539464,90408
798,70143869,71767586,1623717,220325
799,70222954,71849048,1626094,204069
800,70345564,71930218,1584654,162480
801,70426877,71961712,1534835,90083
802,70485470,72071146,1585676,193600
803,70569639,72152513,1582874,201288
804,70689564,72276928,1587364,201725
805,70766878,72298461,1531583,84149
806,70829498,72451853,1622355,233457
807,70909566,72531776,1622210,195918
808,71025564,72620880,1595316,174410
809,71110874,72654310,1543436,104119
810,71181565,72759608,1578043,154588
811,71230858,72841032,1610174,212126
812,71361564,72964853,1603289,205131
813,71442878,73078274,1635396,200105
814,71529566,73159753,1630187,126418
815,71574508,73226266,1651758,197566
816,71705564,73304357,1598793,155401
817,71782877,73327439,1544562,93158
818,71852957,73480880,1627923,210798
819,71910317,73581416,1671099,231779
820,72041564,73650260,1608696,154151
821,72126873,73671779,1544906,100208
822,72205566,73845191,1639625,225408
823,72257565,73905770,1648205,188574
824,72385564,73996888,1611324,176424
825,72470874,74110448,1639574,185317
826,72542633,74191888,1649255,135284
827,72596481,74250419,1653938,191610
828,72729564,74344942,1615378,179829
829,72814874,74358574,1543700,82929
830,72884175,74531980,1647805,226128
831,72936900,74589458,1652558,186138
832,73065564,74682370,1616806,174223
833,73146878,74813898,1667020,194142
834,73209496,74891359,1681863,142521
835,73274560,74933234,1658674,180875
836,73413564,75029857,1616293,177933
837,73494877,75143358,1648481,168117
838,73549496,75228837,1679341,154655
839,73618676,75297491,1678815,199538
840,73749564,75372271,1622707,152090
841,73826877,75510100,1683223,224514
842,73913566,75587569,1674003,120799
843,73956899,75631027,1674128,176119
844,74089564,75717485,1627921,171764
845,74174874,75842973,1668099,187587
846,74236975,75916418,1679443,134863
847,74298397,75971076,1672679,193821
848,74437564,76132857,1695293,239091
849,74514878,76194369,1679491,127211
850,74580580,76275847,1695267,142906
851,74642011,76315346,1673335,167048
852,74769564,76484925,1715361,250885
853,74850874,76538355,1687481,113381
854,74910828,76607771,1696943,144150
855,74985566,76675411,1689845,191634
856,75109564,76825348,1715784,199247
857,75158877,76878813,1719936,161218
858,75266633,76928263,1661630,109766
859,75326952,77016534,1689582,210880
860,75449564,77165241,1715677,234067
861,75534927,77250696,1715769,147469
862,75596944,77304126,1707182,113382
863,75656899,77340503,1683604,169038
864,75789564,77504029,1714465,248832
865,75874874,77565509,1690635,143290
866,75956687,77656947,1700260,141701
867,76006954,77716737,1709783,162396
868,76109564,77857782,1748218,246371
869,76214894,77931260,1716366,149193
870,76290611,77968673,1678062,87486
871,76340687,78044510,1703823,196710
872,76461564,78191582,1730018,244424
873,76558919,78221040,1662121,102903
874,76632368,78346762,1714394,175986
875,76682634,78389280,1706646,157444
876,76797564,78531715,1734151,239746
877,76894877,78621895,1727018,170043
878,76974744,78664996,1690252,93364
879,77025010,78745707,1720697,193262
880,77137565,78876131,1738566,227756
881,77234900,78977681,1742781,171334
882,77304687,79035091,1730404,126326
883,77373620,79084506,1710886,157356
884,77481564,79238666,1757102,255463
885,77582871,79268091,1685220,91253
886,77644702,79358124,1713422,158893
887,77713566,79417604,1704038,163474
888,77817564,79587340,1769776,267049
889,77914880,79640781,1725901,140123
890,78001566,79722184,1720618,124351
891,78044517,79775292,1730775,166151
892,78157564,79927495,1769931,249509
893,78254874,79940880,1686006,73567
894,78315059,80046400,1731341,179744
895,78389286,80105187,1715901,175061
896,78505564,80300123,1794559,284247
897,78594877,80337534,1742657,99204
898,78656672,80413654,1756982,153010
899,78733566,80453274,1719708,147615
900,78841564,80638851,1797287,278965
901,78934955,80692272,1757317,119095
902,79000632,80758563,1757931,140291
903,79074634,80803695,1729061,160059
904,79189564,80990051,1800487,271668
905,79274880,81011519,1736639,87271
906,79340686,81088258,1747572,142370
907,79406321,81160157,1753836,183138
908,79517564,81341569,1824005,278716
909,79614872,81395356,1780484,115476
910,79676564,81431307,1754743,108950
911,79749566,81496282,1746716,184961
912,79869564,81677393,1807829,266415
913,79954883,81738910,1784027,143319
914,80036688,81793326,1756638,114733
915,80097008,81822785,1725777,134011
916,80201564,82026258,1824694,284780
917,80282873,82079714,1796841,120045
918,80349466,82127201,1777735,127024
919,80429007,82262823,1833816,248176
920,80541564,82381119,1839555,195609
921,80618881,82427756,1808875,145331
922,80717579,82465143,1747564,97370
923,80777566,82524754,1747188,167606
924,80885564,82708245,1822681,256804
925,80958881,82752655,1793774,135037
926,81049511,82805306,1755795,116702
927,81113566,82864973,1751407,171661
928,81225564,83055723,1830159,264060
929,81298878,83109202,1810324,138970
930,81384373,83171079,1786706,127067
931,81449566,83288557,1838991,233472
932,81565564,83420403,1854839,209159
933,81642881,83445441,1802560,124895
934,81742742,83488384,1745642,89764
935,81789566,83631767,1842201,267377
936,81913564,83759475,1845911,201013
937,81986873,83792704,1805831,127041
938,82080687,83862359,1781672,119919
939,82130954,84005846,1874892,266094
940,82253564,84107881,1854317,175348
941,82326881,84130515,1803634,104423
942,82408674,84207314,1798640,141687
943,82473566,84316747,1843181,221428
944,82585564,84457997,1872433,218564
945,82662881,84472621,1809740,108429
946,82756688,84540238,1783550,124493
947,82813566,84684025,1870459,259782
948,82929564,84804914,1875350,202195
949,83010874,84838335,1827461,105872
950,83083328,84881211,1797883,110211
951,83150667,85045846,1895179,287529
952,83273564,85141997,1868433,173511
953,83350928,85182036,1831108,126673
954,83437566,85240659,1803093,110620
955,83489565,85364751,1875186,252087
956,83617564,85472314,1854750,176873
957,83686877,85523071,1836194,147605
958,83783729,85576000,1792271,103191
959,83833995,85683885,1849890,223450
960,83949564,85828928,1879364,226350
961,84030873,85862658,1831785,92378
962,84089525,85923228,1833703,144607
963,84173566,86064177,1890611,256943
964,84289564,86172889,1883325,186026
965,84366882,86204492,1837610,93374
966,84428655,86350196,1921541,230612
967,84513566,86427661,1914095,193460
968,84629564,86518705,1889141,176350
969,84714873,86533367,1818494,72372
970,84772587,86610020,1837433,161628
971,84857566,86771438,1913872,281413
972,84977564,86866043,1888479,167918
973,85050881,86897959,1847078,102749
974,85121718,86941041,1819323,112315
975,85190953,87126592,1935639,320158
976,85325564,87212142,1886578,158863
977,85398881,87235780,1836899,103387
978,85478634,87382005,1903371,196487
979,85528900,87431417,1902517,174072
980,85653564,87554425,1900861,204314
981,85734874,87600116,1865242,111395
982,85800580,87717527,1916947,198394
983,85881566,87822970,1941404,225438
984,86001564,87900105,1898541,150443
985,86074875,87946149,1871274,108525
986,86137359,87965540,1828181,100639
987,86218610,88175059,1956449,320470
988,86329564,88246150,1916586,169191
989,86427668,88295658,1867990,98809
990,86476973,88401115,1924142,183487
991,86555005,88482609,1927604,204049
992,86677564,88590332,1912768,193029
993,86762874,88635683,1872809,113299
994,86830825,88748433,1917608,183488
995,86901565,88869931,1968366,233493
996,87013564,88944214,1930650,170281
997,87109566,88961704,1852138,85486
998,87177566,89089344,1911778,191078
999,87241007,89170853,1929846,202062
1000,87361564,89288878,1927314,203331
1001,87446873,89326385,1879512,104196
1002,87513566,89459749,1946183,205360
1003,87585566,89540053,1954487,200298
1004,87705564,89636860,1931296,174117
1005,87782878,89664361,1881483,86120
1006,87841501,89793789,1952288,201859
1007,87913935,89899213,1985278,229049
1008,88037564,89974219,1936655,160311
1009,88122873,89989163,1866290,86731
1010,88194663,90174622,1979959,255798
1011,88265006,90248101,1983095,186033
1012,88377564,90316903,1939339,150142
1013,88458907,90352250,1893343,117123
1014,88540687,90485531,1944844,188214
1015,88595622,90566822,1971200,211229
1016,88725564,90666317,1940753,180806
1017,88806878,90681292,1874414,89660
1018,88881566,90826804,1945238,193508
1019,88929566,90932202,2002636,237392
1020,89061564,91010788,1949224,163893
1021,89146874,91122325,1975451,183293
1022,89218633,91171724,1953091,98985
1023,89268223,91256997,1988774,222611
1024,89405564,91356919,1951355,177232
1025,89482878,91378453,1895575,88153
1026,89549500,91547932,1998432,237541
1027,89617566,91597366,1979800,181428
1028,89749564,91700908,1951344,172853
1029,89818878,91722393,1903515,103809
1030,89901206,91887788,1986582,214711
1031,89950524,91963552,2013028,206801
1032,90081564,92044896,1963332,166679
1033,90166903,92174440,2007537,199379
1034,90236742,92243831,2007089,130211
1035,90297566,92314313,2016747,190477
1036,90417564,92390530,1972966,161552
1037,90502902,92513652,2010750,201782
1038,90581566,92587050,2005484,126781
1039,90634953,92654260,2019307,193817
1040,90761564,92729872,1968308,156922
1041,90842878,92852634,2009756,192274
1042,90912394,92949120,2036726,157654
1043,90973566,92994988,2021422,177862
1044,91105564,93152908,2047344,235224
1045,91182872,93206417,2023545,129269
1046,91258635,93287849,2029214,141749
1047,91318954,93346934,2027980,189692
1048,91449564,93497162,2047598,227538
1049,91526877,93550691,2023814,112118
1050,91585468,93622279,2036811,147682
1051,91661566,93687292,2025726,193008
1052,91789564,93832929,2043365,230943
1053,91874874,93894336,2019462,131326
1054,91944797,93965922,2021125,124419
1055,91997632,94027455,2029823,189461
1056,92125564,94180929,2055365,230813
1057,92202907,94218430,2015523,98479
1058,92263887,94323875,2059988,179120
1059,92337566,94378356,2040790,190475
1060,92473564,94519288,2045724,210271
1061,92542907,94572780,2029873,120492
1062,92609919,94658233,2048314,161096
1063,92685575,94718441,2032866,176193
1064,92801564,94858845,2057281,196402
1065,92857566,94932294,2074728,184566
1066,92968686,94998582,2029896,123164
1067,93025566,95056657,2031091,158070
1068,93125564,95221528,2095964,262181
1069,93222878,95295041,2072163,159425
1070,93308794,95356484,2047690,118211
1071,93365566,95400907,2035341,152418
1072,93473564,95548573,2075009,255664
1073,93581566,95634060,2052494,154798
1074,93650879,95698274,2047395,118019
1075,93704687,95732648,2027961,139247
1076,93809564,95917887,2108323,278549
1077,93902877,95984916,2082039,136321
1078,93972173,96024895,2052722,112622
1079,94044819,96094054,2049235,177900
1080,94153564,96254805,2101241,250061
1081,94242877,96316250,2073373,152130
1082,94333566,96369963,2036397,105709
1083,94385565,96416783,2031218,150815
1084,94489564,96595087,2105523,279616
1085,94590878,96656487,2065609,119881
1086,94649363,96727283,2077920,139878
1087,94718448,96786297,2067849,170126
1088,94829564,96939565,2110001,246574
1089,94922873,96997022,2074149,148967
1090,95014386,97075258,2060872,120854
1091,95057007,97117540,2060533,158836
1092,95173564,97295319,2121755,263131
1093,95258920,97340713,2081793,114911
1094,95328441,97410172,2081731,149595
1095,95408580,97465181,2056601,159989
1096,95513564,97636422,2122858,268548
1097,95610874,97717934,2107060,164479
1098,95693845,97752825,2058980,86608
1099,95745566,97823631,2078065,190800
1100,95865564,98006597,2141033,264307
1101,95946908,98047998,2101090,124698
1102,96030208,98114900,2084692,122256
1103,96085566,98173414,2087848,174508
1104,96201564,98316950,2115386,240898
1105,96298930,98408801,2109871,153726
1106,96360808,98442816,2082008,98769
1107,96425566,98506883,2081317,180061
1108,96541564,98704914,2163350,291341
1109,96634877,98752553,2117676,123325
1110,96710566,98796496,2085930,98939
1111,96765566,98863330,2097764,182828
1112,96881564,99035289,2153725,265270
1113,96974877,99085812,2110935,113446
1114,97037804,99150862,2113058,136250
1115,97109008,99285731,2176723,247422
1116,97221564,99386315,2164751,197893
1117,97318877,99447720,2128843,119113
1118,97376588,99492815,2116227,118069
1119,97449566,99535841,2086275,155020
1120,97561564,99727110,2165546,288579
1121,97658877,99756539,2097662,104650
1122,97734101,99842440,2108339,141362
1123,97789566,99885863,2096297,167417
1124,97913565,100082421,2168856,257869
1125,97974880,100105155,2130275,110118
1126,98062268,100169883,2107615,130717
1127,98128261,100229505,2101244,180922
1128,98249564,100427606,2178042,287413
1129,98338880,100478783,2139903,113141
1130,98400847,100534141,2133294,128073
1131,98473566,100654897,2181331,236750
1132,98589564,100771107,2181543,197515
1133,98670873,100814907,2144034,130489
1134,98757566,100865804,2108238,105482
1135,98812154,100988305,2176151,235907
1136,98925564,101122292,2196728,215294
1137,99006874,101155912,2149038,107490
1138,99080746,101207883,2127137,124229
1139,99153007,101340301,2187294,252972
1140,99273564,101473982,2200418,211025
1141,99350911,101500203,2149292,104095
1142,99428788,101556541,2127753,125113
1143,99497566,101680286,2182720,239739
1144,99613564,101811937,2198373,204958
1145,99686874,101861505,2174631,144579
1146,99781889,101890948,2109059,79705
1147,99832154,102055903,2223749,290362
1148,99957564,102140800,2183236,158211
1149,100030881,102186247,2155366,122935
1150,100108373,102245714,2137341,122790
1151,100171699,102399200,2227501,275348
1152,100293564,102480008,2186444,158128
1153,100370887,102532630,2161743,139298
1154,100457566,102598434,2140868,120283
1155,100512048,102705901,2193853,232979
1156,100637564,102845885,2208321,209295
1157,100706877,102881492,2174615,109651
1158,100780924,102921102,2140178,112360
1159,100853678,103106562,2252884,309342
1160,100977564,103196929,2219365,163680
1161,101050881,103222756,2171875,107290
1162,101132347,103273759,2141412,120218
1163,101201566,103454820,2253254,289055
1164,101309564,103536931,2227367,155425
1165,101382881,103568731,2185850,93296
1166,101444380,103710845,2266465,235296
1167,101537566,103786970,2249404,192119
1168,101653564,103886063,2232499,176424
1169,101730899,103923515,2192616,127240
1170,101820691,103953128,2132437,86484
1171,101877566,104142620,2265054,305486
1172,101993564,104230043,2236479,172729
1173,102078874,104268189,2189315,108179
1174,102148911,104391675,2242764,186359
1175,102211788,104473067,2261279,215164
1176,102345564,104576187,2230623,176433
1177,102418881,104593695,2174814,104189
1178,102505566,104732234,2226668,190536
1179,102557566,104845675,2288109,233435
1180,102677564,104920928,2243364,156562
1181,102758877,104962473,2203596,91058
1182,102808393,105079952,2271559,204037
1183,102894955,105161364,2266409,200018
1184,103013564,105264888,2251324,188885
1185,103098929,105297355,2198426,99102
1186,103165566,105449849,2284283,228490
1187,103241566,105523327,2281761,185472
1188,103353564,105612862,2259298,174870
1189,103438903,105634404,2195501,93269
1190,103510634,105765217,2254583,204011
1191,103583835,105874711,2290876,227219
1192,103701564,105948157,2246593,150756
1193,103778878,105994226,2215348,95607
1194,103828419,106108467,2280048,202547
1195,103916729,106189950,2273221,206315
1196,104041564,106296879,2255315,188240
1197,104122878,106326381,2203503,95201
1198,104188581,106479824,2291243,218424
1199,104253566,106549237,2295671,197407
1200,104381564,106640880,2259316,168953
1201,104458878,106662469,2203591,88206
1202,104525499,106819902,2294403,236938
1203,104605007,106901385,2296378,194048
1204,104717577,106984232,2266655,156214
1205,104790947,107029666,2238719,122773
1206,104868289,107163385,2295096,214992
1207,104949566,107240840,2291274,185450
1208,105057564,107336880,2279316,181346
1209,105142874,107382028,2239154,123836
1210,105221566,107501250,2279684,183211
1211,105285568,107573856,2288288,188598
1212,105401572,107680840,2279268,184296
1213,105478887,107719016,2240129,100761
1214,105541475,107848461,2306986,207589
1215,105619622,107946611,2326989,228088
1216,105749564,108018274,2268710,148970
1217,105826877,108051281,2224404,102706
1218,105896580,108189030,2292450,202731
1219,105961566,108293734,2332168,228699
1220,106085564,108364969,2279405,148544
1221,106162877,108386597,2223720,82388
1222,106223641,108554708,2331067,248481
1223,106304014,108634489,2330475,201327
1224,106425564,108714454,2288890,161275
1225,106506878,108729505,2222627,72031
1226,106563861,108906932,2343071,236411
1227,106622848,108974357,2351509,210137
1228,106765564,109054250,2288686,157207
1229,106842881,109163692,2320811,178973
1230,106912415,109241151,2328736,134606
1231,106969566,109324667,2355101,219511
1232,107105564,109401028,2295464,157671
1233,107186878,109504561,2317683,175285
1234,107258634,109614054,2355420,168421
1235,107317566,109668616,2351050,186556
1236,107449564,109748458,2298894,157149
1237,107526875,109762669,2235794,68797
1238,107581464,109900103,2318639,208866
1239,107652899,109999693,2346794,236251
1240,107789564,110088459,2298895,170076
1241,107870878,110215188,2344310,202469
1242,107946622,110280600,2333978,112352
1243,107993567,110353257,2359690,208650
1244,108129564,110427090,2297526,155143
1245,108210878,110532917,2322039,168412
1246,108273467,110648764,2375297,179276
1247,108336900,110685357,2348457,165254
1248,108465564,110773025,2307461,168978
1249,108546878,110902480,2355602,192071
1250,108609497,110978838,2369341,148423
1251,108681566,111039699,2358133,188855
1252,108809564,111192860,2383296,230503
1253,108886910,111254372,2367462,136097
1254,108961498,111330306,2368808,135998
1255,109021566,111400707,2379141,194391
1256,109145564,111536962,2391398,221561
1257,109230874,111594372,2363498,127457
1258,109300923,111680315,2379392,147435
1259,109362419,111718510,2356091,165336
1260,109489564,111881175,2391611,247971
1261,109574874,111938630,2363756,127345
1262,109644767,112020049,2375282,142063
1263,109705413,112079367,2373954,183466
1264,109829564,112229797,2400233,231740
1265,109910878,112279184,2368306,111973
1266,109973468,112352634,2379166,138714
1267,110038736,112418204,2379468,192394
1268,110165564,112574832,2409268,212627
1269,110221566,112616213,2394647,150184
1270,110330373,112721672,2391299,158035
1271,110382952,112751213,2368261,164150
1272,110517564,112911321,2393757,233422
1273,110590882,112960688,2369806,118887
1274,110660406,113039849,2379443,139651
1275,110720900,113097240,2376340,190051
1276,110853564,113272929,2419365,253000
1277,110930878,113338417,2407539,128160
1278,110993554,113399852,2406298,133443
1279,111065566,113452251,2386685,160393
1280,111173564,113591908,2418344,232968
1281,111266879,113678699,2411820,157193
1282,111337283,113746421,2409138,131149
1283,111400713,113795922,2395209,162349
1284,111513564,113964899,2451335,274288
1285,111618879,114014426,2395547,125065
1286,111694421,114083941,2389520,116656
1287,111741566,114147576,2406010,183629
1288,111861564,114279746,2418182,225480
1289,111954878,114357228,2402350,150969
1290,112028368,114419845,2391477,119812
1291,112085565,114484695,2399130,184845
1292,112205564,114635782,2430218,236397
1293,112290877,114705208,2414331,142916
1294,112364371,114773935,2409564,126988
1295,112422634,114808661,2386027,157652
1296,112545564,114996927,2451363,285572
1297,112642874,115065507,2422633,142070
1298,112716368,115115060,2398692,94748
1299,112761566,115177880,2416314,182814
1300,112881564,115337678,2456114,257108
1301,112978878,115410163,2431285,142367
1302,113048764,115464874,2416110,114950
1303,113109007,115502373,2393366,146052
1304,113217564,115669446,2451882,260387
1305,113310882,115745330,2434448,145881
1306,113380882,115787950,2407068,107301
1307,113445566,115863473,2417907,191518
1308,113561564,116053669,2492105,290195
1309,113661567,116091060,2429493,109386
1310,113733566,116132908,2399342,97285
1311,113789007,116200528,2411521,176174
1312,113897564,116394082,2496518,290869
1313,113994886,116435550,2440664,102800
1314,114056222,116485032,2428810,119576
1315,114126319,116557512,2431193,187721
1316,114241564,116727509,2485945,263311
1317,114334882,116771213,2436331,113196
1318,114404378,116835266,2430888,129237
1319,114469566,116869378,2399812,150107
1320,114585564,117074605,2489041,298533
1321,114678874,117124300,2445426,123508
1322,114752689,117166995,2414306,103012
1323,114813009,117226468,2413459,176024
1324,114929564,117426234,2496670,281161
1325,115010963,117469917,2458954,125406
1326,115092689,117538431,2445742,125387
1327,115149566,117580649,2431083,162212
1328,115269564,117760054,2490490,256715
1329,115346878,117798885,2452007,113446
1330,115421496,117863560,2442064,136183
1331,115493007,117923176,2430169,172170
1332,115605564,118126232,2520668,300369
1333,115702880,118167671,2464791,111244
1334,115772688,118219693,2447005,112338
1335,115833007,118261922,2428915,154782
1336,115945564,118467165,2521601,282595
1337,116022919,118499862,2476943,125729
1338,116115954,118568306,2452352,126053
1339,116173566,118683961,2510395,227649
1340,116285564,118812918,2527354,206271
1341,116362881,118834552,2471671,114692
1342,116455942,118918407,2462465,141476
1343,116513566,119028632,2515066,218219
1344,116621564,119136889,2515325,189563
1345,116702873,119185437,2482564,127132
1346,116781461,119245100,2463639,130460
1347,116852262,119372988,2520726,241186
1348,116965564,119509568,2544004,217886
1349,117046874,119542898,2496024,102216
1350,117115763,119589880,2474117,124223
1351,117193007,119631972,2438965,166646
1352,117317564,119827652,2510088,268985
1353,117390873,119880580,2489707,139941
1354,117477889,119933516,2455627,103199
1355,117528155,120079031,2550876,270920
1356,117653564,120190310,2536746,184590
1357,117726879,120223230,2496351,110198
1358,117804160,120287068,2482908,136683
1359,117877007,120434676,2557669,264152
1360,117993564,120538403,2544839,177040
1361,118066894,120584142,2517248,123205
1362,118144364,120618034,2473670,98335
1363,118208811,120735516,2526705,242232
1364,118333564,120880918,2547354,218716
1365,118406881,120912537,2505656,112931
1366,118488196,120970722,2482526,123551
1367,118553566,121112200,2558634,257473
1368,118669564,121228069,2558505,197175
1369,118750873,121250790,2499917,111574
1370,118839729,121327444,2487715,134487
1371,118897566,121456894,2559328,249444
1372,119017564,121572825,2555261,189246
1373,119090882,121594396,2503514,99040
1374,119168354,121653864,2485510,128676
1375,119237566,121807297,2569731,261427
1376,119345564,121916915,2571351,190931
1377,119426881,121938493,2511612,78218
1378,119483525,122090333,2606808,249877
1379,119581566,122167784,2586218,189448
1380,119693566,122256894,2563328,145106
1381,119749566,122286349,2536783,140573
1382,119860688,122434145,2573457,198059
1383,119910954,122515623,2604669,208084
1384,120037564,122602526,2564962,156206
1385,120106871,122635025,2528154,98479
1386,120172854,122770886,2598032,214192
1387,120251189,122852364,2601175,203850
1388,120373564,122952872,2579308,181818
1389,120454878,122988153,2533275,89865
1390,120509466,123101106,2591640,205050
1391,120601566,123182612,2581046,189500
1392,120709564,123292408,2582844,191108
1393,120790880,123315223,2524343,91840
1394,120859907,123453043,2593136,211475
1395,120933566,123562728,2629162,229679
1396,121053564,123642151,2588587,156733
1397,121130877,123656989,2526112,69423
1398,121185466,123799966,2614500,234516
1399,121277008,123881346,2604338,205932
1400,121401564,123982162,2580598,178123
1401,121478875,124022596,2543721,106136
1402,121544581,124162442,2617861,215097
1403,121619835,124256987,2637152,212270
1404,121737564,124330103,2592539,154427
1405,121818877,124361493,2542616,92688
1406,121880177,124510956,2630779,220615
1407,121951333,124592354,2641021,203625
1408,122073564,124676165,2602601,165123
1409,122154878,124699073,2544195,79913
1410,122211887,124844555,2632668,227373
1411,122293782,124926054,2632272,201278
1412,122413564,125026217,2612653,185468
1413,122498874,125047699,2548825,100171
1414,122577566,125185118,2607552,197416
1415,122637566,125266616,2629050,205492
1416,122761564,125366258,2604694,176954
1417,122838878,125397762,2558884,86120
1418,122893498,125507149,2613651,195615
1419,122979728,125588601,2608873,195284
1420,123093564,125716321,2622757,223718
1421,123189566,125729298,2539732,74039
1422,123250631,125868026,2617395,205660
1423,123317566,125961449,2643883,209417
1424,123433564,126052372,2618808,186922
1425,123529566,126075453,2545887,83805
1426,123590292,126228904,2638612,224162
1427,123661007,126310369,2649362,194019
1428,123773564,126400337,2626773,175303
1429,123858903,126423417,2564514,101755
1430,123937581,126532839,2595258,177403
1431,124005566,126673985,2668419,257140
1432,124121564,126748928,2627364,156253
1433,124202878,126858387,2655509,172074
1434,124265497,126935924,2670427,150990
1435,124338954,127019391,2680437,202073
1436,124457564,127090406,2632842,156322
1437,124542873,127105427,2562554,85150
1438,124613005,127250939,2637934,195371
1439,124662867,127332376,2669509,216130
1440,124797564,127430351,2632787,183281
1441,124882874,127445402,2562528,93832
1442,124961659,127645632,2683973,252134
1443,125013566,127707047,2693481,185410
1444,125137564,127778000,2640436,156259
1445,125222874,127883351,2660477,177106
1446,125294632,127964761,2670129,131673
1447,125344899,128022400,2677501,194301
1448,125481564,128124426,2642862,179334
1449,125558875,128245871,2686996,198087
1450,125635521,128327354,2691833,130858
1451,125684899,128388770,2703871,190078
1452,125813564,128468839,2655275,176069
1453,125909567,128598330,2688763,191210
1454,125971290,128667813,2696523,132428
1455,126034239,128727333,2693094,190842
1456,126165564,128808929,2643365,154911
1457,126238881,128938384,2699503,216136
1458,126325566,129015866,2690300,120812
1459,126368899,129079668,2710769,200463
1460,126505564,129224929,2719365,222571
1461,126582878,129286409,2703531,122409
1462,126643811,129335859,2692048,123202
1463,126717566,129407395,2689829,195530
1464,126841564,129568883,2727319,246793
1465,126926873,129626336,2699463,127298
1466,126996721,129711814,2715093,143931
1467,127055177,129769509,2714332,188079
1468,127185564,129916902,2731338,220707
1469,127258881,129950314,2691433,120093
1470,127345566,130031809,2686243,133492
1471,127397566,130114750,2717184,206935
1472,127521564,130260902,2739338,227462
1473,127602878,130294386,2691508,96069
1474,127665466,130375857,2710391,144901
1475,127728900,130461742,2732842,222545
1476,127865564,130595509,2729945,219074
1477,127950874,130648907,2698033,115324
1478,128012804,130753633,2740829,166153
1479,128074234,130809702,2735468,183395
1480,128201564,130960873,2759309,236477
1481,128286873,131026329,2739456,135560
1482,128356980,131088919,2731939,123173
1483,128417566,131126370,2708804,161445
1484,128541564,131286691,2745127,241631
1485,128622877,131364070,2741193,139964
1486,128685466,131434756,2749290,142782
1487,128757566,131494417,2736851,183655
1488,128881564,131649095,2767531,239984
1489,128966874,131714604,2747730,127369
1490,129028737,131772797,2744060,127018
1491,129097566,131815266,2717700,150463
1492,129205564,131996881,2791317,274925
1493,129298877,132066497,2767620,153156
1494,129382421,132101095,2718674,89740
1495,129437566,132176197,2738631,183096
1496,129545564,132308658,2763094,237771
1497,129650878,132410126,2759248,173076
1498,129722489,132463023,2740534,107090
1499,129776686,132516592,2739906,162443
1500,129885564,132674749,2789185,251473
1501,129978884,132704177,2725293,106913
1502,130056372,132802158,2745786,156363
1503,130114756,132870707,2755951,187354
1504,130233564,133012620,2779056,235222
1505,130326877,133097374,2770497,160442
1506,130402568,133152167,2749599,107013
1507,130454791,133210853,2756062,173447
1508,130569564,133374316,2804752,256776
1509,130662880,133431754,2768874,135285
1510,130740737,133503300,2762563,128371
1511,130797566,133540777,2743211,153472
1512,130913564,133745573,2832009,286105
1513,130994877,133780904,2786027,110688
1514,131070238,133840354,2770116,134774
1515,131145566,133909200,2763634,172840
1516,131249564,134048854,2799290,232960
1517,131342874,134133905,2791031,150457
1518,131408283,134190416,2782133,126858
1519,131478634,134242751,2764117,179261
1520,131605564,134415524,2809960,258087
1521,131690882,134468936,2778054,128092
1522,131765566,134531298,2765732,122358
1523,131825566,134592517,2766951,169213
1524,131933564,134760649,2827085,265442
1525,132030877,134826521,2795644,127183
1526,132092192,134857593,2765401,108442
1527,132169566,134921899,2752333,172300
1528,132277564,135103062,2825498,270477
1529,132366882,135151546,2784664,118366
1530,132436767,135219813,2783046,133063
1531,132501566,135268381,2766815,168562
1532,132621564,135444260,2822696,269186
1533,132714874,135488108,2773234,115763
1534,132786791,135562583,2775792,129335
1535,132841655,135614957,2773302,164280
1536,132953564,135823444,2869880,305844
1537,133050925,135832876,2781951,89245
1538,133130741,135918653,2787912,136040
1539,133181008,135960988,2779980,170888
1540,133309564,136143969,2834405,256295
1541,133382882,136161396,2778514,94887
1542,133460346,136255984,2795638,163804
1543,133529566,136386160,2856594,238170
1544,133637564,136501501,2863937,192655
1545,133714881,136554476,2839595,151656
1546,133813566,136590763,2777197,88284
1547,133865566,136729843,2864277,255075
1548,133981564,136840643,2859079,200142
1549,134070909,136888361,2817452,126802
1550,134149996,136932274,2782278,99480
1551,134205566,136983727,2778161,171447
1552,134325564,137198547,2872983,284127
1553,134394874,137232103,2837229,128675
1554,134489997,137291603,2801606,111544
1555,134542045,137409062,2867017,236974
1556,134661564,137520832,2859268,189084
1557,134738881,137561374,2822493,121823
1558,134820166,137621037,2800871,125059
1559,134885566,137748950,2863384,243907
1560,135001564,137888309,2886745,212702
1561,135074910,137910948,2836038,92645
1562,135144919,137983052,2838133,156190
1563,135229007,138126886,2897879,268387
1564,135353564,138232929,2879365,167353
1565,135414877,138262417,2847540,115371
1566,135500763,138330811,2830048,137193
1567,135569566,138464289,2894723,245473
1568,135681564,138584849,2903285,193873
1569,135754881,138602291,2847410,102754
1570,135840197,138659702,2819505,130777
1571,135913566,138785158,2871592,245450
1572,136033564,138902846,2869282,191060
1573,136106939,138920242,2813303,95011
1574,136184558,138993701,2809143,134464
1575,136245566,139035195,2789629,169489
1576,136373564,139084857,2711293,110973
1577,136434877,139118355,2683478,111170
1578,136512552,139159745,2647193,122400
1579,136593566,139201130,2607564,157380
1580,136709564,139280883,2571319,149063
1581,136778877,139306391,2527514,122235
1582,136875606,139347754,2472148,99320
1583,136933566,139389165,2455599,161406
1584,137053564,139476874,2423310,161022
1585,137126881,139502372,2375491,106974
1586,137208361,139543850,2335489,103109
1587,137269995,139585261,2315266,160976
1588,137389564,139639067,2249503,131119
1589,137466881,139660509,2193628,108487
1590,137553929,139693953,2140024,86465
1591,137606954,139703431,2096477,132085
1592,137729564,139756848,2027284,130731
1593,137806881,139778299,1971418,111254
1594,137896688,139811702,1915014,83666
1595,137946954,139821156,1874202,132060
1596,138069564,139872922,1803358,133076
1597,138150878,139894412,1743534,87189
1598,138216580,139927840,1711260,106847
1599,138290002,139937296,1647294,129014
1600,138409564,139977322,1567758,121337
1601,138490879,139986857,1495978,58736
1602,138540084,139996337,1456253,106958
1603,138637566,140005781,1368215,113438
