step,start,end,latency,execution
1,0,98228,98228,112351
2,14166,137978,123812,49576
3,24008,179596,155588,51645
4,34044,217199,183155,47409
5,43855,262163,218308,54733
6,53629,295817,242188,43451
7,63432,334994,271562,49008
8,73267,374220,300953,49305
9,83354,413451,330097,49120
10,93249,452863,359614,49250
11,103090,492093,389003,49033
12,112898,531375,418477,49078
13,122699,570677,447978,49164
14,132566,610411,477845,49575
15,142411,649721,507310,49067
16,152175,689091,536916,49091
17,161900,728442,566542,49170
18,171724,767851,596127,49265
19,181586,806710,625124,48553
20,191284,845726,654442,48783
21,201057,884739,683682,48848
22,210897,923746,712849,48827
23,220722,962649,741927,54914
24,236741,1001630,764889,68473
25,266241,1040593,774352,68383
26,295668,1079421,783753,68065
27,324913,1118418,793505,68465
28,354388,1157459,803071,68556
29,383908,1196433,812525,68354
30,413294,1236238,822944,69135
31,442632,1275358,832726,68606
32,472126,1314583,842457,68748
33,501654,1353738,852084,68526
34,531030,1392648,861618,68331
35,560459,1431575,871116,68460
36,590000,1470516,880516,68840
37,619906,1509544,889638,68423
38,649308,1548549,899241,68550
39,678861,1587615,908754,68618
40,708420,1626710,918290,68594
41,737925,1665601,927676,68389
42,767429,1704567,937138,68293
43,796763,1743681,946918,78060
44,835717,1782664,946947,77934
45,874676,1822325,947649,78658
46,913681,1861328,947647,77941
47,952627,1900751,948124,78327
48,991539,1939904,948365,78119
49,1030513,1978861,948348,77873
50,1069437,2017886,948449,78005
51,1108425,2056846,948421,77921
52,1147394,2095848,948454,78034
53,1186434,2134747,948313,78569
54,1226112,2173751,947639,78231
55,1265346,2212653,947307,78095
56,1304547,2251604,947057,78127
57,1343731,2290534,946803,77812
58,1382621,2329441,946820,77830
59,1421551,2368481,946930,77952
60,1460471,2407662,947191,78198
61,1499496,2446942,947446,78326
62,1538550,2486377,947827,78418
63,1577541,2525485,947944,78192
64,1616633,2564650,948017,78080
65,1655554,2603670,948116,77974
66,1694515,2642482,947967,77907
67,1733617,2681693,948076,78208
68,1772622,2720684,948062,78557
69,1812197,2759698,947501,78161
70,1851351,2798649,947298,78276
71,1890684,2837580,946896,78113
72,1929874,2876578,946704,78008
73,1968892,2915433,946541,77773
74,2007818,2954378,946560,77870
75,2046751,2993377,946626,77996
76,2085756,3032916,947160,78535
77,2124759,3072125,947366,78142
78,2163700,3111240,947540,78009
79,2202601,3150475,947874,78201
80,2241575,3189405,947830,77829
81,2280491,3228346,947855,77864
82,2319420,3267289,947869,77926
83,2358411,3306195,947784,77844
84,2397357,3345172,947815,78498
85,2436886,3384166,947280,78303
86,2476203,3423039,946836,78183
87,2515521,3461967,946446,78033
88,2554634,3500894,946260,77835
89,2593550,3539934,946384,77998
90,2632516,3578797,946281,77935
91,2671596,3618343,946747,78552
92,2710610,3657493,946883,78192
93,2749660,3696799,947139,78269
94,2788630,3736014,947384,78148
95,2827571,3775064,947493,77943
96,2866471,3813913,947442,77759
97,2905388,3852903,947515,77969
98,2944375,3891961,947586,77990
99,2983315,3930923,947608,78463
100,3022823,3969986,947163,78270
101,3062038,4008907,946869,78155
102,3101279,4047957,946678,78251
103,3140488,4086830,946342,77763
104,3179385,4125826,946441,77829
105,3218226,4164844,946618,77995
106,3257210,4203983,946773,78093
107,3296172,4243243,947071,78235
108,3335155,4282470,947315,78171
109,3374107,4321603,947496,78057
110,3413039,4360915,947876,78209
111,3451943,4399770,947827,77742
112,3490836,4438777,947941,78006
113,3529841,4477807,947966,78016
114,3568835,4516834,947999,78372
115,3608188,4555803,947615,78231
116,3647458,4594721,947263,78163
117,3686709,4633655,946946,78161
118,3725943,4672986,947043,78398
119,3765018,4711990,946972,77900
120,3803922,4750963,947041,77914
121,3842870,4789855,946985,77857
122,3881843,4829524,947681,78706
123,3920888,4868503,947615,78072
124,3959989,4907391,947402,77813
125,3998921,4946341,947420,77927
126,4037906,4985326,947420,77886
127,4076815,5024263,947448,77895
128,4115781,5069255,953474,83912
129,4154708,5103305,948597,73072
130,4193737,5142796,949059,78882
131,4233136,5182683,949547,79209
132,4272463,5222649,950186,79177
133,4311680,5262482,950802,79020
134,4350873,5301822,950949,78190
135,4389729,5341222,951493,78365
136,4428701,5380556,951855,78319
137,4467691,5420469,952778,78962
138,4506746,5459971,953225,78491
139,4545742,5499402,953660,78397
140,4584715,5538873,954158,78379
141,4623629,5578218,954589,78660
142,4662951,5617515,954564,78266
143,4701926,5656850,954924,78305
144,4740901,5696133,955232,78245
145,4779869,5735211,955342,78590
146,4819387,5774096,954709,77909
147,4858418,5812771,954353,77642
148,4897393,5851542,954149,77695
149,4936325,5890203,953878,77575
150,4975246,5928991,953745,77726
151,5014192,5967723,953531,77663
152,5053145,6006284,953139,78590
153,6007925,6130832,122907,132495
154,6017588,6164881,147293,43811
155,6027357,6185451,158094,30492
156,6037285,6195458,158173,19951
157,6047238,6251940,204702,66285
158,6057100,6277959,220859,37909
159,6068994,6307347,238353,51861
160,6091471,6323425,231954,27942
161,6103339,6361431,258092,66461
162,6131799,6387159,255360,35588
163,6141663,6419341,277678,52094
164,6161579,6445299,283720,45877
165,6181501,6507441,325940,82060
166,6201422,6533471,332049,37908
167,6213304,6549437,336133,25830
168,6223171,6559436,336265,21873
169,6235048,6591249,356201,41680
170,6244917,6612969,368052,33616
171,6256816,6641541,384725,38427
172,6266683,6660201,393518,30536
173,6278563,6693493,414930,43161
174,6288435,6711269,422834,29645
175,6300307,6721284,420977,19875
176,6310171,6746248,436077,36832
177,6322043,6761018,438975,24635
178,6331912,6770987,439075,21831
179,6343779,6813542,469763,52419
180,6353646,6827978,474332,26296
181,6365510,6842886,477376,24772
182,6375377,6868734,493357,37708
183,6387241,6901517,514276,42648
184,6397109,6927548,530439,37895
185,6408976,6937576,528600,19892
186,6418843,6963600,544757,35892
187,6428713,6992631,563918,40898
188,6440582,7018709,578127,36047
189,6450555,7053469,602914,44620
190,6460418,7074568,614150,30958
191,6470280,7106419,636139,43711
192,6482143,7128307,646164,31751
193,6492010,7164344,672334,45891
194,6501867,7190337,688470,35849
195,6511725,7214311,702586,35835
196,6523590,7224354,700764,19900
197,6533452,7280971,747519,66478
198,6543317,7291040,747723,19932
199,6553183,7322818,769635,62404
200,6583814,7332827,749013,26405
201,6600214,7360684,760470,57867
202,6630229,7382689,752460,43866
203,6652093,7418568,766475,65111
204,6681329,7444634,763305,51925
205,6707191,7469444,762253,56011
206,6738395,7495506,757111,38705
207,6751041,7505535,754494,56940
208,6797956,7515564,717608,35890
209,6823820,7544821,721001,59027
210,6853594,7570866,717272,45175
211,6872726,7587848,715122,52637
212,6908384,7613822,705438,35865
213,6918279,7659727,741448,71766
214,6944143,7685754,741611,35887
215,6954005,7731662,777657,63906
216,6972006,7757768,785762,35960
217,6981862,7785518,803656,50482
218,7004597,7795549,790952,27171
219,7021740,7841533,819793,84875
220,7060633,7867564,806931,35888
221,7070495,7899526,829031,70892
222,7109429,7909523,800094,19856
223,7119291,7927420,808129,50706
224,7152102,7937468,785366,37076
225,7179133,7969290,790157,66819
226,7214136,7995021,780885,51590
227,7240001,8017391,777390,40604
228,7258241,8037500,779259,29970
229,7268104,8075045,806941,78769
230,7309333,8085124,775791,35935
231,7335193,8123449,788256,48185
232,7345056,8143464,798408,43679
233,7368724,8178333,809609,44732
234,7378592,8191856,813264,23389
235,7388460,8208440,819980,45703
236,7417581,8219795,802214,33216
237,7439446,8245494,806048,63576
238,7477327,8273872,796545,54239
239,7503190,8300541,797351,52525
240,7529049,8315699,786650,25018
241,7538911,8341035,802124,51191
242,7564769,8361093,796324,29917
243,7574631,8396541,821910,61309
244,7600495,8422591,822096,51910
245,7626358,8436526,810168,23794
246,7636220,8462570,826350,51904
247,7662083,8480938,818855,44229
248,7687947,8506984,819037,35944
249,7697848,8536492,838644,44636
250,7712979,8562526,849547,52126
251,7739075,8578389,839314,25730
252,7748946,8604447,855501,35920
253,7758811,8620394,861583,25807
254,7768674,8646422,877748,47301
255,7789950,8662278,872328,25713
256,7799810,8688357,888547,35939
257,7809674,8704212,894538,25748
258,7819572,8730233,910661,35882
259,7829437,8746131,916694,45731
260,7859272,8772166,912894,35896
261,7869136,8788006,918870,63995
262,7917294,8814011,896717,51865
263,7943157,8829926,886769,48231
264,7975477,8855888,880411,49360
265,7998879,8871831,872952,35862
266,8018801,8897834,879033,45913
267,8038715,8913788,875073,32354
268,8055119,8939790,884671,45920
269,8075040,8955617,880577,43857
270,8103074,8981616,878542,35855
271,8112934,9003767,890833,81103
272,8171890,9029788,857898,45939
273,8191811,9060745,868934,69152
274,8230013,9070805,840792,19924
275,8239881,9102683,862802,77742
276,8285748,9128667,842919,45902
277,8305669,9144659,838990,47649
278,8337329,9170656,833327,45931
279,8357267,9211169,853902,51922
280,8368679,9237195,868516,35891
281,8378546,9283323,904777,73672
282,8406094,9303403,897309,37083
283,8423102,9325265,902163,33142
284,8434387,9345379,910992,29981
285,8444258,9373353,929095,69330
286,8485617,9383410,897793,31919
287,8507482,9417213,909731,48381
288,8522066,9437300,915234,48987
289,8550970,9477142,926172,55121
290,8566252,9497170,930918,46120
291,8592348,9537129,944781,65540
292,8617933,9547121,929188,29904
293,8637848,9598946,961098,83583
294,8669609,9620968,951359,31887
295,8679477,9660978,981501,81816
296,8721288,9671012,949724,29976
297,8741234,9707377,966143,68122
298,8772994,9725451,952457,37993
299,8792916,9749262,956346,55566
300,8824674,9759284,934610,29934
301,8844590,9799047,954457,71519
302,8876349,9809071,932722,29941
303,8896270,9853553,957283,76239
304,8928031,9863630,935599,29997
305,8947953,9895495,947542,63620
306,8979711,9913978,934267,28346
307,8989578,9941141,951563,66691
308,9029111,9963145,934034,39004
309,9046116,10027449,981333,96586
310,9078415,10039444,961029,37856
311,9104299,10061805,957506,48498
312,9130440,10071828,941388,41393
313,9161813,10114123,952310,58095
314,9177617,10124158,946541,29951
315,9197537,10158142,960605,57503
316,9221060,10168164,947104,29939
317,9240981,10211269,970288,52969
318,9250848,10221383,970535,19976
319,9260716,10251152,990436,52589
320,9283542,10271221,987679,45926
321,9309404,10293050,983646,63879
322,9351458,10303113,951655,19924
323,9361321,10337054,975733,63967
324,9391350,10347079,955729,19886
325,9401214,10378965,977751,65942
326,9435273,10389901,954628,20794
327,9445134,10420832,975698,53460
328,9467667,10440854,973187,45882
329,9493531,10472678,979147,53272
330,9514983,10492729,977746,29914
331,9524850,10512774,987924,62050
332,9566859,10532843,965984,29933
333,9576727,10552925,976198,72193
334,9628843,10572989,944146,29935
335,9638717,10593068,954351,72059
336,9690701,10613137,922436,29934
337,9700570,10624240,923670,52899
338,9742370,10644317,901947,29956
339,9752253,10666182,913929,63669
340,9794061,10676203,882142,35881
341,9819924,10708086,888162,57669
342,9845714,10731256,885542,49031
343,9871578,10750102,878524,44634
344,9897370,10760144,862774,32067
345,9919400,10791967,872567,57679
346,9945260,10801991,856731,29941
347,9965181,10829852,864671,47478
348,9984802,10839868,855066,19911
349,9994701,10873558,878857,82339
350,10043354,10899582,856228,49571
351,10066904,10913677,846773,42202
352,10095014,10938843,843829,34988
353,10104839,10963362,858523,75675
354,10155998,10973369,817371,35862
355,10181857,11009520,827663,45978
356,10191688,11035599,843911,35839
357,10201451,11045650,844199,68157
358,10259561,11065210,805649,37419
359,10277424,11089512,812088,50693
360,10303818,11115566,811748,44024
361,10321792,11125572,803780,48185
362,10359976,11149648,789672,50980
363,10386884,11165551,778667,53405
364,10424389,11188801,764412,42398
365,10443541,11221474,777933,56418
366,10467294,11247516,780222,51898
367,10493155,11261309,768154,23644
368,10503011,11271386,768375,19935
369,10512872,11291028,778156,55928
370,10549162,11313764,764602,48596
371,10575026,11353444,778418,65540
372,10600891,11379475,778584,37894
373,10612758,11389478,776720,19862
374,10622620,11415553,792933,37937
375,10634486,11441508,807022,35826
376,10644360,11451537,807177,19889
377,10654222,11477469,823247,59613
378,10687908,11503449,815541,35841
379,10697772,11537858,840086,56453
380,10719819,11563931,844112,44060
381,10737809,11579777,841968,43368
382,10765335,11605778,840443,35863
383,10775201,11621741,846540,52618
384,10811859,11647768,835909,53555
385,10839393,11663604,824211,25698
386,10849259,11689653,840394,44560
387,10867775,11705596,837821,35861
388,10887696,11715606,827910,19873
389,10897564,11751644,854080,45903
390,10907431,11773675,866244,41948
391,10927351,11805480,878129,47839
392,10943388,11815492,872104,19914
393,10953294,11845228,891934,71771
394,10995334,11855237,859903,35884
395,11021213,11884828,863615,39476
396,11031102,11894852,863750,35884
397,11056966,11924512,867546,73916
398,11101224,11934499,833275,19846
399,11111087,11964196,853109,55558
400,11136951,11974126,837175,19789
401,11146814,12003113,856299,61568
402,11179408,12013033,833625,19793
403,11190276,12041880,851604,67903
404,11229336,12051549,822213,39529
405,12052840,12221081,168241,177893
406,12062529,12231138,168609,19869
407,12072351,12257152,184801,35712
408,12082057,12291409,209352,63379
409,12111192,12317440,206248,35817
410,12120982,12327456,206474,21931
411,12132900,12384698,251798,67101
412,12142763,12410778,268015,35941
413,12152632,12432926,280294,34012
414,12164500,12483959,319459,60889
415,12174360,12509947,335587,35852
416,12184229,12528011,343782,29929
417,12196098,12567796,371698,49649
418,12205965,12583867,377902,25936
419,12215834,12605975,390141,33973
420,12227703,12661373,433670,79162
421,12251470,12681462,429992,29953
422,12261338,12695760,434422,38427
423,12285470,12763472,478002,89708
424,12307470,12783569,476099,44093
425,12331470,12803641,472171,31936
426,12343337,12885445,542108,101254
427,12362791,12905508,542717,52748
428,12395483,12925599,530116,31969
429,12407365,12957282,549917,55785
430,12431470,12967365,535895,31029
431,12452420,12977398,524978,35084
432,12477474,13009215,531741,41681
433,12487342,13019246,531904,34154
434,12511470,13029303,517833,28104
435,12529521,13082532,553011,75174
436,12551470,13102645,551175,44110
437,12575470,13122757,547287,30002
438,12585363,13154653,569290,57774
439,12611243,13164719,553476,19930
440,12621111,13184761,563650,32614
441,12633690,13226635,592945,75533
442,12667353,13236669,569316,43897
443,12701219,13256758,555539,29950
444,12711083,13343746,632663,112851
445,12736948,13363829,626881,53945
446,12770813,13383912,613099,49941
447,12800675,13427687,627012,62425
448,12819328,13447744,628416,53919
449,12853194,13460357,607163,74883
450,12915468,13543324,627856,107894
451,12940399,13553358,612959,27690
452,12958058,13563367,605309,19870
453,12967923,13614931,647008,78765
454,12995131,13624937,629806,19875
455,13005004,13644976,639972,31913
456,13016880,13719446,702566,98130
457,13040544,13739431,698887,29861
458,13050424,13749487,699063,35919
459,13076290,13793432,717142,53810
460,13086157,13819435,733278,35868
461,13096026,13849510,753484,41921
462,13107895,13879441,771546,39795
463,13117762,13905448,787686,35872
464,13127651,13931515,803864,37935
465,13139523,13953376,813853,31724
466,13149390,13979429,830039,35916
467,13159257,14001455,842198,33892
468,13171125,14011509,840384,19919
469,13180994,14037535,856541,35889
470,13190861,14051345,860484,25674
471,13202729,14069266,866537,27786
472,13212597,14091295,878698,31893
473,13222464,14115674,893210,36243
474,13234332,14159498,925166,53689
475,13244200,14182813,938613,33174
476,13254063,14192900,938837,21951
477,13265932,14225473,959541,42436
478,13275800,14259542,983742,43932
479,13285667,14293569,1007902,45892
480,13297535,14339558,1042023,55852
481,13307401,14349628,1042227,19935
482,13317270,14381701,1064431,43939
483,13329138,14401569,1072431,29732
484,13339005,14411576,1072571,19873
485,13348873,14421615,1072742,21904
486,13360742,14448999,1088257,37247
487,13370609,14475077,1104468,50935
488,13395470,14493612,1098142,44534
489,13421473,14529517,1108044,45792
490,13431363,14555546,1124183,35890
491,13441227,14565507,1124280,21820
492,13453090,14593511,1140421,37868
493,13462957,14630228,1167271,46579
494,13472822,14652243,1179421,60658
495,13511470,14662321,1150851,19944
496,13521339,14688376,1167037,48184
497,13543470,14714410,1170940,52034
498,13569472,14724401,1154929,23062
499,13582556,14750393,1167837,50903
500,13607471,14780467,1172996,56074
501,13633474,14805416,1171942,34813
502,13643342,14815422,1172080,21221
503,13654561,14853353,1198792,49799
504,13666432,14879355,1212923,44903
505,13685337,14909328,1223991,39834
506,13695201,14936937,1241736,63087
507,13730682,14946970,1216288,47787
508,13768439,14957023,1188584,19917
509,13778306,14972911,1194605,53051
510,13815473,14982928,1167455,19876
511,13825335,14992907,1167572,24478
512,13839838,15002911,1163073,19870
513,13849707,15033488,1183781,51381
514,13870516,15053514,1182998,39945
515,13890439,15073581,1183142,50125
516,13920501,15102215,1181714,42549
517,13934420,15112267,1177847,32009
518,13956381,15132392,1176011,30018
519,13966278,15192219,1225941,85689
520,13992142,15222294,1230152,39931
521,14002002,15232320,1230318,45350
522,14037329,15267006,1229677,83319
523,14085966,15293080,1207114,35935
524,14095830,15303108,1207278,35879
525,14121684,15342455,1220771,49207
526,14131548,15364533,1232985,31938
527,14141410,15390543,1249133,35870
528,14151273,15414489,1263216,33804
529,14161134,15436493,1275359,31861
530,14170997,15446541,1275544,42414
531,14203368,15501532,1298164,85908
532,14234288,15527613,1293325,59942
533,14268153,15544666,1276513,26949
534,14278053,15579484,1301431,60680
535,14303917,15589499,1285582,35869
536,14329774,15599528,1269754,19890
537,14339638,15649484,1309846,83816
538,14373501,15675564,1302063,35938
539,14383363,15687575,1304212,39830
540,14411186,15713579,1302393,35868
541,14421054,15737603,1316549,33882
542,14430916,15747668,1316752,80973
543,14501827,15773746,1271919,35940
544,14511691,15799754,1288063,51869
545,14537554,15809722,1272168,50599
546,14578188,15835749,1257561,47888
547,14600052,15845805,1245753,43915
548,14633915,15871765,1237850,59373
549,14667332,15897771,1230439,40188
550,14681518,15907802,1226284,19890
551,14691380,15933833,1242453,65910
552,14731263,15959863,1228600,47793
553,14753029,15969891,1216862,19885
554,14762889,16005537,1242648,74648
555,14801895,16015618,1213723,21951
556,14813770,16025600,1211830,43844
557,14847636,16035599,1187963,41865
558,14879505,16064428,1184923,45371
559,14896049,16094487,1198438,55918
560,14921912,16120514,1198602,43798
561,14939685,16130559,1190874,35906
562,14965548,16180570,1215022,59870
563,14975411,16206103,1230692,77329
564,15027210,16232075,1204865,39868
565,15041110,16270086,1228976,59871
566,15062973,16304101,1241128,68413
567,15097374,16314151,1216777,35907
568,15123233,16340026,1216793,44315
569,15141676,16366073,1224397,57361
570,15172994,16376085,1203091,50067
571,15213052,16402082,1189030,45942
572,15233001,16418697,1185696,36534
573,15252923,16433572,1180649,34793
574,15272845,16479563,1206718,65906
575,15292764,16489599,1196835,29955
576,15312686,16515657,1202971,42604
577,15329236,16525699,1196463,47732
578,15366929,16545460,1178531,29626
579,15376797,16581475,1204678,45879
580,15386665,16606986,1220321,35380
581,15396538,16617039,1220501,38334
582,15424825,16648960,1224135,62331
583,15455241,16679126,1223885,40026
584,15465105,16692526,1227421,23259
585,15474967,16717821,1242854,37169
586,15486844,16757476,1270632,49516
587,15496708,16777559,1280851,69566
588,15546195,16818619,1272424,50929
589,15556067,16838755,1282688,45997
590,15581930,16858888,1276958,66466
591,15628266,16878973,1250707,45945
592,15654129,16899091,1244962,52039
593,15686054,16919187,1233133,40030
594,15705992,16939252,1233260,30722
595,15716652,16959347,1242695,29960
596,15726519,16979413,1252894,41203
597,15747659,16999479,1251820,39977
598,15767574,17019517,1251943,39956
599,15787496,17049917,1262421,50101
600,15807200,17070028,1262828,40028
601,15827121,17089935,1262814,39824
602,15847041,17099952,1252911,31719
603,15868747,17120071,1251324,29983
604,15878615,17140135,1261520,29928
605,15888483,17160220,1271737,45892
606,15914294,17180346,1266052,40043
607,15934215,17200493,1266278,40064
608,15954136,17220620,1266484,41829
609,15975844,17265364,1289520,54613
610,15985717,17290568,1304851,35086
611,15995604,17300586,1304982,65065
612,16050654,17310641,1259987,35008
613,16075611,17320666,1245055,43909
614,16109517,17356687,1247170,61450
615,16134950,17366766,1231816,25373
616,16150248,17382919,1232671,42028
617,16176137,17392998,1216861,28986
618,16195047,17422660,1227613,46609
619,16211998,17448691,1236693,49062
620,16235033,17480160,1245127,41326
621,16244892,17519497,1274605,68787
622,16274345,17545549,1271204,45969
623,16294266,17555530,1261264,40971
624,16325260,17631519,1306259,85852
625,16335126,17653500,1318374,31846
626,16344995,17679579,1334584,72669
627,16391589,17701516,1309927,41854
628,16411509,17727546,1316037,36638
629,16422121,17737623,1315502,81207
630,16493254,17773604,1280350,55252
631,16512529,17795618,1283089,31905
632,16522422,17829557,1307135,72697
633,16561185,17872289,1311104,63537
634,16581993,17895806,1313813,49397
635,16607876,17905885,1298009,19939
636,16617741,17933470,1315729,47066
637,16637226,17967475,1330249,62498
638,16665722,17987309,1321587,57093
639,16702985,17997385,1294400,39942
640,16732853,18007440,1274587,40026
641,16762827,18017494,1254667,41870
642,16794646,18027548,1232902,36921
643,16821517,18037626,1216109,19957
644,16831401,18047658,1216257,46001
645,16867374,18057663,1190289,35862
646,16893234,18067692,1174458,19888
647,16903096,18077674,1174578,34351
648,16927469,18095023,1167554,35273
649,16945396,18105029,1159633,19861
650,16955255,18115106,1159851,60147
651,17005329,18134716,1129387,31415
652,17017138,18144542,1127404,19684
653,17027000,18154412,1127412,32535
654,17049668,18173907,1124239,72119
655,17102296,18183796,1081500,43749
656,17136161,18193655,1057494,65363
657,17191671,18213091,1021420,41300
658,17213539,18222959,1009420,31728
659,17235407,18232798,997391,37017
660,17275468,18252059,976591,53132
661,17309343,18261707,952364,51770
662,17351471,18271325,919854,31616
663,18272863,18451253,178390,188085
664,18282566,18477218,194652,35729
665,18292357,18499369,207012,31552
666,18301766,18525424,223658,35798
667,18311527,18549489,237962,47866
668,18335334,18575530,240196,40071
669,18349371,18585534,236163,19897
670,18359268,18607538,248270,47776
671,18385044,18690825,305781,117573
672,18419336,18712887,293551,44326
673,18441604,18746882,305278,59858
674,18467469,18780931,313462,45925
675,18479349,18809403,330054,38337
676,18489218,18831366,342148,31827
677,18499085,18857396,358311,35891
678,18508950,18867398,358448,21867
679,18520819,18897624,376805,40091
680,18530686,18923604,392918,35846
681,18540555,18933668,393113,32977
682,18563470,18959722,396252,52052
683,18589470,18992373,402903,42538
684,18599360,19002404,403044,34130
685,18623470,19028424,404954,50016
686,18647470,19058469,410999,46940
687,18664370,19068523,404153,33150
688,18687470,19094520,407050,49994
689,18711470,19115452,403982,30796
690,18721337,19125484,404147,44163
691,18755472,19149457,393985,47967
692,18779470,19175482,396012,46054
693,18799501,19185510,386009,19893
694,18809368,19205515,396147,46101
695,18835468,19233533,398065,60016
696,18867470,19259549,392079,49996
697,18891453,19269601,378148,34065
698,18915470,19287611,372141,35156
699,18932619,19315129,382510,76389
700,18981494,19341208,359714,80052
701,19035471,19351180,315709,33968
702,19059470,19369644,310174,42458
703,19083468,19451281,367813,109975
704,19111809,19473238,361429,31822
705,19121677,19511242,389565,75793
706,19159470,19545222,385752,57974
707,19183468,19579474,396006,58251
708,19207470,19597964,390494,32023
709,19221006,19624044,403038,35940
710,19230873,19634068,403195,34614
711,19255468,19682839,427371,72770
712,19279470,19708885,429415,39028
713,19292455,19718939,426484,19919
714,19302322,19744902,442580,51106
715,19327468,19770889,443421,49985
716,19351470,19780901,429431,22437
717,19363898,19806978,443080,35941
718,19373765,19833041,459276,51763
719,19399468,19843088,443620,34046
720,19423470,19869168,445698,37943
721,19435337,19879153,443816,19854
722,19445208,19905206,459998,52310
723,19471468,19961865,490397,80657
724,19495470,19983841,488371,33333
725,19506829,20016332,509503,42357
726,19516698,20026361,509663,36795
727,19543468,20081514,538046,79152
728,19567470,20097737,530267,27022
729,19578273,20117587,539314,29715
730,19588141,20149404,561263,59141
731,19615470,20201638,586168,84231
732,19647470,20220834,573364,43192
733,19671470,20230870,559400,34033
734,19695470,20250793,555323,45925
735,19721476,20321695,600219,80768
736,19731344,20343876,612532,56048
737,19765214,20353884,588670,40261
738,19795470,20373847,578377,45966
739,19821476,20449001,627525,97145
740,19843470,20467003,623533,41998
741,19867470,20486872,619402,29732
742,19877337,20506813,629476,44073
743,19901472,20569222,667750,78053
744,19917119,20580198,663079,20842
745,19926987,20609936,682949,94944
746,19992196,20629834,637638,31762
747,20004064,20689261,685197,81728
748,20026368,20703203,676835,23806
749,20036236,20723085,686849,29746
750,20046103,20752920,706817,41701
751,20057973,20805428,747455,62373
752,20067841,20818326,750485,48523
753,20103470,20866910,763440,72580
754,20127470,20912928,785458,57928
755,20139384,20943996,804612,41091
756,20149411,20963901,814490,29769
757,20159278,20989949,830671,35913
758,20169146,21016028,846882,37942
759,20181011,21048489,867478,42351
760,20190906,21058566,867660,50638
761,20231470,21080615,849145,41376
762,20250800,21114676,863876,45931
763,20262672,21169497,906825,64688
764,20272542,21203576,931034,43943
765,20282409,21237640,955231,43916
766,20292275,21267648,975373,41872
767,20304142,21289490,985348,47481
768,20329785,21319551,989766,55742
769,20355470,21365977,1010507,64806
770,20373874,21393597,1019723,39483
771,20385741,21403652,1017911,19920
772,20395610,21461712,1066102,67923
773,20405477,21495763,1090286,43914
774,20415343,21529796,1114453,45898
775,20427212,21563814,1136602,43889
776,20437087,21573892,1136805,44457
777,20471470,21607928,1136458,58033
778,20495470,21641986,1146516,47409
779,20508823,21675984,1167161,43862
780,20518690,21710042,1191352,43928
781,20528563,21736060,1207497,35881
782,20538430,21746082,1207652,21888
783,20550298,21769493,1219195,60579
784,20587470,21795569,1208099,35932
785,20597330,21805580,1208250,32147
786,20619470,21831646,1212176,38437
787,20631844,21883408,1251564,61625
788,20641711,21905468,1263757,31927
789,20651580,21939499,1287919,43895
790,20661447,21965499,1304052,37863
791,20673314,21975553,1302239,44206
792,20707470,22001606,1294136,50050
793,20731470,22027680,1296210,35983
794,20741382,22037711,1296329,23574
795,20754929,22063790,1308861,35944
796,20764797,22073793,1308996,19868
797,20774664,22099798,1325134,35871
798,20784533,22125792,1341259,66932
799,20825475,22135871,1310396,28071
800,20843470,22161904,1318434,50030
801,20867470,22187964,1320494,50056
802,20891470,22198042,1306572,33542
803,20914937,22221501,1306564,55990
804,20947470,22247554,1300084,66052
805,20987472,22257631,1270159,40410
806,21017808,22283612,1265804,48090
807,21039921,22309593,1269672,54130
808,21068074,22319631,1251557,30144
809,21088183,22345648,1257465,49700
810,21111869,22371651,1259782,53599
811,21139468,22381701,1242233,57349
812,21186771,22407697,1220926,42969
813,21203748,22417729,1213981,19894
814,21213613,22437621,1224008,45744
815,21239468,22465541,1226073,51919
816,21263470,22499597,1236127,74052
817,21303470,22529606,1226136,39873
818,21313337,22563635,1250298,60156
819,21339467,22597630,1258163,43856
820,21349332,22613982,1264650,26215
821,21359198,22623971,1264773,19854
822,21369067,22634002,1264935,50436
823,21409476,22689451,1279975,65313
824,21419344,22729998,1310654,51811
825,21430613,22758278,1327665,38145
826,21440481,22787777,1347296,41364
827,21452350,22814925,1362575,37003
828,21462208,22825683,1363475,20623
829,21472077,22835709,1363632,19882
830,21481937,22860886,1378949,37043
831,21493805,22891520,1397715,68296
832,21531470,22917413,1385943,35751
833,21541332,22936071,1394739,30655
834,21553333,22964386,1411053,40181
835,21565202,22991222,1426020,36700
836,21575069,23009529,1434460,28168
837,21584934,23038531,1453597,38866
838,21594801,23058620,1463819,31953
839,21606669,23102912,1496243,54157
840,21616537,23124895,1508358,60912
841,21655470,23144961,1489491,30791
842,21666198,23174237,1508039,41141
843,21678067,23188829,1510762,24458
844,21687935,23208913,1520978,29947
845,21697802,23227664,1529862,28615
846,21707670,23250936,1543266,35225
847,21719627,23262975,1543348,21906
848,21729497,23292176,1562679,39067
849,21739366,23314985,1575619,32674
850,21749235,23325068,1575833,44317
851,21783473,23335072,1551599,19864
852,21793336,23345116,1551780,27472
853,21810768,23355202,1544434,19948
854,21820634,23367206,1546572,21870
855,21830504,23422876,1592372,65530
856,21840367,23442012,1601645,28994
857,21850229,23456027,1605798,23874
858,21860091,23466040,1605949,19873
859,21869953,23495848,1625895,77054
860,21917203,23515900,1598697,29914
861,21927068,23535311,1608243,43029
862,21950690,23545347,1594657,58185
863,21998842,23588028,1589186,62364
864,22018529,23608066,1589537,64791
865,22063286,23623111,1559825,44367
866,22092611,23633167,1540556,19948
867,22102506,23669028,1566522,67848
868,22134497,23699196,1564699,78029
869,22182361,23719545,1537184,54213
870,22216229,23730863,1514634,21184
871,22226099,23781043,1554944,60040
872,22235962,23791035,1555073,35012
873,22260985,23821109,1560124,84555
874,22315470,23856913,1541443,64979
875,22344648,23895742,1551094,48693
876,22354515,23905792,1551277,57077
877,22401546,23952065,1550519,78828
878,22434103,24006074,1571971,79370
879,22459467,24032121,1572654,35911
880,22469335,24042194,1572859,32205
881,22491471,24068236,1576765,40088
882,22505520,24078265,1572745,63973
883,22559467,24104287,1544820,45252
884,22578700,24114277,1535577,28313
885,22597027,24131277,1534250,26899
886,22606930,24153201,1546271,63683
887,22648693,24173100,1524407,29765
888,22658562,24192991,1534429,43095
889,22681770,24224808,1543038,57513
890,22707470,24234856,1527386,20668
891,22718094,24254748,1536654,45782
892,22743987,24274617,1530630,45639
893,22769761,24306404,1536643,41653
894,22779630,24316434,1536804,19896
895,22789500,24336381,1546881,29828
896,22799385,24366132,1566747,41609
897,22811246,24387985,1576739,31719
898,22821114,24398055,1576941,40426
899,22851473,24417910,1566437,29709
900,22861330,24447782,1586452,71732
901,22903193,24469651,1566458,31729
902,22913057,24489594,1576537,45803
903,22938920,24527513,1588593,53695
904,22954700,24553542,1598842,43822
905,22972497,24565652,1593155,56785
906,23017175,24591008,1573833,35215
907,23027038,24629517,1602479,72797
908,23061328,24663539,1602211,52306
909,23079615,24689577,1609962,46769
910,23100350,24723583,1623233,43865
911,23110212,24757548,1647336,77123
912,23153374,24795603,1642229,71914
913,23187236,24805633,1618397,43892
914,23221102,24835682,1614580,63909
915,23254966,24866032,1611066,64210
916,23288829,24900044,1611215,43872
917,23298692,24935982,1637290,69793
918,23332558,24969855,1637297,59734
919,23358422,25001823,1643401,41865
920,23368322,25031854,1663532,69177
921,23407470,25061871,1654401,39881
922,23417338,25091938,1674600,54199
923,23441483,25101906,1660423,31951
924,23463470,25133850,1670380,55941
925,23487470,25163833,1676363,39889
926,23497380,25205756,1708376,76014
927,23531474,25227833,1696359,47897
928,23557297,25267735,1710438,82071
929,23599469,25299663,1700194,41787
930,23609332,25323601,1714269,67341
931,23652738,25343450,1690712,42630
932,23675522,25363371,1687849,71866
933,23727470,25383261,1655791,43887
934,23751470,25407188,1655718,35789
935,23763336,25427087,1663751,52030
936,23795470,25446988,1651518,39898
937,23815470,25466869,1651399,51878
938,23847470,25490725,1643255,51852
939,23875469,25510621,1635152,29761
940,23885337,25530474,1645137,61714
941,23927202,25562291,1635089,92082
942,23987470,25584211,1596741,37366
943,24002920,25604125,1601205,29775
944,24012785,25624021,1611236,29753
945,24022645,25645898,1623253,31743
946,24032513,25667781,1635268,33749
947,24044382,25687650,1643268,35110
948,24059626,25707591,1647965,47005
949,24086693,25729465,1642772,31736
950,24096559,25751404,1654845,62848
951,24137472,25771333,1633861,35662
952,24153208,25791253,1638045,42180
953,24175470,25813185,1637715,45928
954,24199470,25835150,1635680,33875
955,24211382,25855057,1643675,43384
956,24234863,25874920,1640057,44466
957,24259470,25896781,1637311,45857
958,24283470,25918707,1635237,33835
959,24295383,25938568,1643185,43945
960,24319470,25958462,1638992,43891
961,24343470,25980329,1636859,31730
962,24353337,26002216,1648879,46016
963,24377470,26022119,1644649,41900
964,24399470,26042017,1642547,43894
965,24423470,26063961,1640491,31914
966,24433442,26085886,1652444,45950
967,24457470,26105775,1648305,41885
968,24479470,26125676,1646206,30029
969,24489601,26147606,1658005,31790
970,24499466,26169509,1670043,31762
971,24509329,26189456,1680127,43811
972,24533197,26209355,1676158,29759
973,24543059,26231280,1688221,59791
974,24580928,26253242,1672314,32047
975,24591017,26273162,1682145,29780
976,24600881,26293028,1692147,65611
977,24646630,26305016,1658386,39886
978,24674532,26317060,1642528,45922
979,24708414,26327093,1618679,19893
980,24718277,26337149,1618872,43916
981,24752140,26347233,1595093,39871
982,24781930,26359243,1577313,69550
983,24839473,26369257,1529784,19874
984,24849336,26379313,1529977,39915
985,24879198,26389346,1510148,54302
986,24923470,26401414,1477944,46066
987,24957471,26413461,1455990,42042
988,24987470,26423424,1435954,29959
989,25007470,26433417,1425947,41989
990,25039470,26445622,1406152,46202
991,25073470,26455660,1382190,52034
992,25115470,26465715,1350245,30052
993,25135470,26475764,1340294,42045
994,25167470,26485728,1318258,31962
995,25189471,26497821,1308350,54089
996,25231470,26507879,1276409,30054
997,25251470,26517914,1266444,42031
998,25283470,26527887,1244417,38210
999,25311710,26537858,1226148,31841
1000,25333584,26547883,1214299,29944
1001,25353505,26557914,1204409,29919
1002,25373396,26567924,1194528,31911
1003,25395301,26602299,1206998,56292
1004,25417221,26622419,1205198,40018
1005,25437122,26671488,1234366,68948
1006,25457003,26697527,1240524,47895
1007,25478863,26707565,1228702,31927
1008,25500756,26733550,1232794,45835
1009,25520608,26748002,1227394,34380
1010,25540540,26764283,1223743,28161
1011,25552423,26810297,1257874,65919
1012,25572332,26820351,1248019,31962
1013,25594244,26830404,1236160,29959
1014,25614153,26840480,1226327,31952
1015,25636033,26915508,1279475,94909
1016,25655918,26949586,1293668,55922
1017,25677765,26973914,1296149,44284
1018,25697724,26997807,1300083,45768
1019,25719603,27035544,1315941,57649
1020,25739518,27045567,1306049,31969
1021,25761468,27079644,1318176,53970
1022,25781364,27109694,1328330,52000
1023,25803318,27147505,1344187,57752
1024,25823263,27157533,1334270,31928
1025,25845166,27191600,1346434,53953
1026,25865055,27221604,1356549,51861
1027,25886914,27259498,1372584,57809
1028,25906832,27269515,1362683,31886
1029,25928703,27303538,1374835,53921
1030,25948604,27333590,1384986,51907
1031,25970462,27359460,1388998,45729
1032,25990325,27393466,1403141,55892
1033,26012215,27420730,1408515,47196
1034,26032151,27446622,1414471,47816
1035,26054077,27495503,1441426,68799
1036,26073998,27505553,1431555,31919
1037,26095869,27533042,1437173,47428
1038,26115811,27543086,1427275,31969
1039,26137739,27607501,1469762,84273
1040,26157599,27617547,1459948,31989
1041,26179546,27645374,1465828,47768
1042,26199491,27671352,1471861,47899
1043,26221415,27719552,1498137,68137
1044,26241355,27729570,1488215,31953
1045,26263294,27757716,1494422,48013
1046,26283164,27783649,1500485,38275
1047,26295510,27823522,1528012,73735
1048,26329375,27833530,1504155,19869
1049,26339239,27867538,1528299,59870
1050,26365105,27893568,1528463,65099
1051,26404178,27935507,1531329,51831
1052,26414072,27945567,1531495,19923
1053,26423938,27979563,1555625,63856
1054,26453802,28005616,1551814,48646
1055,26476399,28047516,1571117,64967
1056,26499470,28057570,1558100,42049
1057,26531470,28091343,1559873,65769
1058,26563470,28117321,1553851,37888
1059,26575383,28162685,1587302,55156
1060,26585179,28172700,1587521,48302
1061,26623470,28182777,1559307,19941
1062,26633337,28192760,1559423,38002
1063,26661360,28272117,1610757,97503
1064,26679509,28298143,1618634,35886
1065,26689373,28310718,1621345,62439
1066,26739241,28320735,1581494,56244
1067,26785471,28346806,1561335,35956
1068,26795358,28372834,1577476,50127
1069,26819470,28382870,1563400,34033
1070,26843470,28412882,1569412,41876
1071,26855337,28422881,1567544,34128
1072,26879470,28445446,1565976,48576
1073,26905483,28455524,1550041,19943
1074,26915377,28465599,1550222,36166
1075,26941471,28521472,1580001,85866
1076,26971467,28547478,1576011,54004
1077,26999469,28575493,1576024,37876
1078,27009333,28585546,1576213,62188
1079,27061470,28631628,1570158,68080
1080,27083470,28641610,1558140,33978
1081,27107470,28691667,1584197,59921
1082,27117337,28717071,1599734,49533
1083,27141470,28727057,1585587,31983
1084,27163470,28753029,1589559,49970
1085,27187470,28791079,1603609,47959
1086,27197383,28825136,1627753,58142
1087,27221471,28851170,1629699,48029
1088,27243470,28861218,1617748,34044
1089,27267470,28911469,1643999,74247
1090,27291470,28936935,1645465,37375
1091,27303382,28959468,1656086,46617
1092,27327470,28974984,1647514,39512
1093,27351470,29023469,1671999,58394
1094,27361382,29048967,1687585,49583
1095,27385470,29071468,1685998,44498
1096,27407470,29086899,1679429,39427
1097,27431470,29135468,1703998,58432
1098,27441337,29160859,1719522,49521
1099,27465470,29183468,1717998,44606
1100,27487470,29198714,1711244,39243
1101,27511471,29247469,1735998,58620
1102,27521338,29272650,1751312,53311
1103,27549471,29295468,1745997,44813
1104,27571470,29310677,1739207,39206
1105,27595470,29359468,1763998,58656
1106,27605337,29384638,1779301,47302
1107,27627473,29407468,1779995,46919
1108,27651565,29422606,1771041,28959
1109,27665390,29462400,1797010,64711
1110,27690310,29514042,1823732,81518
1111,27720189,29544790,1824601,64609
1112,27754054,29564447,1810393,57518
1113,27791919,29574448,1782529,31856
1114,27813777,29636580,1822803,96014
1115,27847661,29656690,1809029,30012
1116,27857566,29686851,1829285,56022
1117,27883430,29708361,1824931,47373
1118,27909296,29748645,1839349,50145
1119,27919159,29787469,1868310,64682
1120,27945021,29816884,1871863,39275
1121,27954883,29828529,1873646,30787
1122,27974028,29879342,1905314,76676
1123,27999894,29909505,1909611,40022
1124,28009757,29929721,1919964,44074
1125,28033618,29959773,1926155,39913
1126,28043482,29981720,1938238,45832
1127,28067371,29991730,1924359,53162
1128,28110527,30001799,1891272,19929
1129,28120391,30011818,1891427,32251
1130,28142627,30023908,1881281,48932
1131,28179473,30033994,1854521,19942
1132,28189332,30044026,1854694,31137
1133,28210440,30054102,1843662,35755
1134,28236123,30066127,1830004,21889
1135,28245990,30076200,1830210,108099
1136,28344020,30086164,1742144,31171
1137,28365230,30096195,1730965,29810
1138,28385013,30124446,1739433,38127
1139,28394893,30144586,1749693,30006
1140,28404763,30158336,1753573,23613
1141,28414630,30168365,1753735,19894
1142,28424498,30180462,1755964,22067
1143,28434470,30190500,1756030,45841
1144,28470277,30200547,1730270,19908
1145,28480140,30210563,1730423,19876
1146,28490002,30238580,1748578,37878
1147,28499866,30258719,1758853,92621
1148,28572352,30272703,1700351,47843
1149,28606215,30282791,1676576,35957
1150,28632087,30296814,1664727,23883
1151,28641950,30306900,1664950,24177
1152,28656045,30316947,1660902,35899
1153,28681901,30345584,1663683,52808
1154,28706078,30367744,1661666,32022
1155,28715944,30379049,1663105,36686
1156,28741329,30389048,1647719,35859
1157,28767191,30399037,1631846,19849
1158,28777054,30413091,1636037,52468
1159,28815472,30423135,1607663,19903
1160,28825334,30433122,1607788,39845
1161,28855195,30443209,1588014,34358
1162,28879470,30473523,1594053,40179
1163,28889339,30493638,1604299,29975
1164,28899202,30507352,1608150,43576
1165,28929068,30517372,1588304,32418
1166,28951470,30529405,1577935,38031
1167,28977470,30539447,1561977,32038
1168,28999470,30549510,1550040,19971
1169,29009381,30559548,1550167,32126
1170,29031473,30571632,1540159,38081
1171,29057473,30601142,1543669,51504
1172,29079470,30621241,1541771,44095
1173,29103470,30633663,1530193,22285
1174,29113336,30645755,1532419,36222
1175,29137470,30655761,1518291,32003
1176,29159470,30665815,1506345,34050
1177,29183470,30696026,1512556,40075
1178,29193336,30717809,1524473,45914
1179,29217470,30727839,1510369,32026
1180,29239470,30739936,1500466,36094
1181,29263470,30767928,1504458,37900
1182,29273382,30789995,1516613,46151
1183,29297470,30803917,1506447,35919
1184,29319470,30813969,1494499,34049
1185,29343470,30823989,1480519,19883
1186,29353337,30858011,1504674,58151
1187,29377470,30876000,1498530,39986
1188,29399470,30886003,1486533,30003
1189,29419473,30898027,1478554,36017
1190,29443470,30926524,1483054,40354
1191,29455330,30948570,1493240,46183
1192,29479470,30960042,1480572,35468
1193,29503469,30970055,1466586,34010
1194,29527470,30996554,1469084,38363
1195,29539337,31016634,1477297,44209
1196,29563470,31032106,1468636,39468
1197,29587470,31042110,1454640,19912
1198,29597382,31052171,1454789,34146
1199,29621470,31064215,1442745,34040
1200,29643470,31074227,1430757,34008
1201,29667470,31100414,1432944,36095
1202,29677382,31120503,1443121,44173
1203,29701470,31134236,1432766,35730
1204,29723470,31144261,1420791,34021
1205,29747470,31154302,1406832,19949
1206,29757382,31166333,1408951,28243
1207,29773597,31231595,1457998,75126
1208,29783466,31251790,1468324,30058
1209,29793333,31271903,1478570,29976
1210,29803199,31291987,1488788,31949
1211,29815068,31317027,1501959,65115
1212,29855146,31337144,1481998,29982
1213,29865014,31357205,1492191,29925
1214,29874880,31377267,1502387,31928
1215,29886748,31467567,1580819,100165
1216,29896617,31493570,1596953,35866
1217,29906483,31503528,1597045,19823
1218,29916352,31529537,1613185,35865
1219,29926221,31571493,1645272,53821
1220,29938090,31593521,1655431,47409
1221,29963473,31623507,1660034,39845
1222,29973335,31647795,1674460,47910
1223,29996961,31675492,1678531,37585
1224,30006861,31697569,1690708,55944
1225,30040731,31731556,1690825,56722
1226,30063470,31741599,1678129,34042
1227,30087473,31763495,1676022,31755
1228,30097335,31789486,1692151,52936
1229,30124283,31823515,1699232,57213
1230,30147470,31833526,1686056,34010
1231,30171473,31857066,1685593,33400
1232,30181335,31876976,1695641,45769
1233,30207198,31910962,1703764,58254
1234,30231470,31937008,1705538,35911
1235,30241338,31995496,1754158,68347
1236,30251201,32017500,1766299,47859
1237,30277059,32043576,1766517,35935
1238,30286921,32053597,1766676,35882
1239,30312785,32078185,1765400,50448
1240,30338648,32100231,1761583,31906
1241,30348512,32134263,1785751,59891
1242,30374374,32160327,1785953,51925
1243,30400237,32186872,1786635,39929
1244,30413624,32202275,1788651,49263
1245,30447488,32226423,1778935,58008
1246,30481351,32236437,1755086,43874
1247,30515215,32275497,1760282,68966
1248,30545125,32297526,1752401,31888
1249,30554987,32331521,1776534,67857
1250,30588851,32341530,1752679,43868
1251,30622714,32399535,1776821,88616
1252,30653329,32423701,1770372,50025
1253,30679191,32433750,1754559,19910
1254,30689055,32487758,1798703,79863
1255,30714914,32513322,1798408,50392
1256,30739745,32523316,1783571,31857
1257,30761612,32561294,1799682,63839
1258,30787477,32595279,1807802,43844
1259,30797340,32625335,1827995,54042
1260,30821329,32651340,1830011,51864
1261,30847191,32661417,1814226,19938
1262,30857055,32703447,1846392,67884
1263,30882912,32737445,1854533,49123
1264,30898040,32767450,1869410,55865
1265,30923904,32777520,1853616,19930
1266,30933766,32827539,1893773,75880
1267,30959630,32854304,1894674,49231
1268,30982100,32866332,1884232,37888
1269,31007963,32876350,1868387,19917
1270,31017865,32886351,1868486,35860
1271,31043727,32924981,1881254,65344
1272,31070444,32947013,1876569,47893
1273,31096308,32981067,1884759,54746
1274,31117003,33009523,1892520,62343
1275,31150893,33035554,1884661,60458
1276,31185324,33045585,1860261,43891
1277,31219187,33082259,1863072,70538
1278,31253055,33092276,1839221,39869
1279,31282911,33139537,1856626,87677
1280,31323330,33149526,1826196,43850
1281,31357195,33179530,1822335,71866
1282,31399060,33205583,1806523,59917
1283,31432928,33218420,1785492,50697
1284,31470791,33244474,1773683,59923
1285,31504663,33254477,1749814,19894
1286,31514557,33280534,1765977,70970
1287,31559474,33300550,1741076,43876
1288,31583338,33326506,1743168,75818
1289,31633204,33348573,1715369,45857
1290,31656997,33358578,1701581,35871
1291,31682867,33387538,1704671,38828
1292,31692738,33413518,1720780,63750
1293,31730512,33439524,1709012,59872
1294,31764382,33449537,1685155,41100
1295,31795473,33507546,1712073,69869
1296,31807335,33533553,1726218,50139
1297,31831470,33559193,1727723,53636
1298,31859470,33571254,1711784,32060
1299,31879472,33597307,1717835,35957
1300,31889380,33607349,1717969,35902
1301,31915243,33633403,1718160,35920
1302,31925112,33643412,1718300,32367
1303,31947473,33681420,1733947,62385
1304,31971853,33707476,1735623,35956
1305,31981756,33733360,1751604,51152
1306,32007028,33743393,1736365,30278
1307,32027277,33765468,1738191,41993
1308,32047198,33791501,1744303,61213
1309,32082382,33813520,1731138,47885
1310,32108251,33823526,1715275,19872
1311,32118121,33863568,1745447,49903
1312,32127985,33889596,1761611,51888
1313,32153849,33913571,1759722,85837
1314,32215714,33963626,1747912,59917
1315,32225578,33985534,1759956,51761
1316,32255435,34020991,1765556,61323
1317,32281304,34031069,1749765,39443
1318,32310673,34077277,1766604,66453
1319,32330921,34107342,1776421,49984
1320,32350844,34131801,1780957,44913
1321,32371301,34157627,1786326,45745
1322,32391223,34167706,1776483,39939
1323,32421087,34177716,1756629,28257
1324,32439337,34199881,1760544,43051
1325,32460226,34225912,1765686,45948
1326,32480147,34235940,1755793,49946
1327,32520069,34247986,1727917,23304
1328,32531331,34258029,1726698,35904
1329,32557196,34281238,1724042,33068
1330,32567058,34307257,1740199,51885
1331,32592927,34317315,1724388,60456
1332,32643329,34328463,1685134,45040
1333,32677224,34338467,1661243,35863
1334,32703087,34348486,1645399,19884
1335,32712955,34411726,1698771,108488
1336,32758206,34465774,1707568,79909
1337,32784071,34487813,1703742,31898
1338,32793933,34497845,1703912,35892
1339,32819797,34543857,1724060,97540
1340,32871329,34553882,1682553,35884
1341,32897191,34587892,1690701,43896
1342,32907079,34621850,1714771,59819
1343,32932943,34647846,1714903,96073
1344,33003023,34673922,1670899,51937
1345,33028887,34683953,1655066,19887
1346,33038746,34705990,1667244,47924
1347,33064636,34722373,1657737,27616
1348,33075872,34732387,1656515,32728
1349,33098588,34762380,1663792,83865
1350,33152462,34798095,1645633,45573
1351,33162324,34823782,1661458,48688
1352,33185329,34833804,1648475,67881
1353,33243192,34859878,1616686,50287
1354,33267408,34869877,1602469,34059
1355,33291472,34883472,1592000,23453
1356,33301334,34893491,1592157,59879
1357,33351198,34903490,1552292,35734
1358,33376936,34913503,1536567,32546
1359,33399472,34937542,1538070,33891
1360,33409328,34961929,1552601,82248
1361,33467192,34988008,1520816,35975
1362,33477091,34998072,1520981,72441
1363,33539472,35024030,1484558,35861
1364,33549378,35050108,1500730,84168
1365,33607470,35060162,1452692,36695
1366,33634114,35086174,1452060,37896
1367,33646001,35103471,1457470,27153
1368,33655870,35129496,1473626,65621
1369,33695470,35155486,1460016,35853
1370,33705337,35165469,1460132,34114
1371,33729472,35228681,1499209,85207
1372,33751470,35254703,1503233,41621
1373,33767072,35280734,1513662,35896
1374,33776951,35290787,1513836,34570
1375,33801471,35315541,1514070,42615
1376,33819335,35341593,1522258,44111
1377,33837398,35351638,1514240,19909
1378,33847266,35361621,1514355,19851
1379,33857137,35384210,1527073,32444
1380,33866995,35435896,1568901,73418
1381,33888729,35445973,1557244,21356
1382,33900011,35472050,1572039,35942
1383,33909879,35493996,1584117,45397
1384,33933334,35519976,1586642,66005
1385,33973362,35529982,1556620,33625
1386,33996985,35544032,1547047,60534
1387,34043472,35575920,1532448,41748
1388,34053335,35601954,1548619,80165
1389,34107470,35627931,1520461,57973
1390,34139470,35637964,1498494,33145
1391,34162585,35657973,1495388,29869
1392,34172449,35684030,1511581,63911
1393,34210311,35694053,1483742,43881
1394,34244173,35720083,1475910,40195
1395,34258342,35739995,1481653,29794
1396,34268228,35765959,1497731,35832
1397,34278100,35791970,1513870,87379
1398,34339471,35802048,1462577,32401
1399,34361796,35822005,1460209,33399
1400,34375240,35848029,1472789,50789
1401,34400009,35858070,1458061,30146
1402,34420117,35884033,1463916,46069
1403,34440226,35903992,1463766,29824
1404,34450095,35929990,1479895,45917
1405,34470018,35955985,1485967,56519
1406,34500546,35966017,1465471,32138
1407,34522655,35985929,1463274,33311
1408,34536056,36012006,1475950,46002
1409,34555983,36022069,1466086,29986
1410,34575910,36048087,1472177,47942
1411,34597837,36067973,1470136,39508
1412,34617463,36093971,1476508,35866
1413,34627335,36119952,1492617,35850
1414,34637208,36129941,1492733,19860
1415,34647082,36149876,1502794,29800
1416,34656951,36175908,1518957,55925
1417,34686847,36185917,1499070,29927
1418,34706767,36211990,1505223,55613
1419,34736310,36231916,1495606,29792
1420,34746178,36253977,1507799,63923
1421,34788043,36288006,1499963,45986
1422,34800003,36321992,1521989,50043
1423,34816064,36371497,1555433,107511
1424,34874073,36381525,1507452,31904
1425,34895953,36423559,1527606,51893
1426,34905815,36437138,1531323,25374
1427,34917613,36473421,1555808,46144
1428,34927477,36511425,1583948,63864
1429,34953340,36544414,1591074,42872
1430,34963226,36568408,1605182,72236
1431,35011472,36594415,1582943,35863
1432,35021331,36636445,1615114,67602
1433,35046907,36646422,1599515,19845
1434,35056778,36665861,1609083,45246
1435,35082587,36711540,1628953,55540
1436,35092452,36721499,1629047,33801
1437,35116300,36786207,1669907,74567
1438,35126162,36796232,1670070,39886
1439,35156026,36829531,1673505,44599
1440,35167329,36847678,1680349,49513
1441,35198698,36881690,1682992,43873
1442,35208562,36914633,1706071,77618
1443,35253240,36968591,1715351,100050
1444,35299335,37035469,1736134,76731
1445,35309191,37059468,1750277,49879
1446,35335073,37085491,1750418,35883
1447,35344937,37095466,1750529,64368
1448,35399334,37119469,1720135,47186
1449,35422521,37143468,1720947,66493
1450,35465018,37155441,1690423,27758
1451,35480807,37171510,1690703,40587
1452,35505329,37181529,1676200,35878
1453,35531191,37207564,1676373,35898
1454,35541058,37233465,1692407,39047
1455,35554208,37259468,1705260,51439
1456,35579648,37283469,1703821,33903
1457,35589553,37293482,1703929,34223
1458,35613765,37321489,1707724,39897
1459,35625658,37347468,1721810,35841
1460,35635522,37357467,1721945,19854
1461,35645380,37383468,1738088,49600
1462,35668984,37395494,1726510,37882
1463,35694844,37405571,1710727,22298
1464,35707068,37435572,1728504,71337
1465,35748408,37459468,1711060,33757
1466,35758271,37485488,1727217,50333
1467,35782587,37495493,1712906,21874
1468,35794459,37521556,1727097,35924
1469,35804322,37547567,1743245,49382
1470,35827697,37559624,1731927,21916
1471,35837559,37569611,1732052,41240
1472,35868814,37579609,1710795,60885
1473,35919706,37589572,1669866,19823
1474,35929568,37599552,1669984,43834
1475,35963424,37609546,1646122,57801
1476,36011234,37619560,1608326,40258
1477,36041482,37629578,1588096,19894
1478,36051362,37641632,1590270,68161
1479,36107472,37651708,1544236,19935
1480,36117334,37661699,1544365,37775
1481,36145121,37671706,1526585,52353
1482,36187470,37681699,1494229,43463
1483,36220943,37755546,1534603,96370
1484,36243470,37781591,1538121,50057
1485,36267485,37807602,1540117,49993
1486,36291470,37817579,1526109,19839
1487,36301336,37881518,1580182,73798
1488,36311198,37915573,1604375,66806
1489,36343951,37949651,1605700,43943
1490,36353818,37975683,1621865,35898
1491,36363688,37985729,1622041,34414
1492,36388060,38011727,1623667,35895
1493,36397960,38021728,1623768,53538
1494,36441501,38038885,1597384,27018
1495,36451365,38060936,1609571,44075
1496,36473393,38086940,1613547,35869
1497,36483260,38096986,1613726,19908
1498,36493125,38109238,1616113,22118
1499,36502994,38119267,1616273,19889
1500,36512858,38129302,1616444,19895
1501,36522720,38139330,1616610,19889
1502,36532584,38149363,1616779,19892
1503,36542446,38173477,1631031,96997
1504,36615333,38207432,1592099,43819
1505,36625200,38237437,1612237,39864
1506,36635063,38247460,1612397,35883
1507,36660926,38288404,1627478,131924
1508,36751909,38322395,1570486,43855
1509,36761775,38347610,1585835,51076
1510,36787639,38357624,1569985,19874
1511,36797502,38395616,1598114,81688
1512,36841201,38429675,1588474,57321
1513,36864466,38445388,1580922,25603
1514,36874359,38457468,1583109,37942
1515,36900223,38467531,1567308,22454
1516,36912617,38477577,1564960,33354
1517,36935927,38500389,1564462,32702
1518,36945829,38529738,1583909,55203
1519,36971687,38539815,1568128,35716
1520,36997328,38549823,1552495,35869
1521,37023191,38591903,1568712,51943
1522,37033058,38601929,1568871,35891
1523,37058927,38635965,1577038,43902
1524,37068813,38669951,1601138,59847
1525,37094677,38695470,1600793,37959
1526,37107121,38707476,1600355,21872
1527,37116992,38717478,1600486,34084
1528,37141077,38755472,1614395,63555
1529,37166642,38779468,1612826,35867
1530,37178515,38791546,1613031,21945
1531,37188386,38815468,1627082,47618
1532,37212085,38839469,1627384,49860
1533,37237948,38863469,1625521,33856
1534,37247808,38875519,1627711,24018
1535,37259780,38899469,1639689,33809
1536,37269643,38923469,1653826,33859
1537,37279506,38933526,1654020,19916
1538,37289368,38961465,1672097,37798
1539,37299230,38987468,1688238,99351
1540,37372581,38997476,1624895,30520
1541,37393097,39019468,1626371,59851
1542,37430960,39031513,1600553,45906
1543,37464824,39041493,1576669,23770
1544,37478618,39051477,1572859,35749
1545,37504386,39061485,1557099,47867
1546,37542249,39073538,1531289,45928
1547,37576127,39083569,1507442,23826
1548,37589925,39093576,1503651,35771
1549,37615692,39103610,1487918,47886
1550,37653547,39115684,1462137,21932
1551,37663409,39125715,1462306,51826
1552,37705207,39135772,1430565,19914
1553,37715068,39145849,1430781,67937
1554,37772932,39155857,1382925,37693
1555,37800621,39165935,1365314,37848
1556,37828394,39175958,1347564,19883
1557,37838257,39187949,1349692,61950
1558,37888219,39198008,1309789,27656
1559,37905820,39208034,1302214,19891
1560,37915689,39218070,1302381,29953
1561,37935610,39228136,1292526,29984
1562,37955531,39238172,1282641,29954
1563,37975452,39265922,1290470,66984
1564,38014690,39275976,1261286,40034
1565,38044674,39286010,1241336,31029
1566,38065672,39296044,1230372,29955
1567,38085596,39331545,1245949,74128
1568,38124228,39341600,1217372,39921
1569,38154098,39351631,1197533,21252
1570,38165322,39361636,1196314,38749
1571,38194069,39389446,1195377,47733
1572,38213995,39399526,1185531,22981
1573,38226900,39409577,1182677,19922
1574,38236773,39419606,1182833,19896
1575,38246643,39447398,1200755,39670
1576,38258524,39457477,1198953,19949
1577,38268396,39467431,1199035,19819
1578,38278264,39477510,1199246,40362
1579,38308551,39503273,1194722,35622
1580,38318413,39513302,1194889,29427
1581,38337813,39523263,1185450,19830
1582,38347686,39533292,1185606,19900
1583,38357560,39559165,1201605,35738
1584,38367428,39569199,1201771,19898
1585,38377296,39579201,1201905,19865
1586,38387163,39589278,1202115,40853
1587,38417943,39599307,1181364,28912
1588,38436830,39609385,1172555,19949
1589,38446703,39619389,1172686,19870
1590,38456572,39629467,1172895,19943
1591,38466439,39639408,1172969,42828
1592,38499329,39649301,1149972,19758
1593,38509197,39659210,1150013,79829
1594,38579121,39669135,1090014,39792
1595,38608991,39679012,1070021,31543
1596,38630660,39688883,1058223,29794
1597,38650586,39698606,1048020,47121
1598,38687988,39708429,1020441,42122
1599,38720290,39717933,997643,31210
1600,38741999,39727462,985463,39191
1601,38771664,39736882,965218,30328
1602,38792574,39746297,953723,60305
