step,start,end,latency,execution
1,0,108393,108393,123015
2,14654,151618,136964,53275
3,24724,192887,168163,51167
4,34627,234175,199548,51162
5,44506,273017,228511,48638
6,54304,312082,257778,48853
7,64096,351228,287132,48880
8,73833,393355,319522,51829
9,83538,435058,351520,51433
10,93272,474146,380874,50798
11,104986,513390,408404,48943
12,114689,554346,439657,50695
13,124432,591478,467046,46836
14,134140,630976,496836,51164
15,145809,670017,524208,48734
16,155506,709138,553632,48844
17,165233,748327,583094,48881
18,174929,789356,614427,52690
19,186593,826418,639825,46785
20,196319,865637,669318,48913
21,206017,906733,700716,50788
22,215713,943784,728071,68527
23,247194,984607,737413,80065
24,286442,1031798,745356,84571
25,323827,1066190,742363,64887
26,354326,1106930,752604,61541
27,375133,1146866,771733,69491
28,404693,1186701,782008,79934
29,444796,1230147,785351,77858
30,479212,1264362,785150,52078
31,497081,1306517,809436,71739
32,526670,1351981,825311,82842
33,564054,1381339,817285,63130
34,597833,1425480,827647,62177
35,615874,1464252,848378,68545
36,645651,1515944,870293,87748
37,681711,1545996,864285,65035
38,716699,1580730,864031,52544
39,734514,1619730,885216,68619
40,764139,1658228,894089,73417
41,799061,1699264,900203,76955
42,834984,1736396,901412,54870
43,852726,1775246,922520,68560
44,882440,1826208,943768,84986
45,916468,1855855,939387,54647
46,941476,1894817,953341,80360
47,982878,1935800,952922,80055
48,1021958,1976484,954526,73322
49,1054602,2015989,961387,80290
50,1095393,2056821,961428,81482
51,1136049,2092715,956666,76681
52,1176844,2131798,954954,81720
53,1219486,2175367,955881,78547
54,1254470,2211734,957264,79567
55,1297675,2250520,952845,81419
56,1340314,2291218,950904,86243
57,1385864,2330842,944978,66799
58,1413043,2371299,958256,81992
59,1454584,2412845,958261,82472
60,1495516,2450310,954794,78366
61,1536421,2490557,954136,94255
62,1590435,2530735,940300,62327
63,1612592,2564471,951879,91377
64,1670239,2603484,933245,77765
65,1708994,2647202,938208,63748
66,1729030,2683424,954394,77386
67,1770200,2722011,951811,80179
68,1811798,2762784,950986,75015
69,1846047,2803509,957462,77928
70,1883258,2844268,961010,81912
71,1924419,2884633,960214,81120
72,1965180,2924339,959159,80606
73,2006086,2965094,959008,82911
74,2048247,3001227,952980,90301
75,2102421,3040533,938112,61339
76,2124463,3079393,954930,79917
77,2165526,3118306,952780,75281
78,2201900,3159104,957204,77662
79,2238770,3197832,959062,79672
80,2279720,3246421,966701,89398
81,2320544,3274058,953514,68523
82,2361435,3316528,955093,83990
83,2402960,3355318,952358,73883
84,2438061,3402051,963990,89712
85,2481044,3433597,952553,71731
86,2521235,3468781,947546,88116
87,2574172,3517913,943741,71206
88,2596251,3552402,956151,75582
89,2637352,3593184,955832,77010
90,2673588,3630085,956497,73733
91,2710427,3664022,953595,74631
92,2751129,3707249,956120,83936
93,2791845,3749694,957849,83226
94,2832632,3784932,952300,75955
95,2873357,3820228,946871,76353
96,2914420,3863144,948724,85048
97,2956557,3898126,941569,89475
98,3011055,3940867,929812,65044
99,3033365,3989896,956531,104792
100,3089132,4016355,927223,50310
101,3112988,4055100,942112,84654
102,3158901,4092049,933148,75741
103,3197697,4132917,935220,79720
104,3236553,4169752,933199,64420
105,3264159,4209019,944860,82012
106,3306908,4247929,941021,77422
107,3345426,4286913,941487,74413
108,3380860,4325761,944901,81653
109,3423669,4364572,940903,74019
110,3458882,4403396,944514,81464
111,3501528,4444179,942651,79934
112,3540685,4490325,949640,86758
113,3581304,4525802,944498,72094
114,3617926,4566715,948789,77175
115,3654194,4607530,953336,83954
116,3697339,4648356,951017,76060
117,3732579,4689141,956562,83302
118,3775102,4730019,954917,76048
119,3810279,4770849,960570,83802
120,3853257,4811754,958497,75928
121,3888287,4852743,964456,83671
122,3930975,4893471,962496,75717
123,3965971,4934287,968316,108520
124,4033681,4974999,941318,69837
125,4062812,5015255,952443,80971
126,4103531,5054879,951348,70541
127,4134452,5095917,961465,86040
128,4179458,5138321,958863,66544
129,4203606,5181916,978310,97644
130,4257665,5230986,973321,73056
131,4281657,5279728,998071,89841
132,4322762,5328617,1005855,96017
133,4369893,5377701,1007808,81541
134,4402355,5427036,1024681,88367
135,4441393,5476148,1034755,88183
136,4480469,5525212,1044743,82953
137,4514363,5573992,1059629,89645
138,4555233,5622730,1067497,89306
139,4595806,5671452,1075646,89576
140,4636665,5720224,1083559,89590
141,4677488,5768956,1091468,89729
142,4718489,5817672,1099183,89472
143,4759251,5866412,1107161,89609
144,4800125,5915181,1115056,89816
145,4841177,5963916,1122739,89285
146,4881733,6002718,1120985,79670
147,4922607,6042182,1119575,80141
148,4963290,6080792,1117502,79399
149,5004086,6119489,1115403,79573
150,5044967,6158173,1113206,81043
151,5087331,6196954,1109623,77460
152,5138550,6235403,1096853,62423
153,6236427,6363487,127060,136429
154,6245821,6397460,151639,43978
155,6255835,6435932,180097,48437
156,6265808,6469246,203438,43092
157,6275595,6521395,245800,61901
158,6285386,6545157,259771,58515
159,6320142,6612639,292497,77206
160,6329869,6638609,308740,66222
161,6370125,6694767,324642,65899
162,6379870,6720605,340735,66280
163,6420315,6776296,355981,75510
164,6451068,6802208,351140,35653
165,6460811,6865095,404284,82672
166,6480600,6890932,410332,45618
167,6500383,6950066,449683,90246
168,6531498,6974024,442526,42589
169,6550132,7038074,487942,85627
170,6571712,7063981,492269,45000
171,6590808,7115957,525149,73718
172,6612557,7149872,537315,55994
173,6634639,7203984,569345,73886
174,6654417,7230119,575702,47019
175,6675304,7279964,604660,69625
176,6695088,7305878,610790,47668
177,6716845,7353161,636316,67038
178,6736604,7379067,642463,47615
179,6758316,7426500,668184,67191
180,6778077,7452421,674344,47657
181,6799816,7467708,667892,35045
182,6819578,7493596,674018,47629
183,6841322,7509078,667756,39437
184,6865281,7534903,669622,47880
185,6887341,7553384,666043,38235
186,6907098,7579243,672145,47600
187,6928841,7613992,685151,54506
188,6948602,7639871,691269,47589
189,6970314,7674663,704349,50397
190,6985923,7700600,714677,47994
191,7007983,7735331,727348,54487
192,7027742,7761209,733467,47619
193,7049487,7795921,746434,54498
194,7069276,7817931,748655,33698
195,7080968,7857125,776157,48891
196,7090672,7882992,792320,37553
197,7102360,7917813,815453,44525
198,7112067,7943600,831533,37474
199,7123757,7978485,854728,44613
200,7133489,8004372,870883,37569
201,7145174,8039166,893992,44496
202,7154879,8065042,910163,37556
203,7166562,8099743,933181,44433
204,7176297,8125675,949378,37591
205,7187960,8160488,972528,54835
206,7207985,8182319,974334,36641
207,7222800,8237109,1014309,64564
208,7232577,8246933,1014356,19566
209,7242323,8262253,1019930,27007
210,7254013,8288176,1034163,53922
211,7282016,8342387,1060371,74016
212,7301824,8368297,1066473,36926
213,7312843,8422800,1109957,66191
214,7324534,8435983,1111449,22918
215,7334273,8492011,1157738,86560
216,7364809,8517853,1153044,44589
217,7383560,8559278,1175718,53144
218,7395284,8583089,1187805,33538
219,7405015,8622048,1217033,110165
220,7476226,8647881,1171655,64829
221,7515226,8673803,1158577,65708
222,7555015,8683590,1128575,35510
223,7580741,8709169,1128428,61941
224,7617107,8735037,1117930,51561
225,7642803,8770172,1127369,71366
226,7679038,8796006,1116968,51557
227,7704765,8831155,1126390,71228
228,7740848,8857012,1116164,51550
229,7766544,8892122,1125578,74740
230,7806178,8918005,1111827,48711
231,7829013,8953069,1124056,72601
232,7866554,8978863,1112309,51527
233,7892290,9013941,1121651,69610
234,7926826,9023871,1097045,35651
235,7952553,9075049,1122496,85764
236,7987144,9100946,1113802,51621
237,8012870,9136034,1123164,70711
238,8048497,9161873,1113376,51532
239,8074193,9196941,1122748,70831
240,8109960,9222848,1112888,51599
241,8135656,9257934,1122278,96172
242,8196745,9283766,1087021,38341
243,8209258,9318916,1109658,88034
244,8262146,9344798,1082652,51576
245,8287842,9407991,1120149,88064
246,8312715,9433861,1121146,43691
247,8330540,9469008,1138468,64686
248,8360083,9479614,1119531,36330
249,8385810,9579957,1194147,110408
250,8395879,9605800,1209921,40823
251,8410864,9660771,1249907,91778
252,8447674,9692837,1245163,56066
253,8471678,9736386,1264708,69271
254,8497404,9753892,1256488,27199
255,8507100,9802681,1295581,72388
256,8530702,9828570,1297868,52317
257,8557135,9875060,1317925,84132
258,8594781,9885015,1290234,40404
259,8625234,9948257,1323023,111926
260,8673922,9974163,1300241,51600
261,8699618,10011967,1312349,62971
262,8724789,10035226,1310437,48951
263,8750484,10055182,1304698,45430
264,8775961,10077014,1301053,47555
265,8801688,10125255,1323567,73640
266,8827091,10135152,1308061,19619
267,8836817,10158040,1321223,64313
268,8878246,10167872,1289626,35521
269,8903939,10200081,1296142,57635
270,8929369,10218642,1289273,28257
271,8939068,10266787,1327719,91562
272,8982489,10292702,1310213,35656
273,8992234,10306100,1313866,95021
274,9073861,10331911,1258050,55629
275,9103682,10380033,1276351,97993
276,9153557,10389945,1236388,39716
277,9183364,10495979,1312615,155302
278,9232636,10521861,1289225,55686
279,9262443,10539358,1276915,66732
280,9311682,10553299,1241617,33692
281,9331437,10609843,1278406,108258
282,9383154,10635749,1252595,45692
283,9402943,10651022,1248079,52232
284,9439905,10676896,1236991,58885
285,9472919,10692327,1219408,48029
286,9505521,10718209,1212688,51574
287,9531217,10733578,1202361,29010
288,9544861,10759447,1214586,35562
289,9554557,10798414,1243857,112206
290,9627801,10818078,1190277,40750
291,9648890,10881491,1232601,99506
292,9684986,10907320,1222334,51561
293,9710721,10959970,1249249,113743
294,9771817,10985857,1214040,35606
295,9781539,11018990,1237451,104142
296,9852551,11044861,1192310,43565
297,9870248,11079965,1209717,89661
298,9924809,11105900,1181091,51629
299,9950505,11141010,1190505,62383
300,9977782,11166917,1189135,77659
301,10029538,11202053,1172515,55982
302,10050386,11227921,1177535,47561
303,10072082,11263064,1190982,78164
304,10115108,11288951,1173843,54079
305,10143304,11324079,1180775,84366
306,10192545,11349967,1157422,51778
307,10218439,11385081,1166642,60520
308,10243849,11410917,1167068,35565
309,10253581,11446360,1192779,108917
310,10327072,11471855,1144783,51218
311,10352814,11507825,1155011,45658
312,10362510,11533713,1171203,37554
313,10374180,11568824,1194644,63381
314,10402454,11594640,1192186,51581
315,10428221,11659917,1231696,88828
316,10451776,11685801,1234025,43225
317,10469120,11720890,1251770,92324
318,10526359,11746758,1220399,51563
319,10552058,11781916,1229858,60625
320,10577528,11807775,1230247,35554
321,10587227,11842937,1255710,109550
322,10661618,11868818,1207200,47571
323,10683311,11903902,1220591,93150
324,10741379,11929839,1188460,51630
325,10767076,11964951,1197875,60567
326,10792534,11974818,1182284,19561
327,10802230,12019293,1217063,91854
328,10849612,12042565,1192953,48964
329,10875308,12060825,1185517,44004
330,10901059,12086731,1185672,35599
331,10910754,12102059,1191305,37124
332,10932553,12127893,1195340,51527
333,10958249,12143301,1185052,41273
334,10984118,12169238,1185120,35659
335,10993844,12184550,1190706,83329
336,11061863,12210429,1148566,49881
337,11085869,12225757,1139888,39081
338,11109624,12251593,1141969,51529
339,11135320,12266959,1131639,70655
340,11190612,12292848,1102236,51613
341,11216339,12308178,1091839,56925
342,11257937,12326065,1068128,43580
343,11283634,12349271,1065637,56138
344,11316569,12374910,1058341,43364
345,11334298,12387925,1053627,52621
346,11373908,12397789,1023881,35558
347,11399604,12426881,1027277,66860
348,11437377,12436827,999450,35713
349,11463162,12465787,1002625,86125
350,11520331,12475474,955143,19372
351,12476784,12700356,223572,233075
352,12486316,12710209,223893,19754
353,12496241,12744099,247858,43731
354,12506088,12810960,304872,88653
355,12527888,12832847,304959,47742
356,12553746,12866714,312968,43572
357,12563453,12931623,368170,90638
358,12589186,12961554,372368,39624
359,12598883,12987395,388512,50684
360,12623730,13050024,426294,86775
361,12647879,13083871,435992,58931
362,12672967,13117755,444788,61054
363,12700140,13151654,451514,57568
364,12723811,13185573,461762,43648
365,12733542,13219468,485926,60490
366,12760140,13242420,482280,46951
367,12784142,13276428,492286,43733
368,12793871,13286334,492463,36170
369,12820140,13348813,528673,86477
370,12844142,13358648,514506,19559
371,12853869,13392467,538598,60086
372,12880140,13447544,567404,79075
373,12904142,13469418,565276,31596
374,12913867,13503279,589412,60131
375,12940140,13576445,636305,97164
376,12964142,13594311,630169,27592
377,12973871,13628199,654328,60153
378,13000140,13689704,689564,85504
379,13024142,13711581,687439,34138
380,13036407,13741450,705043,53598
381,13060140,13789039,728899,71588
382,13084157,13812035,727878,35807
383,13096971,13842170,745199,57301
384,13124140,13902584,778444,84067
385,13147808,13936107,788299,43250
386,13157538,13955674,798136,46166
387,13184140,14026285,842145,94610
388,13208142,14048143,840001,31584
389,13217872,14078078,860206,56202
390,13244159,14138330,894171,84233
391,13268143,14160244,892101,31647
392,13277880,14190101,912221,56114
393,13304140,14252440,948300,86337
394,13328142,14274364,946222,31651
395,13337872,14304289,966417,56190
396,13364140,14364620,1000480,84329
397,13388142,14386526,998384,31630
398,13397869,14416349,1018480,43806
399,13411856,14477268,1065412,70647
400,13421587,14499090,1077503,31519
401,13431287,14528978,1097691,68723
402,13470126,14591262,1121136,71981
403,13479826,14617187,1137361,37948
404,13491851,14627044,1135193,21539
405,13503536,14662565,1159029,45256
406,13513275,14688452,1175177,35584
407,13522975,14698397,1175422,21627
408,13534661,14756929,1222268,68287
409,13544420,14782169,1237749,34936
410,13554120,14792033,1237913,35880
411,13580140,14863919,1283779,103885
412,13612142,14897784,1285642,61861
413,13640142,14931664,1291522,45560
414,13651825,14974823,1322998,67473
415,13676142,15008711,1332569,81885
416,13724141,15042768,1318627,43781
417,13733867,15085992,1352125,72916
418,13763565,15107864,1344299,74446
419,13816142,15141797,1325655,45614
420,13827827,15195962,1368135,83898
421,13857565,15217876,1360311,44488
422,13880143,15255701,1375558,79807
423,13922128,15308013,1385885,70322
424,13940142,15329895,1389753,49878
425,13968142,15363790,1395648,59876
426,13994126,15415924,1421798,62787
427,14004783,15437804,1433021,73236
428,14056142,15447710,1391568,33800
429,14080040,15486868,1406828,63256
430,14104142,15512733,1408591,38526
431,14116806,15522638,1405832,63222
432,14170127,15557768,1387641,55108
433,14190108,15583558,1393450,43823
434,14208145,15609437,1401292,48602
435,14230870,15628591,1397721,68422
436,14280142,15649383,1369241,44944
437,14304296,15675282,1370986,51723
438,14330126,15699756,1369630,37413
439,14343070,15725645,1382575,74957
440,14392142,15735508,1343366,36028
441,14418310,15801222,1382912,87543
442,14440143,15819799,1379656,34087
443,14455658,15845731,1390073,76397
444,14506127,15912713,1406586,89837
445,14528985,15938510,1409525,44969
446,14548161,15964441,1416280,47544
447,14569776,15999966,1430190,87012
448,14621265,16025808,1404543,35537
449,14630963,16035623,1404660,47539
450,14668691,16099131,1430440,97205
451,14702391,16124996,1422605,35564
452,14712092,16134845,1422753,39574
453,14741820,16182863,1441043,81712
454,14775518,16208686,1433168,55547
455,14805245,16218543,1413298,42609
456,14838001,16267935,1429934,83091
457,14871703,16289823,1418120,55644
458,14905463,16319641,1414178,56193
459,14931841,16367234,1435393,71234
460,14955485,16401148,1445663,70568
461,14992142,16435015,1442873,63836
462,15022125,16478659,1456534,67591
463,15046075,16512583,1466508,43717
464,15055889,16538519,1482630,37632
465,15067589,16562075,1494486,60106
466,15104142,16587956,1483814,35610
467,15113875,16597780,1483905,53827
468,15157882,16633371,1475489,45289
469,15167582,16659277,1491695,62463
470,15204142,16669208,1465066,24572
471,15218787,16765529,1546742,133672
472,15256157,16791413,1535256,35596
473,15265871,16817290,1551419,37400
474,15277398,16866835,1589437,71961
475,15299816,16900711,1600895,43599
476,15309542,16934578,1625036,77576
477,15353255,16978374,1625119,53489
478,15362951,17004309,1641358,50075
479,15387095,17014167,1627072,37052
480,15414293,17061868,1647575,57397
481,15423993,17083719,1659726,31578
482,15433724,17109593,1675869,67971
483,15475824,17223987,1748163,134145
484,15495578,17257888,1762310,53681
485,15515361,17291795,1776434,83094
486,15564552,17332574,1768022,71543
487,15595318,17354514,1759196,41690
488,15615072,17380361,1765289,74599
489,15663827,17403712,1739885,44665
490,15685143,17429593,1744450,57296
491,15716560,17439384,1722824,36645
492,15743418,17505335,1761917,85620
493,15763091,17527199,1764108,51701
494,15792930,17565089,1772159,87664
495,15842708,17599861,1757153,53912
496,15861852,17615365,1753513,54529
497,15900881,17653439,1752558,101058
498,15963877,17715977,1752100,72255
499,15973608,17737864,1764256,47694
500,15999419,17763034,1763615,73676
501,16047927,17824012,1776085,80730
502,16067682,17845831,1778149,41507
503,16087374,17871666,1784292,67054
504,16128595,17906048,1777453,63157
505,16157372,17939835,1782463,47408
506,16170996,17973726,1802730,95159
507,16232267,17984009,1751742,19978
508,16241964,18017896,1775932,53696
509,16261776,18051988,1790212,85868
510,16313556,18085956,1772400,43668
511,16323261,18111839,1788578,63818
512,16361199,18121678,1760479,52754
513,16404117,18147941,1743824,35993
514,16413850,18173761,1759911,70701
515,16458735,18183641,1724906,45833
516,16494691,18231939,1737248,58035
517,16504432,18253804,1749372,41648
518,16524218,18279662,1755444,103631
519,16601994,18320028,1718034,59822
520,16621453,18345895,1724442,45617
521,16641207,18355726,1714519,33694
522,16665074,18387981,1722907,41952
523,16674775,18413808,1739033,65626
524,16714578,18423648,1709070,39569
525,16744310,18455953,1711643,51645
526,16763654,18481822,1718168,64475
527,16802263,18491656,1689393,50472
528,16842904,18527941,1685037,56285
529,16862907,18553829,1690922,45670
530,16882691,18563736,1681045,55349
531,16928138,18582284,1654146,40791
532,16950384,18608198,1657814,42117
533,16966590,18618032,1651442,75065
534,17031824,18633046,1601222,36739
535,17053552,18642913,1589361,29619
536,17073307,18652974,1579667,76224
537,17139474,18663741,1524267,31157
538,17159870,18673731,1513861,29768
539,17179654,18683556,1503902,95831
540,17265664,18705253,1439589,41444
541,17285415,18715075,1429660,29573
542,17305170,18724900,1419730,86637
543,17381986,18744694,1362708,39870
544,17402066,18754553,1352487,39556
545,17431766,18764469,1332703,48682
546,17470534,18783928,1313394,29200
547,17480278,18793796,1313518,38740
548,17509154,18803672,1294518,57766
549,17557046,18823492,1266446,31445
550,17568675,18833428,1264753,19628
551,17578371,18843334,1264963,100627
552,17680138,18862719,1182581,29107
553,17689864,18872438,1182574,28545
554,17708696,18882105,1173409,60365
555,18883474,19124012,240538,250267
556,18893247,19149901,256654,35749
557,18903115,19183775,280660,43504
558,18912749,19217687,304938,43846
559,18922691,19250116,327425,57598
560,18947863,19280011,332148,39626
561,18957598,19305905,348307,35596
562,18967304,19315767,348463,21555
563,18979000,19367915,388915,101287
564,19028142,19389750,361608,53365
565,19059675,19419656,359981,53813
566,19083586,19429558,345972,34452
567,19108140,19483986,375846,86427
568,19140142,19509887,369745,52154
569,19166398,19529957,363559,41810
570,19188142,19539794,351652,49835
571,19228143,19591091,362948,83298
572,19260153,19617017,356864,57913
573,19292144,19634342,342198,49320
574,19324142,19644171,320029,35817
575,19350134,19691786,341652,77294
576,19379815,19721724,341909,58981
577,19408862,19750829,341967,57347
578,19437107,19790175,353068,98376
579,19496140,19820230,324090,68510
580,19534599,19858117,323518,79427
581,19576142,19887780,311638,39387
582,19585873,19935392,349519,97875
583,19636140,19946490,310350,22702
584,19647747,19964901,317154,38515
585,19667854,19990690,322836,37879
586,19679947,20000604,320657,30605
587,19700641,20042828,342187,91920
588,19750340,20068700,318360,59566
589,19784038,20078565,294527,51413
590,19825590,20095140,269550,26269
591,19835287,20144449,309162,134176
592,19920158,20166296,246138,37085
593,19935398,20188170,252772,49010
594,19962537,20266092,303555,87666
595,19972285,20297430,325145,74929
596,20015880,20307258,291378,62107
597,20068161,20318532,250371,35267
598,20092157,20328426,236269,20389
599,20102656,20409990,307334,103612
600,20124707,20444336,319629,87169
601,20177533,20512995,335462,96481
602,20205358,20549053,343695,78834
603,20248140,20586549,338409,71267
604,20281915,20616601,334686,74381
605,20326248,20656522,330274,49491
606,20335822,20696483,360661,65323
607,20361186,20747963,386777,94154
608,20403864,20780034,376170,46255
609,20418050,20827570,409520,57280
610,20427798,20860048,432250,88817
611,20484141,20899283,415142,59233
612,20504142,20929224,425082,53733
613,20527938,20959206,431268,39746
614,20537706,20989161,451455,72373
615,20580140,21015302,435162,58139
616,20612142,21056960,444818,64401
617,20634909,21076938,442029,34329
618,20649263,21095914,446651,45849
619,20676140,21107707,431567,59791
620,20724142,21127622,403480,43927
621,20748157,21159531,411374,41621
622,20757871,21176653,418782,43387
623,20784140,21188517,404377,35862
624,20808142,21208466,400324,57527
625,20845723,21228364,382641,42313
626,20868142,21248351,380209,47982
627,20896140,21287676,391536,66080
628,20922899,21297594,374695,63648
629,20976632,21317503,340871,39430
630,20996157,21337465,341308,59941
631,21036140,21428695,392555,123229
632,21068143,21448593,380450,67893
633,21116142,21466917,350775,28051
634,21125873,21496760,370887,84106
635,21180140,21548229,368089,85194
636,21213869,21568624,354755,58093
637,21251571,21608332,356761,64275
638,21276157,21638324,362167,69972
639,21316140,21669037,352897,65783
640,21351214,21688967,337753,35368
641,21366655,21708885,342230,29645
642,21376386,21746582,370196,81448
643,21420140,21799999,379859,83142
644,21449868,21815262,365394,32136
645,21466745,21845583,378838,40049
646,21476476,21879480,403004,73557
647,21516140,21919939,403799,88458
648,21564142,21934031,369889,47819
649,21597871,21966489,368618,42158
650,21607574,22000377,392803,98451
651,21672141,22026505,354364,58126
652,21704142,22048342,344200,45730
653,21728038,22078200,350162,53957
654,21752141,22112059,359918,43525
655,21761809,22138665,376856,72643
656,21807849,22160535,352686,51602
657,21837585,22190404,352819,52422
658,21860142,22232726,372584,70317
659,21888140,22272967,384827,72255
660,21920157,22298853,378696,57867
661,21952142,22322470,370328,47614
662,21976142,22332291,356149,37815
663,22004140,22403916,399776,107624
664,22040142,22421845,381703,39211
665,22061427,22431701,370274,36923
666,22088497,22450346,361849,70284
667,22140140,22503171,363031,84823
668,22172142,22525096,352954,51652
669,22201872,22554955,353083,60126
670,22232142,22584845,352703,39579
671,22241835,22627818,385983,89031
672,22287898,22658791,370893,58191
673,22315118,22692672,377554,58901
674,22340142,22726502,386360,65824
675,22372140,22772594,400454,78091
676,22404142,22790737,386595,46139
677,22432142,22800656,368514,29915
678,22452142,22830753,378611,54092
679,22476140,22898453,422313,99699
680,22508143,22930555,422412,57586
681,22533629,22956456,422827,56411
682,22564143,22966288,402145,33825
683,22588140,23004149,416009,85860
684,22636142,23038061,401919,69924
685,22672157,23073566,401409,67487
686,22704142,23083432,379290,53861
687,22748140,23113370,365230,63659
688,22781863,23147206,365343,72112
689,22820142,23157084,336942,19604
690,22829871,23168137,338266,31577
691,22850398,23206850,356452,76192
692,22887881,23256733,368852,94896
693,22932897,23294597,361700,65106
694,22960142,23304501,344359,49898
695,23000140,23378691,378551,94188
696,23020142,23412605,392463,58523
697,23044755,23450484,405729,61263
698,23068142,23484371,416229,73882
699,23108140,23518195,410055,65116
700,23139435,23528101,388666,25159
701,23154692,23561988,407296,47620
702,23168429,23595849,427420,97568
703,23232140,23625681,393541,63646
704,23265957,23649272,383315,45772
705,23288142,23692844,404702,71570
706,23316142,23718675,402533,37518
707,23327832,23747945,420113,53577
708,23352142,23788698,436556,60895
709,23372287,23798605,426318,19605
710,23381987,23852793,470806,65872
711,23393674,23862671,468997,44263
712,23428063,23881256,453193,52314
713,23461795,23907079,445284,56167
714,23492142,23972733,480591,99637
715,23526127,24001927,475800,47205
716,23544142,24011806,467664,42415
717,23576680,24081737,505057,101390
718,23608142,24107576,499434,81833
719,23664140,24180623,516483,105045
720,23696142,24190458,494316,47558
721,23733869,24234016,500147,53248
722,23743562,24287358,543796,83068
723,23773290,24313241,539951,80470
724,23827880,24341391,513511,81881
725,23881616,24372146,490530,40454
726,23891319,24420058,528739,88729
727,23932140,24449096,516956,61037
728,23964142,24520442,556300,99342
729,23992142,24530273,538131,33827
730,24016142,24574130,557988,67851
731,24040140,24583989,543849,41858
732,24072142,24621877,549735,65884
733,24100142,24655758,555616,61877
734,24128141,24687635,559494,63872
735,24160140,24697574,537434,53938
736,24204142,24716159,512017,28313
737,24213872,24726097,512225,32187
738,24236142,24771118,534976,65615
739,24256739,24800559,543820,52841
740,24280142,24830531,550389,61969
741,24312142,24887255,575113,88719
742,24344139,24925558,581419,78300
743,24384140,24945473,561333,51914
744,24416142,24995598,579456,68993
745,24435013,25033557,598544,63084
746,24460142,25073175,613033,79612
747,24500140,25127082,626942,73906
748,24520142,25160984,640842,60799
749,24547043,25202304,655261,74416
750,24580142,25239812,659670,73503
751,24616140,25271455,655315,65370
752,24649869,25294611,644742,69426
753,24696142,25314179,618037,43565
754,24720142,25350140,629998,59955
755,24744140,25386724,642584,68582
756,24776142,25406328,630186,46791
757,24803332,25425923,622591,44402
758,24828142,25463805,635663,61876
759,24852140,25493910,641770,62103
760,24884142,25517985,633843,56071
761,24916142,25537537,621395,43550
762,24940142,25575805,635663,62263
763,24964140,25607395,643255,63589
764,24996157,25629676,633519,62263
765,25036142,25657870,621728,48191
766,25056142,25706107,649965,96221
767,25104140,25715966,611826,35585
768,25129870,25738605,608735,68908
769,25176173,25771876,595703,49697
770,25192603,25793463,600860,57120
771,25228140,25840140,612000,80290
772,25261756,25864395,602639,47407
773,25284912,25884034,599122,39203
774,25304479,25905575,601096,57198
775,25340140,25915462,575322,39585
776,25369841,25976519,606678,87842
777,25396630,26044139,647509,87209
778,25416223,26070028,653805,61802
779,25452140,26103936,651796,65976
780,25484211,26131603,647392,51737
781,25508285,26176552,668267,64467
782,25527805,26207145,679340,66924
783,25564140,26245216,681076,70070
784,25596142,26293147,697005,70605
785,25618818,26323020,704202,59194
786,25648142,26350866,702724,63840
787,25684140,26384140,700000,65288
788,25716157,26410444,694287,72318
789,25762175,26436140,673965,45313
790,25781795,26462108,680313,64309
791,25820140,26471932,651792,39713
792,25850033,26524140,674107,76478
793,25874307,26558043,683736,53501
794,25893909,26583244,689335,67428
795,25936140,26624140,688000,60894
796,25956142,26648140,691998,63994
797,25996140,26658077,661937,19692
798,26005898,26682106,676208,62267
799,26044142,26691993,647851,43277
800,26077536,26748140,670604,82551
801,26103943,26780140,676197,56195
802,26128142,26814107,685965,57961
803,26152140,26823950,671810,37842
804,26180143,26848141,667998,49357
805,26205312,26876140,670828,50826
806,26228142,26902346,674204,66200
807,26268140,26936219,668079,57872
808,26292142,26958881,666739,46658
809,26316142,26984140,667998,53255
810,26344142,27018106,673964,77960
811,26388140,27027946,639806,43567
812,26421869,27061859,639990,65508
813,26453467,27071721,618254,32534
814,26476142,27097626,621484,49899
815,26500140,27131493,631353,65865
816,26532142,27157430,625288,54537
817,26560744,27167253,606509,33218
818,26584142,27204961,620819,61702
819,26608140,27230867,622727,57905
820,26640142,27240691,600549,53820
821,26684142,27264870,580728,48176
822,26708142,27274766,566624,49891
823,26748140,27294023,545883,56980
824,26785867,27327890,542023,65739
825,26817743,27353825,536082,45693
826,26837505,27363678,526173,59291
827,26886947,27423966,537019,99713
828,26926374,27445831,519457,33656
829,26938168,27455714,517546,19584
830,26947872,27479452,531580,80003
831,27004140,27512355,508215,63172
832,27034413,27542171,507758,43904
833,27048505,27552078,503573,19608
834,27058210,27588787,530577,90636
835,27112140,27600797,488657,52008
836,27152142,27610631,458489,25992
837,27168302,27620494,452192,19565
838,27178008,27630374,452366,47246
839,27215378,27751986,536608,167285
840,27261054,27771415,510361,53126
841,27294755,27804613,509858,42926
842,27304485,27836199,531714,71237
843,27344140,27902001,557861,95855
844,27374196,27931036,556840,54978
845,27400142,27960972,560830,41003
846,27411213,27990779,579566,102730
847,27484140,28022000,537860,56950
848,27509871,28051904,542033,68202
849,27548173,28081817,533644,39624
850,27557887,28111605,553718,68037
851,27596140,28168412,572272,91048
852,27630384,28187992,557608,44139
853,27654947,28221518,566571,58718
854,27680142,28241128,560986,40618
855,27701152,28301740,600588,70310
856,27710853,28321374,610521,29360
857,27720583,28352997,632414,41319
858,27730282,28384632,654350,43308
859,27741958,28418018,676060,71566
860,27780142,28439853,659711,65832
861,27824142,28472861,648719,45068
862,27836205,28504399,668194,57419
863,27862089,28578629,716540,83927
864,27871790,28606772,734982,37898
865,27881549,28636625,755076,80443
866,27932142,28670324,738182,67679
867,27966125,28735966,769841,90300
868,27990785,28755529,764744,52917
869,28024142,28787119,762977,63586
870,28056142,28818744,762602,65607
871,28090128,28884031,793903,86768
872,28111611,28901967,790356,42464
873,28136142,28935828,799686,69858
874,28172142,28969716,797574,67873
875,28206131,29001373,795242,49666
876,28224142,29033011,808869,63635
877,28256142,29066998,810856,57984
878,28280142,29076929,796787,33925
879,28304139,29138747,834608,93818
880,28336142,29166307,830165,59558
881,28368143,29185654,817511,51360
882,28400160,29204698,804538,42716
883,28423835,29224277,800442,53307
884,28457566,29290136,832570,96431
885,28488142,29315645,827503,57505
886,28520142,29338596,818454,32664
887,28529859,29392532,862673,79648
888,28555575,29402394,846819,19613
889,28565329,29429193,863864,73624
890,28612157,29448764,836607,51552
891,28644140,29458639,814499,19613
892,28653881,29512520,858639,92138
893,28692142,29539123,846981,36329
894,28701870,29568486,866616,67629
895,28740140,29578383,838243,41897
896,28772142,29624308,852166,77921
897,28804142,29649414,845272,53102
898,28832142,29676987,844845,50379
899,28854951,29702888,847937,59090
900,28888142,29749034,860892,79872
901,28921871,29758902,837031,43565
902,28955572,29782267,826695,55930
903,28988139,29803603,815464,53335
904,29020142,29829475,809333,54962
905,29049234,29878389,829155,79819
906,29080142,29902970,822828,68576
907,29124140,29947890,823750,78644
908,29157866,29969268,811402,31068
909,29167560,30003137,835577,71012
910,29204705,30033023,828318,85318
911,29260140,30087988,827848,88691
912,29293869,30113854,819985,55557
913,29323564,30146525,822961,57245
914,29348142,30180712,832570,58181
915,29372140,30239650,867510,90936
916,29404142,30249541,845399,41887
917,29436142,30275328,839186,49783
918,29460142,30322952,862810,71619
919,29484140,30350464,866324,59501
920,29516142,30376332,860190,57865
921,29548153,30386238,838085,19632
922,29557883,30433718,875835,85733
923,29596140,30461267,865127,59548
924,29628142,30487173,859031,57918
925,29660157,30526274,866117,68798
926,29689858,30536191,846333,60178
927,29740123,30593175,853052,88826
928,29771969,30654780,882811,85210
929,29795579,30687046,891467,52051
930,29815367,30707372,892005,59152
931,29854197,30762036,907839,84607
932,29884142,30782007,897865,42955
933,29907129,30811500,904371,49248
934,29926888,30822572,895684,48321
935,29964140,30875741,911601,83976
936,29994950,30919748,924798,64620
937,30015566,30953653,938087,53689
938,30035354,30987546,952192,73912
939,30075377,31029600,954223,71783
940,30105110,31039506,934396,31036
941,30126242,31073367,947125,53615
942,30146000,31107268,961268,72037
943,30184140,31154825,970685,71559
944,30208144,31188697,980553,69095
945,30243371,31222484,979113,46758
946,30256345,31256366,1000021,84146
947,30306611,31294370,987759,78389
948,30346999,31328237,981238,55975
949,30369111,31362140,993029,43605
950,30378816,31372040,993224,58336
951,30427255,31480205,1052950,137407
952,30456500,31506026,1049526,38495
953,30469177,31548626,1079449,52302
954,30478882,31596311,1117429,92939
955,30524140,31606217,1082077,39969
956,30554206,31633714,1079508,47395
957,30574107,31643591,1069484,19585
958,30583817,31705831,1122014,110560
959,30632140,31715694,1083554,38722
960,30661002,31753176,1092174,54355
961,30677879,31779009,1101130,48107
962,30700157,31818964,1118807,91934
963,30752140,31873943,1121803,102978
964,30800142,31883814,1083672,37072
965,30827346,31941750,1114404,82729
966,30852142,31975608,1123466,89852
967,30908140,32004557,1096417,54676
968,30933871,32080824,1146953,113964
969,30971571,32090711,1119140,34470
970,30996157,32109437,1113280,58706
971,31036140,32171338,1135198,101900
972,31076142,32205214,1129072,60094
973,31102364,32231072,1128708,47632
974,31124142,32240981,1116839,65904
975,31180140,32290849,1110709,83595
976,31213871,32316162,1102291,63012
977,31251573,32342078,1090505,35642
978,31261303,32351865,1090562,64620
979,31316140,32377782,1061642,59644
980,31349869,32425650,1075781,85568
981,31387571,32435542,1047971,34460
982,31412142,32460832,1048690,65288
983,31452149,32486667,1034518,65825
984,31492142,32512581,1020439,50916
985,31517148,32522421,1005273,32828
986,31540142,32570308,1030166,79881
987,31572140,32596342,1024202,58033
988,31604142,32614637,1010495,46307
989,31632157,32646204,1014047,55548
990,31656142,32665821,1009679,43611
991,31680139,32690664,1010525,60859
992,31716157,32716412,1000255,57730
993,31748142,32726275,978133,19590
994,31757871,32736770,978899,48760
995,31796140,32746617,950477,41847
996,31828142,32756552,928410,37932
997,31856142,32766410,910268,33854
998,31880142,32776323,896181,33907
999,31904140,32805848,901708,65523
1000,31940142,32869036,928894,95200
1001,31972157,32898928,926771,39605
1002,31981872,32932807,950935,72143
1003,32020140,32942682,922542,41874
1004,32052142,32976565,924423,69877
1005,32088139,33010440,922301,57874
1006,32112142,33031846,919704,45400
1007,32136140,33065726,929586,69879
1008,32172142,33099564,927422,65835
1009,32204142,33125181,921039,40705
1010,32219233,33135023,915790,66746
1011,32276140,33203942,927802,104918
1012,32312158,33229807,917649,63576
1013,32349873,33263685,913812,43577
1014,32359575,33317599,958024,110476
1015,32416140,33327479,911339,49879
1016,32456142,33361405,905263,69923
1017,32492142,33395253,903111,43575
1018,32501871,33429176,927305,88188
1019,32556140,33463964,907824,63819
1020,32585175,33513916,928741,92916
1021,32628142,33547779,919637,57860
1022,32652142,33557663,905521,30970
1023,32673232,33627998,954766,97411
1024,32700311,33653866,953555,45590
1025,32720036,33673457,953421,84665
1026,32785114,33727364,942250,94986
1027,32826197,33753802,927605,56490
1028,32856252,33763602,907350,19502
1029,32865957,33796608,930651,42707
1030,32875661,33854462,978801,104493
1031,32922304,33887760,965456,63132
1032,32952142,33916481,964339,51953
1033,32975376,33936029,960653,30219
1034,32986051,33945918,959867,55975
1035,33032140,34034599,1002459,119595
1036,33063057,34044474,981417,31223
1037,33084407,34075490,991083,43014
1038,33096407,34141370,1044963,92847
1039,33123377,34185718,1062341,84561
1040,33163593,34241927,1078334,78486
1041,33185873,34268270,1082397,46127
1042,33205662,34281573,1075911,41604
1043,33233966,34301491,1067525,58089
1044,33272142,34372210,1100068,92863
1045,33294290,34400141,1105851,48034
1046,33314397,34411996,1097599,52065
1047,33354610,34421862,1067252,39593
1048,33384340,34447744,1063404,47933
1049,33406394,34496405,1090011,68415
1050,33426150,34530314,1104164,71895
1051,33464140,34540221,1076081,33950
1052,33488186,34554044,1065858,30615
1053,33504981,34563902,1058921,39543
1054,33534670,34589790,1055120,63355
1055,33572140,34618805,1046665,61013
1056,33604142,34640666,1036524,73859
1057,33656142,34650497,994355,33828
1058,33680142,34729992,1049850,103490
1059,33704140,34763825,1059685,65831
1060,33736142,34793667,1057525,61839
1061,33768142,34839544,1071402,59317
1062,33781584,34873435,1091851,80443
1063,33828140,34924489,1096349,91053
1064,33868142,34958322,1090180,66915
1065,33901226,34988216,1086990,52806
1066,33924142,35024012,1099870,91790
1067,33980140,35052140,1072000,60126
1068,34012142,35084140,1071998,69726
1069,34049871,35107574,1057703,33126
1070,34059567,35134107,1074540,83093
1071,34116140,35156140,1040000,55759
1072,34149887,35188140,1038253,47179
1073,34165069,35220140,1055071,41693
1074,34174766,35250107,1075341,55337
1075,34200140,35260017,1059877,41909
1076,34232142,35284140,1051998,60120
1077,34268142,35308140,1039998,47996
1078,34292142,35320018,1027876,35872
1079,34316140,35368140,1052000,88121
1080,34356142,35392143,1036001,53289
1081,34385432,35416140,1030708,64288
1082,34425726,35462107,1036381,104377
1083,34484140,35479308,995168,50927
1084,34517869,35504140,986271,58533
1085,34551574,35568139,1016565,88563
1086,34576142,35602076,1025934,93931
1087,34636140,35627612,991472,45535
1088,34656157,35647185,991028,44574
1089,34681160,35692140,1010980,54653
1090,34690861,35719898,1029037,73033
1091,34736140,35739424,1003284,47720
1092,34764337,35764140,999803,41846
1093,34781470,35796140,1014670,41696
1094,34791170,35830107,1038937,78933
1095,34836140,35857361,1021221,55695
1096,34864584,35867249,1002665,27107
1097,34881807,35899976,1018169,42425
1098,34891508,35958107,1066599,102759
1099,34936140,35997428,1061288,68108
1100,34964930,36021910,1056980,63691
1101,35004142,36041550,1037408,29366
1102,35013871,36110108,1096237,122823
1103,35068140,36140446,1072306,64064
1104,35101870,36163442,1061572,60694
1105,35139570,36182983,1043413,44110
1106,35164142,36240920,1076778,97932
1107,35204140,36250788,1046648,49866
1108,35244142,36290515,1046373,68932
1109,35273350,36336694,1063344,68968
1110,35296142,36370600,1074458,89900
1111,35352140,36432139,1079999,87266
1112,35377870,36470605,1092735,61570
1113,35400977,36491042,1090065,30134
1114,35410677,36512961,1102284,67378
1115,35456140,36532950,1076810,39988
1116,35476142,36574304,1098162,66560
1117,35501350,36598112,1096762,33506
1118,35511050,36619992,1108942,62966
1119,35552140,36660049,1107909,80071
1120,35592157,36689379,1097222,51328
1121,35614159,36709317,1095158,43262
1122,35637485,36731173,1093688,56508
1123,35672140,36784535,1112395,83207
1124,35701988,36820572,1118584,63771
1125,35729725,36850734,1121009,56576
1126,35756143,36902939,1146796,108199
1127,35812140,36933912,1121772,56699
1128,35837869,36943712,1105843,47496
1129,35875568,36977610,1102042,48605
1130,35890278,37011494,1121216,83742
1131,35940140,37069350,1129210,97869
1132,35980157,37079262,1099105,41962
1133,36012210,37101117,1088907,41463
1134,36031822,37159379,1127557,110576
1135,36084140,37198523,1114383,72869
1136,36117869,37243122,1125253,80470
1137,36153743,37271989,1118246,48408
1138,36173288,37302107,1128819,84967
1139,36228140,37348141,1120001,78032
1140,36260142,37382045,1121903,48247
1141,36274488,37415856,1141368,43540
1142,36284219,37458106,1173887,98168
1143,36340140,37508143,1168003,69380
1144,36359486,37538039,1178553,45074
1145,36374667,37568141,1193474,39822
1146,36384389,37590109,1205720,61716
1147,36424140,37632140,1208000,82029
1148,36464142,37652140,1187998,44902
1149,36489048,37684140,1195092,55090
1150,36512142,37718108,1205966,73962
1151,36552140,37760083,1207943,61974
1152,36572142,37769964,1197822,35062
1153,36597325,37847550,1250225,93339
1154,36613080,37866294,1253214,69800
1155,36664139,37896670,1232531,50375
1156,36684142,37916234,1232092,41892
1157,36706472,37926142,1219670,26293
1158,36722860,37984268,1261408,83402
1159,36748140,38016573,1268433,79459
1160,36795297,38093006,1297709,102174
1161,36821040,38121948,1300908,52040
1162,36844142,38184138,1339996,86185
1163,36868140,38218056,1349916,76833
1164,36911059,38255926,1344867,68649
1165,36941842,38285828,1343986,49659
1166,36961603,38308861,1347258,89566
1167,37028140,38318717,1290577,45854
1168,37064142,38328647,1264505,28127
1169,37082342,38338514,1256172,19556
1170,37092034,38350344,1258310,55933
1171,37136140,38360261,1224121,35128
1172,37161353,38370126,1208773,32526
1173,37184017,38379991,1195974,19592
1174,37193748,38391801,1198053,66199
1175,37248140,38446053,1197913,74250
1176,37268142,38470739,1202597,40317
1177,37283777,38482542,1198765,21525
1178,37293501,38494393,1200892,58487
1179,37340140,38504267,1164127,29873
1180,37360142,38514087,1153945,33198
1181,37383523,38523983,1140460,19624
1182,37393253,38535837,1142584,58738
1183,37440139,38584255,1144116,68418
1184,37460142,38604264,1144122,43169
1185,37483304,38626638,1143334,32107
1186,37493039,38638467,1145428,62926
1187,37544140,38648388,1104248,49920
1188,37584142,38658224,1074082,36952
1189,37611260,38668088,1056828,19592
1190,37620992,38679944,1058952,71000
1191,37680140,38689865,1009725,43648
1192,37713869,38744155,1030286,81103
1193,37740684,38770878,1030194,36420
1194,37750384,38782726,1032342,81601
1195,37820140,38844138,1023998,95137
1196,37853869,38876141,1022272,60304
1197,37882173,38902265,1020092,48090
1198,37904142,38923785,1019643,93514
1199,37976140,38939462,963322,45404
1200,38005869,38949361,943492,28857
1201,38024830,39016156,991326,76492
1202,38034530,39044800,1010270,74250
1203,38080140,39060180,980040,35378
1204,38100142,39101742,1001600,66262
1205,38124844,39111608,986764,19561
1206,38134543,39131774,997231,65760
1207,38180140,39151326,971186,39550
1208,38200142,39228142,1028000,101670
1209,38224999,39250083,1025084,31637
1210,38234699,39261868,1027169,57223
1211,38280140,39271778,991638,33358
1212,38303591,39332141,1028550,104757
1213,38347988,39372140,1024152,61495
1214,38369486,39406107,1036621,63665
1215,38399188,39440140,1040952,80891
1216,38446050,39484140,1038090,84073
1217,38486127,39516140,1030013,61698
1218,38515829,39538107,1022278,51806
1219,38545672,39580141,1034469,90407
1220,38594048,39600140,1006092,60065
1221,38634127,39632140,998013,61698
1222,38663840,39666108,1002268,62417
1223,38692293,39688155,995862,57894
1224,38728142,39720140,991998,59984
1225,38756145,39752140,995995,71440
1226,38795589,39786106,990517,43690
1227,38805317,39804140,998823,103344
1228,38890630,39836140,945510,53484
1229,38912118,39868140,956022,53557
1230,38933679,39902106,968427,72423
1231,38972140,39944140,972000,62032
1232,38992142,39964140,971998,44012
1233,39016157,39996140,979983,55981
1234,39040142,40018106,977964,51934
1235,39070129,40060140,990011,58954
1236,39087053,40080140,993087,45701
1237,39112758,40112140,999382,55381
1238,39136142,40146106,1009964,77960
1239,39180140,40176140,996000,56579
1240,39206689,40196140,989451,45452
1241,39232145,40228140,995995,55993
1242,39256142,40262106,1005964,69960
1243,39292140,40304140,1012000,66032
1244,39316142,40324140,1007998,43999
1245,39340145,40356140,1015995,55993
1246,39364142,40390107,1025965,69961
1247,39400140,40408140,1008000,42032
1248,39424142,40440140,1015998,71996
1249,39464142,40472140,1007998,41726
1250,39473872,40506106,1032234,72230
1251,39512140,40548140,1036000,66032
1252,39536142,40558079,1021937,33938
1253,39560145,40600140,1039995,66054
1254,39584142,40622106,1037964,57960
1255,39620140,40664140,1044000,66032
1256,39644142,40684140,1039998,43999
1257,39668144,40716140,1047996,55994
1258,39692142,40750107,1057965,73961
1259,39732140,40772140,1040000,46032
1260,39756142,40804140,1047998,68011
1261,39792157,40836140,1043983,41712
1262,39801872,40870107,1068235,72231
1263,39840140,40892140,1052000,43500
1264,39861610,40924140,1062530,58531
1265,39888145,40956140,1067995,55993
1266,39912142,40990107,1077965,73961
1267,39952140,41024140,1072000,58032
1268,39976142,41044140,1067998,40015
1269,39996160,41076140,1079980,55978
1270,40020142,41110106,1089964,73960
1271,40060140,41140140,1080000,50032
1272,40080142,41172140,1091998,59999
1273,40108144,41192140,1083996,43995
1274,40132142,41226107,1093965,73961
1275,40172140,41268140,1096000,66032
1276,40196142,41288140,1091998,39999
1277,40216144,41320140,1103996,55994
1278,40240142,41354106,1113964,73961
1279,40280139,41372140,1092001,38033
1280,40300142,41404140,1103998,59999
1281,40328144,41436140,1107996,55994
1282,40352142,41470106,1117964,73960
1283,40392140,41492140,1100000,46033
1284,40416142,41516140,1099998,43999
1285,40436144,41526080,1089936,33934
1286,40460142,41550107,1089965,64021
1287,40500140,41572140,1072000,42032
1288,40520142,41596140,1075998,51996
1289,40548142,41606079,1057937,33935
1290,40572142,41630106,1057964,48022
1291,40596140,41652140,1056000,54032
1292,40628142,41676140,1047998,55996
1293,40660142,41686039,1025897,33895
1294,40684142,41710107,1025965,48063
1295,40708140,41732140,1024000,53461
1296,40739570,41756140,1016570,56568
1297,40772142,41766030,993888,19617
1298,40781872,41783898,1002026,56132
1299,40820140,41793864,973724,40962
1300,40851139,41803759,952620,38894
1301,40880142,41813596,933454,19564
1302,40889872,41825404,935532,50073
1303,40928140,41835272,907132,41866
1304,40960142,41845186,885044,45912
1305,40996142,41867537,871395,42347
1306,41016142,41877415,861273,57872
1307,41064140,41916026,851886,78610
1308,41104142,41925962,821820,47663
1309,41141872,41935773,793901,28077
1310,41160142,41945704,785562,57925
1311,41208140,41955532,747392,49826
1312,41248142,41965356,717214,47551
1313,41285871,41975191,689320,40103
1314,41316142,41985066,668924,45870
1315,41352140,42036810,684670,99743
1316,41400142,42066822,666680,67739
1317,41437872,42096643,658771,39519
1318,41447574,42106491,658917,66411
1319,41504140,42150271,646131,77506
1320,41537870,42180213,642343,57651
1321,41565582,42210125,644543,39610
1322,41575283,42240001,664718,102729
1323,41648140,42279560,631420,73286
1324,41681871,42308235,626364,57016
1325,41710216,42329582,619366,43270
1326,41732142,42359408,627266,101820
1327,41804140,42401113,596973,75440
1328,41837879,42421035,583156,48125
1329,41866085,42450906,584821,51925
1330,41888142,42480868,592726,101956
1331,41960140,42502080,541940,58940
1332,41997872,42522075,524203,32789
1333,42010669,42551964,541295,39618
1334,42020401,42591083,570682,98854
1335,42080140,42642016,561876,84660
1336,42113870,42683851,569981,62540
1337,42134578,42709787,575209,35663
1338,42144308,42751695,607387,85736
1339,42188140,42785561,597421,63518
1340,42217794,42818319,600525,49632
1341,42234672,42850086,615414,41501
1342,42244410,42883962,639552,77603
1343,42288140,42907933,619793,53801
1344,42317973,42917819,599846,26761
1345,42334850,42927617,592767,19526
1346,42344581,42984200,639619,104138
1347,42392140,43018084,625944,53882
1348,42412142,43049411,637269,53906
1349,42434724,43081922,647198,42272
1350,42444487,43115803,671316,77530
1351,42488140,43149698,661558,75627
1352,42529876,43189534,659658,69648
1353,42559691,43223345,663654,54444
1354,42580327,43253178,672851,50859
1355,42601357,43263063,661706,29673
1356,42621148,43288956,667808,54455
1357,42649713,43298806,649093,39715
1358,42679582,43348687,669105,73115
1359,42702818,43375919,673101,64315
1360,42739905,43394728,654823,48539
1361,42769638,43404637,634999,47322
1362,42807054,43414539,607485,25136
1363,42822291,43455350,633059,80674
1364,42862158,43489275,627117,63734
1365,42891970,43523097,631127,63553
1366,42921705,43545218,623513,53920
1367,42953507,43582002,628495,56571
1368,42973298,43615863,642565,53647
1369,42993086,43645699,652613,50407
1370,43013660,43680921,667261,83171
1371,43061621,43722773,661152,75192
1372,43094976,43744707,649731,49974
1373,43123020,43777964,654944,59227
1374,43148993,43787795,638802,65085
1375,43204250,43841142,636892,95047
1376,43245953,43863236,617283,57291
1377,43281153,43897095,615942,45054
1378,43292352,43930954,638602,55613
1379,43314109,43999986,685877,102728
1380,43347807,44017872,670065,51611
1381,43381534,44081298,699764,93120
1382,43411232,44110493,699261,56883
1383,43438924,44174040,735116,96761
1384,43472142,44183901,711759,29857
1385,43492142,44223466,731324,71562
1386,43524142,44275547,751405,78067
1387,43550132,44305387,755255,51846
1388,43572142,44358266,786124,84876
1389,43604142,44389273,785131,51003
1390,43624142,44422492,798350,69213
1391,43660140,44433746,773606,51252
1392,43700142,44487206,787064,85456
1393,43732142,44513840,781698,60336
1394,43765847,44535365,769518,45467
1395,43789792,44554981,765189,29320
1396,43799502,44593214,793712,47961
1397,43809234,44623098,813864,39581
1398,43818934,44643023,824089,55399
1399,43854412,44662957,808545,49661
1400,43884142,44702996,818854,70629
1401,43914735,44743287,828552,70018
1402,43944466,44773225,828759,51546
1403,43966077,44793008,826931,39889
1404,43986187,44832993,846806,60089
1405,44006294,44862977,856683,48393
1406,44024706,44883193,858487,62120
1407,44066614,44904319,837705,50855
1408,44096346,44941726,845380,55919
1409,44114862,44973186,858324,43533
1410,44126938,45011325,884387,95337
1411,44184139,45045241,861102,73918
1412,44224145,45102554,878409,87793
1413,44254628,45132571,877943,59745
1414,44284359,45160326,875967,75532
1415,44332140,45170136,837996,41809
1416,44364142,45179980,815838,42493
1417,44396794,45189898,793104,38358
1418,44425237,45258101,832864,110062
1419,44467099,45294962,827863,66589
1420,44496829,45304831,808002,30406
1421,44517369,45362834,845465,78108
1422,44537476,45395613,858137,71439
1423,44576140,45421395,845255,57492
1424,44607853,45468578,860725,69882
1425,44630555,45489863,859308,41068
1426,44650341,45510392,860051,58324
1427,44688140,45520311,832171,40189
1428,44718414,45530169,811755,50070
1429,44758629,45540050,781421,30167
1430,44778919,45549966,771047,49942
1431,44818949,45559801,740852,39563
1432,44848680,45605897,757217,66198
1433,44868786,45635808,767022,58949
1434,44897828,45648979,751151,83479
1435,44968140,45667491,699351,58510
1436,45008142,45687382,679240,47887
1437,45036142,45756971,720829,79316
1438,45045873,45792125,746252,85417
1439,45096140,45811749,715609,58799
1440,45135318,45831368,696050,44440
1441,45160142,45897688,737546,77988
1442,45171813,45930684,758871,69319
1443,45208140,45951674,743534,52988
1444,45240142,45971222,731080,51545
1445,45272142,46035682,763540,74187
1446,45281873,46068039,786166,70621
1447,45320140,46091012,770872,54972
1448,45352142,46110598,758456,47583
1449,45380142,46120466,740324,19594
1450,45389871,46202052,812181,135851
1451,45444140,46230805,786665,60752
1452,45476142,46250396,774254,57319
1453,45513873,46272659,758786,43719
1454,45535332,46282570,747238,66715
1455,45592140,46292456,700316,43612
1456,45625870,46304323,678453,38407
1457,45652414,46314186,661772,36096
1458,45678651,46360498,681847,103797
1459,45736140,46370326,634186,49218
1460,45775533,46390277,614744,40988
1461,45796574,46410200,613626,40027
1462,45816681,46421902,605221,61966
1463,45866947,46437915,570968,56761
1464,45907698,46474353,566655,66325
1465,45937589,46504196,566607,49683
1466,45957433,46534056,576623,80122
1467,46007699,46558438,550739,64836
1468,46048157,46592898,544741,61824
1469,46075524,46622916,547392,54632
1470,46100142,46652755,552613,85834
1471,46156140,46678848,522708,51818
1472,46181869,46708386,526517,61017
1473,46213351,46738225,524874,52635
1474,46236149,46768144,531995,85906
1475,46292140,46799112,506972,62553
1476,46323729,46829146,505417,47100
1477,46340798,46859032,518234,39579
1478,46350495,46888945,538450,87555
1479,46408140,46923563,515423,68345
1480,46441871,46953582,511711,45436
1481,46457291,46983424,526133,39540
1482,46466991,47013422,546431,75144
1483,46512140,47044775,532635,59444
1484,46540234,47074721,534487,47167
1485,46557459,47104595,547136,39571
1486,46567159,47134558,567399,74940
1487,46612140,47166550,554410,60443
1488,46640595,47186426,545831,37026
1489,46657748,47224889,567141,48157
1490,46667445,47254904,587459,74706
1491,46712140,47287556,575416,76650
1492,46756142,47315443,559301,54433
1493,46782691,47345418,562727,41106
1494,46793826,47375214,581388,88107
1495,46852140,47401133,548993,59646
1496,46885870,47426713,540843,53713
1497,46914007,47456665,542658,39650
1498,46923708,47486490,562782,86253
1499,46980140,47522763,542623,76271
1500,47020142,47561117,540975,61735
1501,47043526,47570991,527465,19601
1502,47053257,47609203,555946,97091
1503,47112140,47656527,544387,81043
1504,47145863,47688687,542824,59644
1505,47173351,47718555,545204,39564
1506,47183050,47748586,565536,91117
1507,47244140,47784018,539878,69158
1508,47277870,47803902,526032,39616
1509,47297605,47833789,536184,39583
1510,47307305,47863780,556475,74822
1511,47352140,47906586,554446,71401
1512,47380737,47936566,555829,47119
1513,47397879,47966461,568582,39592
1514,47407580,48003664,596084,81760
1515,47452140,48046017,593877,71295
1516,47481085,48079919,598834,51098
1517,47498284,48103880,605596,33659
1518,47507985,48169782,661797,110082
1519,47552169,48203688,651519,63173
1520,47581439,48232223,650784,45611
1521,47598524,48294035,695511,71538
1522,47608262,48303894,695632,53733
1523,47652140,48356074,703934,80178
1524,47680142,48375950,695808,59873
1525,47720142,48405199,685057,38972
1526,47729868,48415057,685189,68126
1527,47788140,48437135,648995,54076
1528,47820157,48494970,674813,91547
1529,47853872,48528897,675025,43624
1530,47863571,48538729,675158,66398
1531,47920140,48560956,640816,55952
1532,47953869,48586842,632973,63583
1533,47991569,48609806,618237,35063
1534,48003672,48643712,640040,43632
1535,48013401,48702071,688670,78138
1536,48033183,48735957,702774,84841
1537,48084142,48769871,685729,65699
1538,48115930,48803729,687799,43582
1539,48125657,48860932,735275,99685
1540,48168142,48870836,702694,41900
1541,48200142,48890441,690299,39617
1542,48220157,48956357,736200,92414
1543,48246661,48990250,743589,79116
1544,48291889,49014706,722817,56425
1545,48323861,49034277,710416,61416
1546,48365710,49044120,678410,68269
1547,48424140,49104892,680752,90965
1548,48454335,49134722,680387,41677
1549,48466185,49155752,689567,30732
1550,48475890,49223302,747412,115796
1551,48524142,49244624,720482,51531
1552,48554354,49275562,721208,43084
1553,48566503,49295127,728624,29297
1554,48576238,49304967,728729,57738
1555,48624140,49397957,773817,115038
1556,48646191,49452233,806042,74790
1557,48666709,49471348,804639,28846
1558,48676444,49532168,855724,108513
1559,48724140,49542155,818015,40256
1560,48754413,49587988,833575,58645
1561,48767228,49617901,850673,39643
1562,48776961,49645661,868700,65529
1563,48814734,49655545,840811,44958
1564,48849812,49681427,831615,48210
1565,48872142,49691334,819192,33903
1566,48896142,49713279,817137,61940
1567,48936140,49735154,799014,61889
1568,48976157,49769073,792916,58810
1569,49001050,49802979,801929,56994
1570,49024142,49836852,812710,73867
1571,49064140,49846759,782619,29905
1572,49084142,49880686,796544,57924
1573,49108142,49914486,806344,65797
1574,49140142,49948419,808277,89927
1575,49196140,49982276,786136,65855
1576,49228142,49992088,763946,41180
1577,49259513,50025976,766463,58513
1578,49284142,50066107,781965,96126
1579,49340155,50075970,735815,41846
1580,49372142,50101859,729717,42576
1581,49388832,50111721,722889,19559
1582,49398532,50137569,739037,71453
1583,49444140,50171434,727294,53863
1584,49464142,50181371,717229,34696
1585,49488905,50191191,702286,19517
1586,49498604,50203072,704468,57413
1587,49544140,50212951,668811,29877
1588,49564142,50222658,658516,49935
1589,49604373,50232388,628015,33495
1590,49628142,50242082,613940,81688
1591,49700140,50251748,551608,43406
1592,49733882,50261459,527577,38114
1593,49762288,50271146,508858,19384
1594,49771989,50280771,508782,65773
1595,49828140,50290364,462224,49591
1596,49868142,50299811,431669,33202
1597,49891900,50309252,417352,19170
1598,49901631,50318641,417010,67895
1599,49960140,50328090,367950,43175
1600,49993869,50337490,343621,30023
1601,50014495,50346905,332410,19143
1602,50024225,50356305,332080,65312
