it,start,end,latency,sol
1,0,51740,51740,1
2,15209,72439,57230,1
3,26631,93322,66691,1
4,37711,113786,76075,1
5,49135,134258,85123,1
6,60346,154749,94403,1
7,71488,175203,103715,1
8,82883,195645,112762,1
9,94029,216086,122057,1
10,105085,236499,131414,1
11,115245,256678,141433,1
12,126268,276902,150634,1
13,136460,297131,160671,1
14,147520,317321,169801,1
15,165012,337449,172437,1
16,185452,357620,172168,1
17,205906,377817,171911,1
18,226273,397935,171662,1
19,246465,418108,171643,1
20,266674,438274,171600,1
21,286886,458481,171595,1
22,307094,478698,171604,1
23,327249,498870,171621,1
24,347403,519102,171699,1
25,367601,539318,171717,1
26,387728,559441,171713,1
27,407892,579613,171721,1
28,428073,600067,171994,1
29,448305,620566,172261,1
30,468469,641059,172590,1
31,488665,661539,172874,1
32,508931,681980,173049,1
33,529125,702411,173286,1
34,549278,722871,173593,1
35,569402,743060,173658,1
36,589645,763275,173630,1
37,610305,783444,173139,1
38,630797,803590,172793,1
39,651304,823806,172502,1
40,671775,844035,172260,1
41,692260,864259,171999,1
42,712683,884436,171753,1
43,732890,904633,171743,1
44,753098,924775,171677,1
45,773264,944955,171691,1
46,793430,965127,171697,1
47,813652,985329,171677,1
48,833850,1005448,171598,1
49,854045,1025631,171586,1
50,874222,1045801,171579,1
51,894446,1065963,171517,1
52,914569,1086146,171577,1
53,934734,1106313,171579,1
54,954916,1126465,171549,1
55,975137,1146732,171595,1
56,995260,1166911,171651,1
57,1015429,1187191,171762,1
58,1035581,1207756,172175,1
59,1055765,1228011,172246,1
60,1075931,1248447,172516,1
61,1096144,1268920,172776,1
62,1116297,1289425,173128,1
63,1136547,1309910,173363,1
64,1156733,1330349,173616,1
65,1176987,1350602,173615,1
66,1197248,1370885,173637,1
67,1217772,1391197,173425,1
68,1238227,1411478,173251,1
69,1258681,1431913,173232,1
70,1279213,1452220,173007,1
71,1299685,1472336,172651,1
72,1320163,1492467,172304,1
73,1340436,1512718,172282,1
74,1360695,1532889,172194,1
75,1381032,1553017,171985,1
76,1401290,1573146,171856,1
77,1421725,1593328,171603,1
78,1442011,1613544,171533,1
79,1462161,1633745,171584,1
80,1482326,1653983,171657,1
81,1502499,1674171,171672,1
82,1522677,1694351,171674,1
83,1542809,1714451,171642,1
84,1563004,1734579,171575,1
85,1583156,1754785,171629,1
86,1603326,1774934,171608,1
87,1623481,1795040,171559,1
88,1643780,1815908,172128,1
89,1663972,1836452,172480,1
90,1684143,1856858,172715,1
91,1704310,1877096,172786,1
92,1724435,1897379,172944,1
93,1744600,1917642,173042,1
94,1764754,1937873,173119,1
95,1784885,1957984,173099,1
96,1805690,1978165,172475,1
97,1826172,1998321,172149,1
98,1846577,2018433,171856,1
99,1866946,2038586,171640,1
100,1887184,2058735,171551,1
101,1907464,2078917,171453,1
102,1927693,2099035,171342,1
103,1947830,2119179,171349,1
104,1967967,2139428,171461,1
105,1988123,2159585,171462,1
106,2008290,2179743,171453,1
107,2028426,2199913,171487,1
108,2048582,2220103,171521,1
109,2068731,2240228,171497,1
110,2088855,2260318,171463,1
111,2109050,2280474,171424,1
112,2129260,2300615,171355,1
113,2149416,2320760,171344,1
114,2169583,2340879,171296,1
115,2189763,2361042,171279,1
116,2209915,2381185,171270,1
117,2230040,2401578,171538,1
118,2250187,2422029,171842,1
119,2270290,2442392,172102,1
120,2290415,2462696,172281,1
121,2310554,2482944,172390,1
122,2330721,2503285,172564,1
123,2350847,2523705,172858,1
124,2370970,2544307,173337,1
125,2391124,2564421,173297,1
126,2411733,2584570,172837,1
127,2432210,2604743,172533,1
128,2452499,2624844,172345,1
129,2472782,2645038,172256,1
130,2493096,2665241,172145,1
131,2513380,2685328,171948,1
132,2534112,2705482,171370,1
133,2554260,2725612,171352,1
134,2574384,2745745,171361,1
135,2594536,2765850,171314,1
136,2614669,2786003,171334,1
137,2634829,2806110,171281,1
138,2655010,2826257,171247,1
139,2675148,2846451,171303,1
140,2695314,2866548,171234,1
141,2715450,2886688,171238,1
142,2735565,2906929,171364,1
143,2755687,2927069,171382,1
144,2775811,2947192,171381,1
145,2795963,2967375,171412,1
146,2816105,2987564,171459,1
147,2836269,3007855,171586,1
148,2856395,3028213,171818,1
149,2876545,3048685,172140,1
150,2896739,3069095,172356,1
151,2916890,3089507,172617,1
152,2937043,3109854,172811,1
153,2957206,3130304,173098,1
154,2977370,3150444,173074,1
155,2997523,3170592,173069,1
156,3017911,3190780,172869,1
157,3038428,3210941,172513,1
158,3058891,3231140,172249,1
159,3079323,3251235,171912,1
160,3099717,3271390,171673,1
161,3120112,3291522,171410,1
162,3140246,3311671,171425,1
163,3160439,3331842,171403,1
164,3180618,3351958,171340,1
165,3200773,3372130,171357,1
166,3220950,3392296,171346,1
167,3241091,3412507,171416,1
168,3261239,3432596,171357,1
169,3281393,3452740,171347,1
170,3301504,3472866,171362,1
171,3321682,3492992,171310,1
172,3341822,3513212,171390,1
173,3361945,3533494,171549,1
174,3382127,3553604,171477,1
175,3402247,3573729,171482,1
176,3422435,3593904,171469,1
177,3442572,3614172,171600,1
178,3462680,3634626,171946,1
179,3482831,3655030,172199,1
180,3503001,3675369,172368,1
181,3523240,3695666,172426,1
182,3543424,3715929,172505,1
183,3563561,3736164,172603,1
184,3583725,3756291,172566,1
185,3603887,3776404,172517,1
186,3624386,3796628,172242,1
187,3644827,3816770,171943,1
188,3665187,3836895,171708,1
189,3685477,3856983,171506,1
190,3705766,3877134,171368,1
191,3726001,3897307,171306,1
192,3746125,3917422,171297,1
193,3766223,3937549,171326,1
194,3786468,3957634,171166,1
195,3806592,3977803,171211,1
196,3826702,3997954,171252,1
197,3846818,4018090,171272,1
198,3866977,4038202,171225,1
199,3887099,4058401,171302,1
200,3907235,4078556,171321,1
201,3927362,4098708,171346,1
202,3947486,4118866,171380,1
203,3967622,4139018,171396,1
204,3987758,4159370,171612,1
205,4007895,4179413,171518,1
206,4028047,4199535,171488,1
207,4048202,4220169,171967,1
208,4068368,4240771,172403,1
209,4088521,4261153,172632,1
210,4108705,4281456,172751,1
211,4128856,4301743,172887,1
212,4148995,4321995,173000,1
213,4169248,4342159,172911,1
214,4189400,4362314,172914,1
215,4209909,4382471,172562,1
216,4230458,4402607,172149,1
217,4250865,4422807,171942,1
218,4271212,4442988,171776,1
219,4291525,4463118,171593,1
220,4311810,4483263,171453,1
221,4331967,4503499,171532,1
222,4352156,4523786,171630,1
223,4372298,4544155,171857,1
224,4392430,4564335,171905,1
225,4412623,4584493,171870,1
226,4432825,4604633,171808,1
227,4452940,4624820,171880,1
228,4473103,4644949,171846,1
229,4493254,4665133,171879,1
230,4513565,4685257,171692,1
231,4533916,4705369,171453,1
232,4554146,4725480,171334,1
233,4574300,4745660,171360,1
234,4594424,4765742,171318,1
235,4614589,4785884,171295,1
236,4634798,4806051,171253,1
237,4654921,4826379,171458,1
238,4675058,4846699,171641,1
239,4695167,4866836,171669,1
240,4715332,4886969,171637,1
241,4735467,4907160,171693,1
242,4755582,4927297,171715,1
243,4775717,4947413,171696,1
244,4795842,4967585,171743,1
245,4816126,4987730,171604,1
246,4836470,5008025,171555,1
247,4856693,5028582,171889,1
248,4876830,5049218,172388,1
249,4896967,5069636,172669,1
250,4917118,5090076,172958,1
251,4937271,5110480,173209,1
252,4957435,5130855,173420,1
253,4977586,5151178,173592,1
254,4997755,5171452,173697,1
255,5018191,5191560,173369,1
256,5192484,5280118,87634,1
257,5202407,5321209,118802,1
258,5213806,5361969,148163,1
259,5225268,5402694,177426,1
260,5236383,5443743,207360,1
261,5247468,5484055,236587,1
262,5258619,5524443,265824,1
263,5269735,5564612,294877,1
264,5280949,5604753,323804,1
265,5292003,5645114,353111,1
266,5302218,5685323,383105,1
267,5313389,5725479,412090,1
268,5323697,5765622,441925,1
269,5334731,5805740,471009,1
270,5372294,5845888,473594,1
271,5413371,5886025,472654,1
272,5453974,5926165,472191,1
273,5494222,5966364,472142,1
274,5534624,6006545,471921,1
275,5574757,6047220,472463,1
276,5614932,6087473,472541,1
277,5655249,6127803,472554,1
278,5695488,6168019,472531,1
279,5735627,6208208,472581,1
280,5775763,6248369,472606,1
281,5815883,6288488,472605,1
282,5856051,6328769,472718,1
283,5896246,6368925,472679,1
284,5936377,6409106,472729,1
285,5976567,6449200,472633,1
286,6016953,6489450,472497,1
287,6057426,6529882,472456,1
288,6097670,6570057,472387,1
289,6138010,6610424,472414,1
290,6178171,6651033,472862,1
291,6218361,6691323,472962,1
292,6258508,6731659,473151,1
293,6298660,6771782,473122,1
294,6338910,6811985,473075,1
295,6379103,6852129,473026,1
296,6419247,6892287,473040,1
297,6459375,6932399,473024,1
298,6499622,6972553,472931,1
299,6540107,7012763,472656,1
300,6580263,7052943,472680,1
301,6620669,7093080,472411,1
302,6661255,7133217,471962,1
303,6701544,7173395,471851,1
304,6741830,7213613,471783,1
305,6782001,7254120,472119,1
306,6822157,7294403,472246,1
307,6862304,7334710,472406,1
308,6902436,7374857,472421,1
309,6942574,7415087,472513,1
310,6982809,7455260,472451,1
311,7022920,7495380,472460,1
312,7063092,7535688,472596,1
313,7103253,7575848,472595,1
314,7143383,7616088,472705,1
315,7183588,7656297,472709,1
316,7223964,7696464,472500,1
317,7264315,7736600,472285,1
318,7304630,7776703,472073,1
319,7344928,7817042,472114,1
320,7385107,7857680,472573,1
321,7425305,7897923,472618,1
322,7465441,7938095,472654,1
323,7505573,7978247,472674,1
324,7545887,8018422,472535,1
325,7586078,8058580,472502,1
326,7626253,8098712,472459,1
327,7666449,8138895,472446,1
328,7706629,8179062,472433,1
329,7746743,8219272,472529,1
330,7786920,8259382,472462,1
331,7827435,8299568,472133,1
332,7867836,8339816,471980,1
333,7908061,8380110,472049,1
334,7948304,8420444,472140,1
335,7988462,8460961,472499,1
336,8028610,8501222,472612,1
337,8068769,8541627,472858,1
338,8108932,8581929,472997,1
339,8149103,8622248,473145,1
340,8189271,8662429,473158,1
341,8229448,8702627,473179,1
342,8269583,8742789,473206,1
343,8309831,8782994,473163,1
344,8350026,8823194,473168,1
345,8390287,8863356,473069,1
346,8430729,8903501,472772,1
347,8471111,8943692,472581,1
348,8511415,8983862,472447,1
349,8551783,9024575,472792,1
350,8592115,9064950,472835,1
351,8632472,9105211,472739,1
352,8672649,9145432,472783,1
353,8712828,9185593,472765,1
354,8752992,9225756,472764,1
355,8793200,9266122,472922,1
356,8833390,9306512,473122,1
357,8873545,9346810,473265,1
358,8913704,9387135,473431,1
359,8953898,9427422,473524,1
360,8994061,9467623,473562,1
361,9034801,9507771,472970,1
362,9075094,9548052,472958,1
363,9115391,9588269,472878,1
364,9155588,9629075,473487,1
365,9195742,9669456,473714,1
366,9236016,9709767,473751,1
367,9276372,9749877,473505,1
368,9316720,9790083,473363,1
369,9357014,9830293,473279,1
370,9397323,9870500,473177,1
371,9437666,9910661,472995,1
372,9477797,9950847,473050,1
373,9517964,9991029,473065,1
374,9558237,10032178,473941,1
375,9598487,10073450,474963,1
376,9639339,10114174,474835,1
377,9679630,10155211,475581,1
378,9719903,10196217,476314,1
379,9760057,10237623,477566,1
380,9800283,10278253,477970,1
381,9840502,10318844,478342,1
382,9880694,10359570,478876,1
383,9920854,10399992,479138,1
384,9961051,10440247,479196,1
385,10001270,10480456,479186,1
386,10042686,10520642,477956,1
387,10521204,10567647,46443,1
388,10531337,10588285,56948,1
389,10542666,10608686,66020,1
390,10553997,10629055,75058,1
391,10565202,10649558,84356,1
392,10576260,10669962,93702,1
393,10587402,10690402,103000,1
394,10598361,10710827,112466,1
395,10609471,10731270,121799,1
396,10620420,10751391,130971,1
397,10630578,10771523,140945,1
398,10641633,10791626,149993,1
399,10651791,10811858,160067,1
400,10662812,10832629,169817,1
401,10680238,10852901,172663,1
402,10700645,10873054,172409,1
403,10721084,10893185,172101,1
404,10741236,10913321,172085,1
405,10761372,10933456,172084,1
406,10781514,10953606,172092,1
407,10801661,10973731,172070,1
408,10822418,10993930,171512,1
409,10842723,11014027,171304,1
410,10862870,11034174,171304,1
411,10882994,11054356,171362,1
412,10903118,11074481,171363,1
413,10923309,11094624,171315,1
414,10943417,11114817,171400,1
415,10963540,11134974,171434,1
416,10983757,11155183,171426,1
417,11003888,11175435,171547,1
418,11023984,11195696,171712,1
419,11044168,11215859,171691,1
420,11064321,11235984,171663,1
421,11084472,11256160,171688,1
422,11104640,11276306,171666,1
423,11124776,11296445,171669,1
424,11144943,11316607,171664,1
425,11165211,11336751,171540,1
426,11185512,11356867,171355,1
427,11205666,11377003,171337,1
428,11225820,11397166,171346,1
429,11245970,11417347,171377,1
430,11266123,11437492,171369,1
431,11286244,11457604,171360,1
432,11306437,11477718,171281,1
433,11326573,11497861,171288,1
434,11346697,11517993,171296,1
435,11366805,11538145,171340,1
436,11386996,11558291,171295,1
437,11407168,11578484,171316,1
438,11427306,11598638,171332,1
439,11447431,11618811,171380,1
440,11467566,11638966,171400,1
441,11487690,11659160,171470,1
442,11507814,11679296,171482,1
443,11527950,11699420,171470,1
444,11548122,11719593,171471,1
445,11568286,11739773,171487,1
446,11588467,11759921,171454,1
447,11608677,11780059,171382,1
448,11628812,11800287,171475,1
449,11648966,11820438,171472,1
450,11669117,11840529,171412,1
451,11689257,11860688,171431,1
452,11709436,11880840,171404,1
453,11729589,11900960,171371,1
454,11749741,11921111,171370,1
455,11769892,11941232,171340,1
456,11790087,11961335,171248,1
457,11810238,11981508,171270,1
458,11830364,12001640,171276,1
459,11850528,12021755,171227,1
460,11870651,12041938,171287,1
461,11890775,12062050,171275,1
462,11910911,12082183,171272,1
463,11931078,12102341,171263,1
464,11951167,12122546,171379,1
465,11971311,12142720,171409,1
466,11991451,12162918,171467,1
467,12011603,12183062,171459,1
468,12031740,12203265,171525,1
469,12051878,12223412,171534,1
470,12072014,12243526,171512,1
471,12092182,12263671,171489,1
472,12112362,12283855,171493,1
473,12132515,12304123,171608,1
474,12152752,12324301,171549,1
475,12172917,12344531,171614,1
476,12193069,12364632,171563,1
477,12213223,12384748,171525,1
478,12233377,12404882,171505,1
479,12253530,12425018,171488,1
480,12273693,12445164,171471,1
481,12293846,12465370,171524,1
482,12314148,12485469,171321,1
483,12334337,12505755,171418,1
484,12354461,12525963,171502,1
485,12374570,12546185,171615,1
486,12394707,12566328,171621,1
487,12414845,12586554,171709,1
488,12434992,12606768,171776,1
489,12455184,12626971,171787,1
490,12475323,12647127,171804,1
491,12495460,12667275,171815,1
492,12515718,12687440,171722,1
493,12535989,12707617,171628,1
494,12556177,12727779,171602,1
495,12576340,12747940,171600,1
496,12596522,12768059,171537,1
497,12616808,12788188,171380,1
498,12636974,12808311,171337,1
499,12657098,12828480,171382,1
500,12677262,12848673,171411,1
501,12697430,12868784,171354,1
502,12717610,12888915,171305,1
503,12737774,12909068,171294,1
504,12757900,12929198,171298,1
505,12778026,12949313,171287,1
506,12798147,12969463,171316,1
507,12818300,12989593,171293,1
508,12838480,13009701,171221,1
509,12858631,13029829,171198,1
510,12878739,13049959,171220,1
511,12898847,13070075,171228,1
512,12919001,13090209,171208,1
513,12939166,13110380,171214,1
514,12959302,13130564,171262,1
515,12979397,13150777,171380,1
516,12999506,13170898,171392,1
517,13019657,13191059,171402,1
518,13039764,13211208,171444,1
519,13059890,13231387,171497,1
520,13080015,13251526,171511,1
521,13100200,13271647,171447,1
522,13120380,13291837,171457,1
523,13140599,13312021,171422,1
524,13160767,13332256,171489,1
525,13180891,13352367,171476,1
526,13201040,13372495,171455,1
527,13221206,13392665,171459,1
528,13241359,13412769,171410,1
529,13261495,13433014,171519,1
530,13281647,13453150,171503,1
531,13301799,13473273,171474,1
532,13322052,13493379,171327,1
533,13342185,13513542,171357,1
534,13362295,13533711,171416,1
535,13382432,13553831,171399,1
536,13402598,13573949,171351,1
537,13422796,13594157,171361,1
538,13442949,13614321,171372,1
539,13463086,13634549,171463,1
540,13483239,13654758,171519,1
541,13503346,13674956,171610,1
542,13523483,13695098,171615,1
543,13543637,13715242,171605,1
544,13563789,13735381,171592,1
545,13583940,13755545,171605,1
546,13604116,13775704,171588,1
547,13624329,13795862,171533,1
548,13644607,13815968,171361,1
549,13664760,13836151,171391,1
550,13684924,13856305,171381,1
551,13705062,13876435,171373,1
552,13725228,13896571,171343,1
553,13745378,13916707,171329,1
554,13765515,13936831,171316,1
555,13785696,13956958,171262,1
556,13805832,13977100,171268,1
557,13825969,13997262,171293,1
558,13846121,14017389,171268,1
559,13866270,14037507,171237,1
560,13886393,14057655,171262,1
561,13906503,14077795,171292,1
562,13926641,14097929,171288,1
563,13946792,14118099,171307,1
564,13966915,14138269,171354,1
565,13987067,14158424,171357,1
566,14007203,14178539,171336,1
567,14027353,14198771,171418,1
568,14047478,14218952,171474,1
569,14067615,14239132,171517,1
570,14087751,14259337,171586,1
571,14107946,14279513,171567,1
572,14128083,14299707,171624,1
573,14148238,14319934,171696,1
574,14168390,14340048,171658,1
575,14188612,14360287,171675,1
576,14208779,14380410,171631,1
577,14228922,14400690,171768,1
578,14249186,14420807,171621,1
579,14269373,14440939,171566,1
580,14289530,14461084,171554,1
581,14309720,14481226,171506,1
582,14329904,14501363,171459,1
583,14350072,14521528,171456,1
584,14370221,14541631,171410,1
585,14390361,14561874,171513,1
586,14410614,14582048,171434,1
587,14430769,14602210,171441,1
588,14450878,14622478,171600,1
589,14471031,14642639,171608,1
590,14491195,14662838,171643,1
591,14511330,14683037,171707,1
592,14531458,14703153,171695,1
593,14551624,14723305,171681,1
594,14571873,14743442,171569,1
595,14592044,14763655,171611,1
596,14612287,14783829,171542,1
597,14632442,14803955,171513,1
598,14652635,14824083,171448,1
599,14672848,14844262,171414,1
600,14693000,14864367,171367,1
601,14713154,14884506,171352,1
602,14733293,14904662,171369,1
603,14753457,14924805,171348,1
604,14773652,14944956,171304,1
605,14793817,14965071,171254,1
606,14813953,14985263,171310,1
607,14834078,15005385,171307,1
608,14854199,15025489,171290,1
609,14874351,15045625,171274,1
610,14894472,15065749,171277,1
611,14914625,15085893,171268,1
612,14934760,15106036,171276,1
613,14954912,15126159,171247,1
614,14975065,15146355,171290,1
615,14995203,15166581,171378,1
616,15015312,15186674,171362,1
617,15035477,15206849,171372,1
618,15055576,15227026,171450,1
619,15075712,15247172,171460,1
620,15095837,15267283,171446,1
621,15116016,15287420,171404,1
622,15136185,15307589,171404,1
623,15156433,15327769,171336,1
624,15176537,15347894,171357,1
625,15196696,15368056,171360,1
626,15216847,15388236,171389,1
627,15237000,15408347,171347,1
628,15257137,15428496,171359,1
629,15277274,15448641,171367,1
630,15297411,15468756,171345,1
631,15317605,15488920,171315,1
632,15337730,15509071,171341,1
633,15357892,15529223,171331,1
634,15378044,15549345,171301,1
635,15398167,15569473,171306,1
636,15418335,15589595,171260,1
637,15438459,15609771,171312,1
638,15458583,15629873,171290,1
639,15478721,15649990,171269,1
640,15498884,15670081,171197,1
641,15519036,15690254,171218,1
642,15539160,15710467,171307,1
643,15559283,15730578,171295,1
644,15579436,15750731,171295,1
645,15599560,15770911,171351,1
646,15619711,15791096,171385,1
647,15639819,15811219,171400,1
648,15659944,15831374,171430,1
649,15680083,15851527,171444,1
650,15700253,15871633,171380,1
651,15720435,15891776,171341,1
652,15740570,15911978,171408,1
653,15760723,15932164,171441,1
654,15780874,15952308,171434,1
655,15801057,15972422,171365,1
656,15821210,15992569,171359,1
657,15841362,16012694,171332,1
658,15861474,16032832,171358,1
659,15881641,16052966,171325,1
660,15901792,16073118,171326,1
661,15921973,16093253,171280,1
662,15942125,16113406,171281,1
663,15962259,16133542,171283,1
664,15982384,16153726,171342,1
665,16002508,16173916,171408,1
666,16022632,16194142,171510,1
667,16042796,16214279,171483,1
668,16062932,16234490,171558,1
669,16083056,16254606,171550,1
670,16103179,16274758,171579,1
671,16123372,16294894,171522,1
672,16143537,16315055,171518,1
673,16163737,16335238,171501,1
674,16183958,16355368,171410,1
675,16204129,16375501,171372,1
676,16224319,16395685,171366,1
677,16244435,16415839,171404,1
678,16264598,16435998,171400,1
679,16284751,16456169,171418,1
680,16304887,16476305,171418,1
681,16325025,16496409,171384,1
682,16345210,16516576,171366,1
683,16365363,16536737,171374,1
684,16385513,16556829,171316,1
685,16405651,16576927,171276,1
686,16425804,16597192,171388,1
687,16445988,16617349,171361,1
688,16466125,16637543,171418,1
689,16486232,16657669,171437,1
690,16506396,16677776,171380,1
691,16526533,16697933,171400,1
692,16546642,16718083,171441,1
693,16566757,16738209,171452,1
694,16587018,16758366,171348,1
695,16607168,16778522,171354,1
696,16627348,16798695,171347,1
697,16647472,16818824,171352,1
698,16667624,16838977,171353,1
699,16687733,16859133,171400,1
700,16707870,16879275,171405,1
701,16728023,16899384,171361,1
702,16748206,16919574,171368,1
703,16768346,16939755,171409,1
704,16788528,16959915,171387,1
705,16808665,16980027,171362,1
706,16828815,17000237,171422,1
707,16848968,17020365,171397,1
708,16869092,17040495,171403,1
709,16889230,17060589,171359,1
710,16909382,17080794,171412,1
711,16929563,17100877,171314,1
712,16949719,17121013,171294,1
713,16969883,17141223,171340,1
714,16990048,17161526,171478,1
715,17010170,17181745,171575,1
716,17030306,17202070,171764,1
717,17050448,17222314,171866,1
718,17070597,17242489,171892,1
719,17090719,17262643,171924,1
720,17110835,17282782,171947,1
721,17130998,17302922,171924,1
722,17151266,17323122,171856,1
723,17171514,17343268,171754,1
724,17191808,17363371,171563,1
725,17212077,17383543,171466,1
726,17232308,17403807,171499,1
727,17252459,17424000,171541,1
728,17272611,17444128,171517,1
729,17292781,17464295,171514,1
730,17312932,17484421,171489,1
731,17333083,17504534,171451,1
732,17353228,17524710,171482,1
733,17373389,17544903,171514,1
734,17393625,17565084,171459,1
735,17413782,17585219,171437,1
736,17433964,17605410,171446,1
737,17454117,17625605,171488,1
738,17474222,17645878,171656,1
739,17494361,17665992,171631,1
740,17514568,17686098,171530,1
741,17534737,17706264,171527,1
742,17554887,17726448,171561,1
743,17575010,17746605,171595,1
744,17595236,17766741,171505,1
745,17615378,17786897,171519,1
746,17635628,17807031,171403,1
747,17655815,17827188,171373,1
748,17675952,17847354,171402,1
749,17696106,17867518,171412,1
750,17716276,17887656,171380,1
751,17736439,17907759,171320,1
752,17756604,17927947,171343,1
753,17776728,17948118,171390,1
754,17796853,17968254,171401,1
755,17817019,17988375,171356,1
756,17837183,18008516,171333,1
757,17857336,18028628,171292,1
758,17877466,18048752,171286,1
759,17897617,18068915,171298,1
760,17917780,18089054,171274,1
761,17937936,18109177,171241,1
762,17958087,18129356,171269,1
763,17978208,18149534,171326,1
764,17998316,18169687,171371,1
765,18018454,18189849,171395,1
766,18038583,18209960,171377,1
767,18058756,18230096,171340,1
768,18078865,18250245,171380,1
769,18098990,18270403,171413,1
770,18119140,18290531,171391,1
771,18139377,18310687,171310,1
772,18159499,18330944,171445,1
773,18179624,18351086,171462,1
774,18199776,18371194,171418,1
775,18219929,18391315,171386,1
776,18240053,18411533,171480,1
777,18260209,18431727,171518,1
778,18280364,18451877,171513,1
779,18300526,18472031,171505,1
780,18320768,18492268,171500,1
781,18340905,18512365,171460,1
782,18361058,18532500,171442,1
783,18381182,18552694,171512,1
784,18401346,18572815,171469,1
785,18421561,18592921,171360,1
786,18441696,18613141,171445,1
787,18461862,18633310,171448,1
788,18482069,18653510,171441,1
789,18502163,18673648,171485,1
790,18522355,18693784,171429,1
791,18542494,18713965,171471,1
792,18562633,18734098,171465,1
793,18582755,18754218,171463,1
794,18602903,18774346,171443,1
795,18623130,18794579,171449,1
796,18643312,18814715,171403,1
797,18663450,18834846,171396,1
798,18683616,18854979,171363,1
799,18703752,18875125,171373,1
800,18723904,18895297,171393,1
801,18744028,18915443,171415,1
802,18764201,18935636,171435,1
803,18784365,18955775,171410,1
804,18804547,18975966,171419,1
805,18824684,18996104,171420,1
806,18844836,19016237,171401,1
807,18864961,19036399,171438,1
808,18885125,19056522,171397,1
809,18905284,19076648,171364,1
810,18925472,19096797,171325,1
811,18945614,19116915,171301,1
812,18965779,19137052,171273,1
813,18985965,19157158,171193,1
814,19006077,19177365,171288,1
815,19026209,19197516,171307,1
816,19046334,19217630,171296,1
817,19066486,19237832,171346,1
818,19086609,19258104,171495,1
819,19106734,19278201,171467,1
820,19126858,19298338,171480,1
821,19147008,19318530,171522,1
822,19167183,19338696,171513,1
823,19187321,19358850,171529,1
824,19207444,19378964,171520,1
825,19227597,19399135,171538,1
826,19247883,19419367,171484,1
827,19268026,19439518,171492,1
828,19288196,19459683,171487,1
829,19308332,19479900,171568,1
830,19328498,19500088,171590,1
831,19348665,19520455,171790,1
832,19368819,19540730,171911,1
833,19388982,19560944,171962,1
834,19409194,19581060,171866,1
835,19429348,19601299,171951,1
836,19449515,19621576,172061,1
837,19469737,19641776,172039,1
838,19489887,19661906,172019,1
839,19510083,19682000,171917,1
840,19530596,19702144,171548,1
841,19550759,19722367,171608,1
842,19570871,19742504,171633,1
843,19591150,19762650,171500,1
844,19611382,19782823,171441,1
845,19631607,19803053,171446,1
846,19651716,19823206,171490,1
847,19671833,19843315,171482,1
848,19691993,19863451,171458,1
849,19712161,19883674,171513,1
850,19732326,19903836,171510,1
851,19752494,19923981,171487,1
852,19772644,19944165,171521,1
853,19792867,19964307,171440,1
854,19813020,19984441,171421,1
855,19833172,20004634,171462,1
856,19853309,20024801,171492,1
857,19873472,20044925,171453,1
858,19893638,20065059,171421,1
859,19913804,20085176,171372,1
860,19933969,20105367,171398,1
861,19954135,20125506,171371,1
862,19974242,20145663,171421,1
863,19994478,20165805,171327,1
864,20014601,20185963,171362,1
865,20034739,20206089,171350,1
866,20054861,20226214,171353,1
867,20075028,20246356,171328,1
868,20095191,20266537,171346,1
869,20115329,20286685,171356,1
870,20135453,20306784,171331,1
871,20155646,20326969,171323,1
872,20175771,20347187,171416,1
873,20195895,20367310,171415,1
874,20216018,20387435,171417,1
875,20236203,20407576,171373,1
876,20256353,20427737,171384,1
877,20276509,20447962,171453,1
878,20296646,20468069,171423,1
879,20316825,20488267,171442,1
880,20337023,20508364,171341,1
881,20357147,20528502,171355,1
882,20377272,20548653,171381,1
883,20397427,20568797,171370,1
884,20417569,20588914,171345,1
885,20437763,20609113,171350,1
886,20457932,20629319,171387,1
887,20478068,20649467,171399,1
888,20498204,20669834,171630,1
889,20518327,20690039,171712,1
890,20538492,20710152,171660,1
891,20558615,20730344,171729,1
892,20578712,20750532,171820,1
893,20598879,20770649,171770,1
894,20619117,20790831,171714,1
895,20639281,20810984,171703,1
896,20659571,20831127,171556,1
897,20679832,20851269,171437,1
898,20700002,20871426,171424,1
899,20720186,20891581,171395,1
900,20740351,20911722,171371,1
901,20760504,20931901,171397,1
902,20780667,20952034,171367,1
903,20800819,20972242,171423,1
904,20820956,20992336,171380,1
905,20841123,21012481,171358,1
906,20861289,21032630,171341,1
907,20881412,21052759,171347,1
908,20901550,21072877,171327,1
909,20921743,21093011,171268,1
910,20941884,21113144,171260,1
911,20962047,21133345,171298,1
912,20982161,21153475,171314,1
913,21002322,21173751,171429,1
914,21022446,21193945,171499,1
915,21042571,21214066,171495,1
916,21062694,21234193,171499,1
917,21082845,21254351,171506,1
918,21102968,21274526,171558,1
919,21123132,21294660,171528,1
920,21143286,21314785,171499,1
921,21163542,21334943,171401,1
922,21183767,21355100,171333,1
923,21203876,21375266,171390,1
924,21224001,21395409,171408,1
925,21244198,21415567,171369,1
926,21264350,21435819,171469,1
927,21284489,21456002,171513,1
928,21304627,21476161,171534,1
929,21324792,21496295,171503,1
930,21344929,21516473,171544,1
931,21365094,21536641,171547,1
932,21385232,21556737,171505,1
933,21405397,21576888,171491,1
934,21425622,21597046,171424,1
935,21445850,21617234,171384,1
936,21465999,21637461,171462,1
937,21486120,21657625,171505,1
938,21506258,21677759,171501,1
939,21526468,21697883,171415,1
940,21546603,21718032,171429,1
941,21566698,21738191,171493,1
942,21586875,21758334,171459,1
943,21607037,21778422,171385,1
944,21627226,21798606,171380,1
945,21647452,21818767,171315,1
946,21667589,21838898,171309,1
947,21687699,21859045,171346,1
948,21707849,21879205,171356,1
949,21728000,21899392,171392,1
950,21748158,21919532,171374,1
951,21768300,21939657,171357,1
952,21788477,21959838,171361,1
953,21808600,21980013,171413,1
954,21828728,22000205,171477,1
955,21848892,22020323,171431,1
956,21869044,22040467,171423,1
957,21889196,22060577,171381,1
958,21909333,22080696,171363,1
959,21929526,22100817,171291,1
960,21949681,22120992,171311,1
961,21969833,22141214,171381,1
962,21990013,22161351,171338,1
963,22010190,22181473,171283,1
964,22030287,22201710,171423,1
965,22050397,22221828,171431,1
966,22070506,22241967,171461,1
967,22090657,22262111,171454,1
968,22110782,22282320,171538,1
969,22131014,22302440,171426,1
970,22151152,22322616,171464,1
971,22171316,22342761,171445,1
972,22191526,22362914,171388,1
973,22211648,22383082,171434,1
974,22231784,22403220,171436,1
975,22251948,22423366,171418,1
976,22272106,22443577,171471,1
977,22292258,22463721,171463,1
978,22312409,22483815,171406,1
979,22332633,22503977,171344,1
980,22352757,22524187,171430,1
981,22372893,22544300,171407,1
982,22393075,22564395,171320,1
983,22413215,22584577,171362,1
984,22433382,22604807,171425,1
985,22453547,22624926,171379,1
986,22473673,22645128,171455,1
987,22493860,22665244,171384,1
988,22513991,22685368,171377,1
989,22534115,22705463,171348,1
990,22554257,22725656,171399,1
991,22574393,22745805,171412,1
992,22594580,22765920,171340,1
993,22614737,22785956,171219,1
994,22634915,22805891,170976,1
995,22655052,22825728,170676,1
996,22675176,22845632,170456,1
997,22695292,22865416,170124,1
998,22715464,22885214,169750,1
999,22735603,22905010,169407,1
1000,22755740,22924678,168938,1
